2.6953	-5.0757	-0.2258
2.6968	-5.0726	-0.22677
2.6968	-5.0731	-0.23056
2.6969	-5.0759	-0.22381
2.6972	-5.0745	-0.22508
2.6973	-5.0725	-0.23233
2.6976	-5.0705	-0.23366
2.6981	-5.0735	-0.22587
2.6982	-5.0724	-0.22867
2.6982	-5.0714	-0.23473
2.6984	-5.0729	-0.23351
2.6988	-5.0756	-0.22247
2.6988	-5.0682	-0.23572
2.6989	-5.0714	-0.2254
2.699	-5.074	-0.23455
2.6993	-5.072	-0.23102
2.6994	-5.074	-0.22381
2.6995	-5.0707	-0.23659
2.6995	-5.0691	-0.23675
2.6995	-5.0744	-0.23135
2.6996	-5.0729	-0.22717
2.6997	-5.0724	-0.23537
2.6998	-5.0741	-0.23303
2.6999	-5.0755	-0.23451
2.6999	-5.0732	-0.2288
2.7001	-5.0703	-0.22624
2.7001	-5.0744	-0.23627
2.7001	-5.0676	-0.23649
2.7001	-5.076	-0.23287
2.7003	-5.0657	-0.23782
2.7004	-5.0664	-0.23992
2.7004	-5.0743	-0.22983
2.7005	-5.0721	-0.22267
2.7006	-5.0706	-0.22463
2.7008	-5.0729	-0.23653
2.7008	-5.0711	-0.23729
2.7009	-5.0722	-0.22798
2.701	-5.0779	-0.23438
2.7012	-5.0754	-0.23578
2.7012	-5.0748	-0.2315
2.7012	-5.0746	-0.23802
2.7014	-5.0768	-0.23348
2.7015	-5.0732	-0.22685
2.7016	-5.0778	-0.23664
2.7017	-5.074	-0.24139
2.7017	-5.0752	-0.2283
2.7017	-5.0751	-0.22994
2.7017	-5.0733	-0.23988
2.7018	-5.0656	-0.24017
2.7019	-5.0673	-0.23783
2.7019	-5.075	-0.2262
2.702	-5.0714	-0.23848
2.702	-5.0751	-0.24025
2.7021	-5.0758	-0.23853
2.7022	-5.0733	-0.22477
2.7022	-5.0695	-0.23817
2.7022	-5.0757	-0.23696
2.7023	-5.0759	-0.23262
2.7023	-5.069	-0.2254
2.7023	-5.0651	-0.23816
2.7025	-5.0769	-0.23579
2.7027	-5.0779	-0.24381
2.7027	-5.07	-0.22176
2.7029	-5.0788	-0.23346
2.7029	-5.0789	-0.23129
2.703	-5.0772	-0.23363
2.703	-5.0755	-0.24143
2.703	-5.0635	-0.2395
2.703	-5.0732	-0.22329
2.703	-5.08	-0.23714
2.703	-5.0761	-0.24298
2.7031	-5.0732	-0.24115
2.7031	-5.0793	-0.2356
2.7031	-5.0694	-0.23942
2.7034	-5.0777	-0.22986
2.7034	-5.0775	-0.23203
2.7034	-5.0724	-0.22554
2.7034	-5.0755	-0.22796
2.7035	-5.0781	-0.23687
2.7036	-5.0785	-0.24549
2.7037	-5.0774	-0.2278
2.7037	-5.081	-0.23174
2.7038	-5.0792	-0.24003
2.7039	-5.0791	-0.2379
2.7039	-5.0736	-0.22443
2.7039	-5.0701	-0.22376
2.704	-5.0798	-0.21773
2.704	-5.0773	-0.24028
2.7041	-5.0792	-0.22821
2.7042	-5.0791	-0.22982
2.7042	-5.0747	-0.22543
2.7043	-5.0802	-0.23889
2.7043	-5.0612	-0.23504
2.7045	-5.0794	-0.232
2.7045	-5.0784	-0.24184
2.7045	-5.0636	-0.24024
2.7045	-5.0683	-0.22358
2.7046	-5.0806	-0.23673
2.7046	-5.0814	-0.2345
2.7046	-5.0771	-0.22902
2.7046	-5.075	-0.22709
2.7046	-5.0688	-0.22148
2.7047	-5.0784	-0.21808
2.7048	-5.0778	-0.22682
2.705	-5.0819	-0.23773
2.705	-5.0836	-0.22944
2.7051	-5.0803	-0.23034
2.7051	-5.0835	-0.23109
2.7051	-5.0776	-0.24308
2.7051	-5.0803	-0.22659
2.7052	-5.0611	-0.23287
2.7052	-5.0815	-0.23942
2.7053	-5.0827	-0.22689
2.7053	-5.0773	-0.24476
2.7053	-5.0796	-0.2418
2.7054	-5.0823	-0.23613
2.7054	-5.08	-0.22881
2.7055	-5.0727	-0.22364
2.7055	-5.0798	-0.21653
2.7056	-5.075	-0.21801
2.7056	-5.0735	-0.21765
2.7056	-5.0848	-0.23478
2.7056	-5.0704	-0.22283
2.7057	-5.0828	-0.2345
2.7057	-5.0822	-0.22914
2.7057	-5.0776	-0.24642
2.7057	-5.079	-0.22734
2.7057	-5.0828	-0.23233
2.7058	-5.0814	-0.22763
2.7059	-5.0752	-0.22236
2.7059	-5.0629	-0.24049
2.7059	-5.0744	-0.22407
2.706	-5.0675	-0.22074
2.706	-5.0818	-0.23086
2.706	-5.0738	-0.21984
2.706	-5.0644	-0.2398
2.7061	-5.0756	-0.22611
2.7061	-5.0861	-0.22825
2.7061	-5.0828	-0.23885
2.7061	-5.0793	-0.22575
2.7062	-5.0844	-0.23007
2.7062	-5.0843	-0.23224
2.7062	-5.0826	-0.24215
2.7063	-5.0765	-0.216
2.7063	-5.0857	-0.23372
2.7064	-5.0838	-0.23771
2.7065	-5.0738	-0.22553
2.7065	-5.0835	-0.22644
2.7066	-5.0839	-0.23393
2.7066	-5.0766	-0.21829
2.7066	-5.0598	-0.23627
2.7066	-5.0773	-0.226
2.7066	-5.0831	-0.23565
2.7067	-5.0815	-0.24016
2.7067	-5.0819	-0.22553
2.7067	-5.085	-0.23979
2.7068	-5.0832	-0.22812
2.7068	-5.0735	-0.22266
2.7068	-5.0611	-0.23164
2.7068	-5.0867	-0.23206
2.7069	-5.0743	-0.21699
2.707	-5.0778	-0.2173
2.707	-5.0623	-0.22964
2.707	-5.0802	-0.24468
2.707	-5.0749	-0.21931
2.707	-5.0831	-0.24056
2.707	-5.0824	-0.22393
2.7071	-5.0754	-0.22464
2.7071	-5.0665	-0.22263
2.7071	-5.085	-0.23122
2.7071	-5.0768	-0.2451
2.7072	-5.0836	-0.22488
2.7072	-5.0731	-0.22113
2.7072	-5.0864	-0.23053
2.7072	-5.0847	-0.23501
2.7072	-5.0773	-0.24776
2.7072	-5.0708	-0.22298
2.7073	-5.0806	-0.22414
2.7073	-5.0856	-0.22902
2.7074	-5.0716	-0.21913
2.7075	-5.0819	-0.24456
2.7075	-5.0751	-0.22311
2.7075	-5.0835	-0.23897
2.7075	-5.0597	-0.23304
2.7075	-5.0854	-0.22745
2.7076	-5.0818	-0.2424
2.7076	-5.0796	-0.24593
2.7076	-5.084	-0.24163
2.7076	-5.0842	-0.23677
2.7076	-5.0762	-0.24686
2.7077	-5.0851	-0.23341
2.7078	-5.0855	-0.23769
2.7078	-5.071	-0.22142
2.7078	-5.0665	-0.22098
2.7079	-5.0768	-0.22407
2.7079	-5.083	-0.21968
2.7079	-5.0776	-0.21966
2.7079	-5.0694	-0.22268
2.708	-5.0612	-0.23361
2.708	-5.0869	-0.22733
2.708	-5.076	-0.22092
2.7081	-5.0864	-0.2398
2.7081	-5.076	-0.21935
2.7081	-5.0781	-0.22289
2.7082	-5.0723	-0.21618
2.7082	-5.078	-0.22128
2.7083	-5.0699	-0.21944
2.7083	-5.0708	-0.21499
2.7083	-5.0617	-0.22841
2.7083	-5.0873	-0.23165
2.7083	-5.0811	-0.22259
2.7084	-5.0871	-0.2333
2.7084	-5.0735	-0.22209
2.7084	-5.0823	-0.24571
2.7084	-5.0811	-0.21993
2.7084	-5.0595	-0.23522
2.7084	-5.0838	-0.24502
2.7085	-5.0856	-0.23508
2.7085	-5.083	-0.24348
2.7085	-5.0792	-0.24718
2.7085	-5.058	-0.23539
2.7086	-5.0845	-0.22443
2.7086	-5.0851	-0.2438
2.7086	-5.0616	-0.24102
2.7086	-5.0769	-0.21811
2.7086	-5.0867	-0.23716
2.7086	-5.0798	-0.21678
2.7086	-5.0845	-0.239
2.7087	-5.063	-0.22586
2.7088	-5.0718	-0.22037
2.7088	-5.0799	-0.22117
2.7089	-5.0855	-0.22599
2.7089	-5.0855	-0.24164
2.709	-5.0841	-0.24234
2.709	-5.074	-0.21867
2.709	-5.064	-0.2303
2.709	-5.0762	-0.24813
2.709	-5.0866	-0.22859
2.709	-5.0881	-0.23006
2.709	-5.0801	-0.24604
2.709	-5.0709	-0.22372
2.7091	-5.0795	-0.22286
2.7091	-5.0635	-0.23195
2.7091	-5.0827	-0.21646
2.7091	-5.0653	-0.21972
2.7091	-5.0595	-0.23129
2.7092	-5.0865	-0.22484
2.7092	-5.0787	-0.21918
2.7093	-5.0885	-0.23165
2.7093	-5.0784	-0.21766
2.7093	-5.0854	-0.23251
2.7093	-5.0853	-0.23633
2.7093	-5.0839	-0.21815
2.7094	-5.0867	-0.23455
2.7094	-5.0607	-0.22873
2.7095	-5.0871	-0.2216
2.7095	-5.0827	-0.2226
2.7095	-5.0711	-0.2165
2.7095	-5.0649	-0.22123
2.7095	-5.0614	-0.22722
2.7096	-5.0876	-0.22588
2.7096	-5.0855	-0.22338
2.7096	-5.0855	-0.22177
2.7096	-5.0835	-0.21984
2.7097	-5.0867	-0.22707
2.7097	-5.0808	-0.24771
2.7097	-5.087	-0.23887
2.7098	-5.0852	-0.24289
2.7098	-5.0839	-0.22142
2.7099	-5.0604	-0.23355
2.7099	-5.0822	-0.24649
2.7099	-5.0809	-0.21851
2.7099	-5.0879	-0.22858
2.7099	-5.0859	-0.24013
2.7099	-5.0784	-0.24802
2.71	-5.0581	-0.23683
2.71	-5.0869	-0.23247
2.71	-5.0594	-0.23851
2.71	-5.0871	-0.21831
2.7101	-5.0875	-0.23619
2.7101	-5.0873	-0.22004
2.7102	-5.0788	-0.24961
2.7102	-5.0758	-0.2489
2.7102	-5.0697	-0.2158
2.7103	-5.0723	-0.21759
2.7103	-5.0587	-0.23519
2.7104	-5.0584	-0.23262
2.7104	-5.0868	-0.2239
2.7104	-5.0822	-0.21576
2.7105	-5.0868	-0.24173
2.7106	-5.0647	-0.22519
2.7106	-5.0846	-0.21931
2.7106	-5.0851	-0.24463
2.7106	-5.0639	-0.22207
2.7106	-5.0575	-0.23409
2.7106	-5.0845	-0.21742
2.7106	-5.0835	-0.24697
2.7107	-5.0884	-0.23078
2.7107	-5.0878	-0.22707
2.7108	-5.0892	-0.22854
2.7108	-5.0881	-0.2346
2.7108	-5.0624	-0.22403
2.7108	-5.0889	-0.22024
2.7109	-5.0871	-0.2223
2.7109	-5.088	-0.23299
2.7109	-5.0773	-0.24934
2.7109	-5.0887	-0.23671
2.711	-5.09	-0.22204
2.7111	-5.0627	-0.22852
2.7111	-5.08	-0.2496
2.7111	-5.0608	-0.22596
2.7111	-5.0681	-0.21559
2.7112	-5.0854	-0.24195
2.7112	-5.0897	-0.22694
2.7112	-5.0641	-0.22049
2.7112	-5.0869	-0.23804
2.7112	-5.0583	-0.23045
2.7113	-5.078	-0.21744
2.7114	-5.0693	-0.21671
2.7114	-5.0678	-0.2219
2.7114	-5.0574	-0.23556
2.7115	-5.0612	-0.23016
2.7115	-5.0604	-0.2411
2.7115	-5.0676	-0.22022
2.7115	-5.0677	-0.21845
2.7115	-5.0832	-0.24823
2.7116	-5.09	-0.23018
2.7116	-5.0901	-0.22531
2.7116	-5.0607	-0.23185
2.7116	-5.0787	-0.25038
2.7117	-5.0827	-0.21857
2.7117	-5.0861	-0.24467
2.7118	-5.0601	-0.23351
2.7118	-5.0808	-0.24854
2.7118	-5.0899	-0.22374
2.7119	-5.0641	-0.22677
2.7119	-5.0875	-0.23169
2.7119	-5.0744	-0.21815
2.712	-5.0903	-0.23289
2.712	-5.0876	-0.23589
2.7121	-5.0639	-0.22353
2.7122	-5.0824	-0.24947
2.7122	-5.0705	-0.2178
2.7122	-5.0574	-0.2329
2.7122	-5.0581	-0.23872
2.7122	-5.0901	-0.2281
2.7123	-5.0873	-0.21926
2.7123	-5.0857	-0.2194
2.7123	-5.0892	-0.23154
2.7124	-5.0572	-0.23704
2.7124	-5.0853	-0.24756
2.7124	-5.0626	-0.22997
2.7124	-5.0845	-0.21839
2.7125	-5.0595	-0.22624
2.7125	-5.0638	-0.22516
2.7125	-5.089	-0.22933
2.7125	-5.0614	-0.22379
2.7125	-5.0877	-0.22645
2.7125	-5.0809	-0.21548
2.7125	-5.0586	-0.22827
2.7125	-5.0878	-0.23864
2.7126	-5.0887	-0.23476
2.7126	-5.0577	-0.22975
2.7127	-5.0857	-0.24592
2.7127	-5.0891	-0.22223
2.7127	-5.0759	-0.21769
2.7127	-5.09	-0.23732
2.7127	-5.089	-0.22016
2.7127	-5.0822	-0.21664
2.7127	-5.0811	-0.21859
2.7127	-5.0659	-0.21524
2.7128	-5.0917	-0.22854
2.7128	-5.0884	-0.237
2.7128	-5.0686	-0.21759
2.7129	-5.0879	-0.22436
2.7129	-5.0796	-0.25046
2.7129	-5.0873	-0.24198
2.7129	-5.084	-0.2483
2.7129	-5.078	-0.25119
2.7129	-5.0567	-0.23434
2.7129	-5.0864	-0.24317
2.713	-5.0883	-0.23262
2.713	-5.0906	-0.23138
2.7131	-5.067	-0.21636
2.7131	-5.0623	-0.2186
2.7131	-5.0915	-0.22701
2.7132	-5.0595	-0.24086
2.7132	-5.0864	-0.21826
2.7132	-5.0878	-0.24034
2.7132	-5.0788	-0.21681
2.7132	-5.0608	-0.22844
2.7133	-5.0902	-0.23472
2.7133	-5.06	-0.22463
2.7133	-5.0866	-0.247
2.7134	-5.0602	-0.2301
2.7135	-5.0865	-0.24486
2.7135	-5.0909	-0.2221
2.7136	-5.089	-0.23812
2.7136	-5.0715	-0.21829
2.7136	-5.0592	-0.23176
2.7136	-5.0584	-0.22708
2.7137	-5.0668	-0.2186
2.7138	-5.0749	-0.21801
2.7139	-5.0885	-0.22326
2.7139	-5.0642	-0.21555
2.714	-5.0564	-0.23104
2.714	-5.0913	-0.2241
2.714	-5.0851	-0.24834
2.714	-5.0791	-0.25175
2.714	-5.0573	-0.22957
2.714	-5.0576	-0.2334
2.7142	-5.0908	-0.23261
2.7142	-5.0875	-0.24377
2.7142	-5.0631	-0.22173
2.7142	-5.0652	-0.21664
2.7143	-5.0884	-0.23502
2.7143	-5.0612	-0.21787
2.7143	-5.0909	-0.22561
2.7143	-5.0625	-0.22002
2.7143	-5.0838	-0.24964
2.7144	-5.0625	-0.22342
2.7144	-5.0888	-0.22114
2.7144	-5.056	-0.23465
2.7144	-5.0873	-0.22021
2.7145	-5.0683	-0.21794
2.7145	-5.0822	-0.25038
2.7146	-5.0567	-0.23781
2.7146	-5.0616	-0.22505
2.7146	-5.0566	-0.23623
2.7147	-5.0908	-0.2303
2.7148	-5.0909	-0.23539
2.7148	-5.0879	-0.2274
2.7148	-5.0877	-0.2406
2.7149	-5.0767	-0.25107
2.7149	-5.0924	-0.23092
2.7149	-5.0851	-0.21928
2.7149	-5.0603	-0.22672
2.715	-5.0908	-0.22719
2.715	-5.0865	-0.24617
2.715	-5.0898	-0.23658
2.715	-5.06	-0.22841
2.7151	-5.0658	-0.22445
2.7151	-5.0577	-0.22687
2.7151	-5.0799	-0.21517
2.7151	-5.0597	-0.24173
2.7152	-5.0603	-0.22084
2.7152	-5.0897	-0.2283
2.7152	-5.0854	-0.24957
2.7152	-5.0595	-0.23006
2.7152	-5.0742	-0.21783
2.7152	-5.0595	-0.22284
2.7152	-5.0583	-0.24051
2.7152	-5.0569	-0.23935
2.7152	-5.0561	-0.23195
2.7152	-5.0919	-0.23261
2.7153	-5.0881	-0.22532
2.7153	-5.0727	-0.21822
2.7153	-5.0622	-0.21681
2.7153	-5.088	-0.22322
2.7154	-5.0669	-0.21825
2.7154	-5.0805	-0.21855
2.7154	-5.0654	-0.21759
2.7156	-5.0868	-0.22124
2.7156	-5.0709	-0.21804
2.7156	-5.0803	-0.25075
2.7156	-5.0577	-0.23171
2.7156	-5.0873	-0.24454
2.7157	-5.0638	-0.21744
2.7157	-5.0801	-0.25244
2.7158	-5.0652	-0.2233
2.7158	-5.0564	-0.2288
2.7158	-5.0887	-0.22172
2.7158	-5.0815	-0.25174
2.7159	-5.0888	-0.23248
2.7159	-5.0879	-0.24287
2.7159	-5.0683	-0.21618
2.7159	-5.09	-0.22537
2.716	-5.0905	-0.23178
2.716	-5.0776	-0.21702
2.716	-5.0904	-0.2334
2.716	-5.0854	-0.24805
2.716	-5.0635	-0.22312
2.716	-5.0561	-0.23331
2.7161	-5.0749	-0.21886
2.7161	-5.0918	-0.22918
2.7161	-5.0552	-0.23493
2.7162	-5.0559	-0.23027
2.7163	-5.0687	-0.21923
2.7163	-5.0585	-0.22477
2.7165	-5.0882	-0.24077
2.7165	-5.0785	-0.25109
2.7165	-5.077	-0.25234
2.7165	-5.0895	-0.22388
2.7166	-5.0622	-0.21773
2.7166	-5.0569	-0.23816
2.7166	-5.0569	-0.22666
2.7167	-5.0604	-0.22162
2.7168	-5.0893	-0.22826
2.7168	-5.0615	-0.2438
2.7168	-5.06	-0.225
2.7168	-5.0603	-0.24264
2.7169	-5.0925	-0.23323
2.7169	-5.0877	-0.23926
2.7169	-5.0553	-0.23223
2.717	-5.0595	-0.22665
2.717	-5.0593	-0.22329
2.717	-5.0601	-0.21804
2.717	-5.0559	-0.23697
2.717	-5.0895	-0.2303
2.717	-5.0881	-0.22246
2.717	-5.0654	-0.2473
2.7171	-5.0587	-0.2199
2.7172	-5.0631	-0.22193
2.7172	-5.0855	-0.24928
2.7172	-5.0585	-0.24138
2.7172	-5.0743	-0.21766
2.7173	-5.07	-0.21885
2.7173	-5.0623	-0.24541
2.7174	-5.0798	-0.21706
2.7174	-5.0644	-0.22463
2.7174	-5.0567	-0.23963
2.7174	-5.0602	-0.22011
2.7174	-5.079	-0.2528
2.7174	-5.0576	-0.22998
2.7175	-5.0678	-0.21867
2.7175	-5.0655	-0.21899
2.7175	-5.0621	-0.22393
2.7175	-5.087	-0.22117
2.7175	-5.0649	-0.22312
2.7175	-5.0879	-0.24282
2.7175	-5.0634	-0.21881
2.7176	-5.0916	-0.2353
2.7176	-5.0566	-0.22551
2.7176	-5.0607	-0.24107
2.7176	-5.0892	-0.23918
2.7177	-5.0844	-0.24841
2.7177	-5.0546	-0.2342
2.7177	-5.0885	-0.2262
2.7178	-5.0564	-0.2333
2.7179	-5.0779	-0.21737
2.7179	-5.054	-0.23571
2.718	-5.0617	-0.2186
2.718	-5.0609	-0.23003
2.718	-5.0906	-0.23153
2.7182	-5.0877	-0.24539
2.7182	-5.0554	-0.23055
2.7182	-5.0621	-0.2207
2.7182	-5.0574	-0.22396
2.7182	-5.0907	-0.23846
2.7183	-5.0902	-0.23591
2.7183	-5.0888	-0.22411
2.7183	-5.0621	-0.22698
2.7183	-5.0803	-0.25279
2.7183	-5.0605	-0.22161
2.7184	-5.0689	-0.2192
2.7184	-5.0605	-0.23259
2.7184	-5.0573	-0.23697
2.7185	-5.0552	-0.22894
2.7185	-5.0815	-0.21837
2.7185	-5.0877	-0.22211
2.7185	-5.0759	-0.21822
2.7185	-5.0864	-0.24774
2.7186	-5.0874	-0.24384
2.7186	-5.0889	-0.24204
2.7186	-5.0716	-0.21888
2.7186	-5.0908	-0.23328
2.7186	-5.0593	-0.22325
2.7187	-5.0638	-0.22708
2.7187	-5.059	-0.24233
2.7187	-5.059	-0.23031
2.7187	-5.0555	-0.23521
2.7187	-5.0555	-0.2274
2.7188	-5.0637	-0.22183
2.7188	-5.0882	-0.22824
2.7188	-5.0586	-0.22491
2.7188	-5.0649	-0.22403
2.7189	-5.0869	-0.2242
2.7189	-5.0576	-0.23854
2.7189	-5.0836	-0.25191
2.7189	-5.0608	-0.22
2.7189	-5.0588	-0.24072
2.719	-5.0581	-0.2266
2.719	-5.0663	-0.21944
2.719	-5.0597	-0.22594
2.7191	-5.0888	-0.2396
2.7191	-5.0574	-0.24005
2.7191	-5.0566	-0.22642
2.7192	-5.0885	-0.23028
2.7192	-5.0739	-0.2185
2.7192	-5.0574	-0.22826
2.7192	-5.0794	-0.21794
2.7192	-5.0646	-0.24755
2.7192	-5.0626	-0.22901
2.7193	-5.0605	-0.22726
2.7194	-5.0632	-0.24632
2.7194	-5.0632	-0.22435
2.7194	-5.0572	-0.23269
2.7194	-5.0652	-0.22242
2.7194	-5.0543	-0.23451
2.7194	-5.0888	-0.23232
2.7194	-5.0778	-0.21776
2.7194	-5.0696	-0.2201
2.7194	-5.0596	-0.23395
2.7195	-5.0562	-0.22989
2.7195	-5.086	-0.22115
2.7195	-5.0679	-0.22007
2.7195	-5.0602	-0.23139
2.7195	-5.087	-0.24588
2.7195	-5.0854	-0.24854
2.7195	-5.0577	-0.23115
2.7196	-5.0542	-0.23875
2.7196	-5.0608	-0.22985
2.7197	-5.0613	-0.22478
2.7197	-5.0593	-0.22817
2.7197	-5.0561	-0.22424
2.7197	-5.0554	-0.23155
2.7197	-5.0848	-0.22019
2.7197	-5.0621	-0.21951
2.7198	-5.0903	-0.23634
2.7198	-5.0842	-0.2498
2.7198	-5.055	-0.23324
2.7198	-5.0815	-0.21985
2.7198	-5.0567	-0.23732
2.7199	-5.0893	-0.23745
2.7199	-5.0876	-0.22517
2.7199	-5.062	-0.23097
2.7199	-5.0619	-0.22105
2.7199	-5.0597	-0.23779
2.72	-5.0848	-0.25139
2.72	-5.0817	-0.25341
2.7201	-5.0897	-0.23891
2.7201	-5.0801	-0.25306
2.7201	-5.0616	-0.22269
2.7202	-5.0636	-0.21962
2.7202	-5.0687	-0.21902
2.7202	-5.0623	-0.22575
2.7203	-5.088	-0.22718
2.7203	-5.0756	-0.21906
2.7203	-5.0828	-0.21926
2.7203	-5.0608	-0.23346
2.7203	-5.0581	-0.22382
2.7203	-5.0873	-0.24169
2.7203	-5.0599	-0.22322
2.7204	-5.0664	-0.22035
2.7204	-5.0876	-0.24373
2.7204	-5.0719	-0.21874
2.7204	-5.065	-0.22389
2.7204	-5.0586	-0.24002
2.7205	-5.0887	-0.24056
2.7205	-5.0634	-0.22687
2.7205	-5.0854	-0.22217
2.7206	-5.062	-0.22831
2.7206	-5.0831	-0.2213
2.7206	-5.0585	-0.23844
2.7207	-5.0884	-0.23023
2.7207	-5.0619	-0.2445
2.7207	-5.0647	-0.22123
2.7207	-5.0598	-0.23227
2.7208	-5.0612	-0.24285
2.7208	-5.0604	-0.23963
2.7208	-5.0565	-0.22624
2.7208	-5.0558	-0.22775
2.7208	-5.0542	-0.23125
2.7208	-5.0793	-0.21829
2.7208	-5.061	-0.21986
2.7208	-5.0597	-0.24324
2.7208	-5.0565	-0.23612
2.7209	-5.0778	-0.21867
2.721	-5.061	-0.22683
2.721	-5.0622	-0.24608
2.721	-5.0735	-0.21881
2.721	-5.0609	-0.23655
2.721	-5.0601	-0.23073
2.7211	-5.0851	-0.24936
2.7211	-5.057	-0.23158
2.7211	-5.0569	-0.2299
2.7212	-5.0791	-0.21984
2.7212	-5.0643	-0.22533
2.7213	-5.0573	-0.2247
2.7213	-5.0592	-0.23686
2.7214	-5.0938	-0.23647
2.7214	-5.0676	-0.21986
2.7214	-5.0633	-0.22105
2.7214	-5.0618	-0.23136
2.7214	-5.0585	-0.24149
2.7214	-5.0903	-0.23525
2.7214	-5.0668	-0.22137
2.7214	-5.0892	-0.2374
2.7214	-5.0565	-0.23921
2.7215	-5.0839	-0.25062
2.7215	-5.0903	-0.23318
2.7215	-5.0879	-0.22469
2.7215	-5.0808	-0.2537
2.7215	-5.0554	-0.2349
2.7215	-5.057	-0.23767
2.7216	-5.0869	-0.24976
2.7216	-5.0604	-0.23798
2.7216	-5.0694	-0.21997
2.7216	-5.0624	-0.22327
2.7217	-5.0869	-0.24759
2.7217	-5.0851	-0.2232
2.7217	-5.0714	-0.22014
2.7217	-5.0879	-0.23126
2.7218	-5.0602	-0.24212
2.7218	-5.0643	-0.22372
2.7218	-5.0614	-0.23283
2.7219	-5.086	-0.24275
2.7219	-5.058	-0.23616
2.7219	-5.088	-0.2292
2.7219	-5.0865	-0.22414
2.722	-5.0746	-0.21934
2.7221	-5.0654	-0.22169
2.7221	-5.0602	-0.22271
2.7221	-5.0874	-0.24369
2.7221	-5.0599	-0.23528
2.7222	-5.0824	-0.25253
2.7222	-5.0872	-0.23647
2.7222	-5.0605	-0.24054
2.7222	-5.0875	-0.24572
2.7222	-5.0625	-0.2282
2.7222	-5.0868	-0.22719
2.7223	-5.0882	-0.22606
2.7223	-5.0624	-0.23027
2.7224	-5.0594	-0.22655
2.7224	-5.07	-0.22155
2.7224	-5.0582	-0.24033
2.7224	-5.0608	-0.22961
2.7225	-5.0876	-0.24159
2.7225	-5.0658	-0.22335
2.7226	-5.0899	-0.23421
2.7226	-5.079	-0.21916
2.7226	-5.0622	-0.24485
2.7226	-5.0601	-0.23371
2.7226	-5.0629	-0.23395
2.7226	-5.056	-0.23697
2.7226	-5.0614	-0.23539
2.7227	-5.0733	-0.21972
2.7228	-5.062	-0.24639
2.7228	-5.0634	-0.24706
2.7228	-5.0578	-0.24253
2.7229	-5.056	-0.2271
2.7229	-5.0759	-0.2199
2.7229	-5.0576	-0.23324
2.723	-5.0863	-0.23027
2.723	-5.0799	-0.25349
2.723	-5.0837	-0.22218
2.723	-5.061	-0.23111
2.7231	-5.0567	-0.22986
2.7231	-5.0567	-0.23154
2.7231	-5.0602	-0.23938
2.7231	-5.0861	-0.24952
2.7232	-5.0631	-0.22665
2.7232	-5.0893	-0.23834
2.7232	-5.085	-0.22522
2.7232	-5.0818	-0.22133
2.7232	-5.0563	-0.23488
2.7233	-5.0863	-0.22615
2.7233	-5.0878	-0.23226
2.7234	-5.0705	-0.21993
2.7234	-5.0861	-0.24683
2.7234	-5.0835	-0.25092
2.7234	-5.0628	-0.22915
2.7234	-5.088	-0.23035
2.7236	-5.0613	-0.24363
2.7236	-5.0662	-0.22214
2.7236	-5.0794	-0.22014
2.7237	-5.0633	-0.2485
2.7237	-5.0611	-0.24205
2.7237	-5.0779	-0.22
2.7237	-5.0608	-0.22827
2.7238	-5.0744	-0.22021
2.7239	-5.0872	-0.23846
2.7239	-5.0889	-0.23411
2.724	-5.0885	-0.23939
2.724	-5.0844	-0.22315
2.724	-5.0673	-0.22338
2.724	-5.0623	-0.23167
2.724	-5.0608	-0.23259
2.7241	-5.0875	-0.24049
2.7241	-5.0869	-0.24304
2.7241	-5.0872	-0.23433
2.7241	-5.0691	-0.22183
2.7241	-5.0594	-0.22991
2.7241	-5.0651	-0.24916
2.7241	-5.0592	-0.23763
2.7242	-5.0665	-0.22504
2.7242	-5.0621	-0.23423
2.7242	-5.0607	-0.23567
2.7243	-5.0649	-0.22403
2.7244	-5.0891	-0.23686
2.7244	-5.0619	-0.23003
2.7244	-5.0655	-0.22671
2.7244	-5.0647	-0.24755
2.7244	-5.0625	-0.24366
2.7245	-5.0905	-0.2362
2.7245	-5.0618	-0.24829
2.7246	-5.088	-0.24664
2.7246	-5.0574	-0.23152
2.7247	-5.087	-0.24774
2.7248	-5.0641	-0.22834
2.7248	-5.0865	-0.23226
2.7248	-5.0628	-0.24573
2.7248	-5.0608	-0.23718
2.7249	-5.081	-0.25418
2.7249	-5.0848	-0.2489
2.7249	-5.0826	-0.25125
2.7249	-5.0754	-0.22126
2.7249	-5.0636	-0.23
2.725	-5.0627	-0.22796
2.725	-5.0853	-0.22822
2.725	-5.0817	-0.25247
2.725	-5.0801	-0.22132
2.725	-5.062	-0.23988
2.725	-5.0606	-0.23924
2.7251	-5.088	-0.23527
2.7251	-5.0696	-0.22333
2.7251	-5.0633	-0.24787
2.7252	-5.0859	-0.24161
2.7252	-5.0779	-0.22144
2.7252	-5.0612	-0.24345
2.7252	-5.0654	-0.25067
2.7252	-5.0632	-0.23216
2.7253	-5.0859	-0.23954
2.7253	-5.0861	-0.24364
2.7253	-5.0729	-0.22102
2.7253	-5.0603	-0.23448
2.7254	-5.0617	-0.24138
2.7254	-5.0616	-0.23164
2.7254	-5.0682	-0.22507
2.7255	-5.0916	-0.24219
2.7256	-5.0851	-0.24577
2.7256	-5.0872	-0.23736
2.7256	-5.0621	-0.24716
2.7257	-5.087	-0.22808
2.7258	-5.0793	-0.22237
2.7258	-5.0845	-0.22413
2.7258	-5.0876	-0.24147
2.7258	-5.0766	-0.22074
2.7259	-5.086	-0.23021
2.7259	-5.082	-0.22427
2.7259	-5.0776	-0.25525
2.7259	-5.0833	-0.22625
2.726	-5.0661	-0.22668
2.726	-5.0779	-0.21979
2.726	-5.0604	-0.24068
2.726	-5.0617	-0.23872
2.726	-5.0863	-0.23532
2.726	-5.079	-0.254
2.7261	-5.0687	-0.22214
2.7261	-5.0679	-0.22361
2.7261	-5.0624	-0.24506
2.7261	-5.0742	-0.22158
2.7261	-5.0728	-0.22249
2.7261	-5.0603	-0.23805
2.7262	-5.0857	-0.24778
2.7262	-5.0644	-0.24941
2.7262	-5.0644	-0.22645
2.7262	-5.0651	-0.22835
2.7263	-5.065	-0.23003
2.7263	-5.0622	-0.23507
2.7263	-5.0869	-0.24664
2.7264	-5.0844	-0.24682
2.7264	-5.086	-0.24072
2.7264	-5.0712	-0.22179
2.7264	-5.0809	-0.25219
2.7264	-5.076	-0.22221
2.7264	-5.0606	-0.24222
2.7265	-5.0878	-0.23187
2.7265	-5.0834	-0.24996
2.7265	-5.0606	-0.23336
2.7265	-5.0641	-0.2317
2.7265	-5.0865	-0.23323
2.7265	-5.0634	-0.24615
2.7265	-5.0628	-0.24243
2.7267	-5.0658	-0.24876
2.7267	-5.0701	-0.22323
2.7267	-5.0673	-0.22509
2.7268	-5.0625	-0.23977
2.7268	-5.0778	-0.22235
2.7268	-5.086	-0.24359
2.7269	-5.0687	-0.22677
2.7269	-5.0631	-0.23041
2.7269	-5.0625	-0.2333
2.7269	-5.0841	-0.22718
2.7271	-5.0878	-0.23627
2.7271	-5.0739	-0.22302
2.7272	-5.0857	-0.2312
2.7272	-5.0628	-0.24811
2.7272	-5.083	-0.22518
2.7272	-5.071	-0.22431
2.7273	-5.0801	-0.22282
2.7273	-5.0676	-0.22817
2.7273	-5.0784	-0.25536
2.7273	-5.0689	-0.22463
2.7273	-5.0627	-0.24965
2.7274	-5.0861	-0.23632
2.7274	-5.0688	-0.22305
2.7274	-5.0619	-0.22869
2.7275	-5.0652	-0.2499
2.7275	-5.0666	-0.22701
2.7275	-5.0645	-0.24825
2.7276	-5.0617	-0.23648
2.7276	-5.0602	-0.23945
2.7276	-5.0773	-0.25663
2.7276	-5.063	-0.23192
2.7276	-5.0624	-0.24489
2.7277	-5.0864	-0.23836
2.7278	-5.0725	-0.22232
2.7279	-5.0819	-0.25104
2.7279	-5.0621	-0.24327
2.728	-5.0675	-0.2302
2.7281	-5.0766	-0.22263
2.7281	-5.0833	-0.24683
2.7281	-5.0626	-0.24121
2.7282	-5.0843	-0.23953
2.7282	-5.0867	-0.23385
2.7282	-5.0764	-0.22053
2.7282	-5.0797	-0.25221
2.7282	-5.0814	-0.2244
2.7283	-5.0838	-0.22611
2.7283	-5.0835	-0.24988
2.7283	-5.0778	-0.22379
2.7283	-5.063	-0.23602
2.7283	-5.0693	-0.22929
2.7284	-5.0756	-0.2241
2.7284	-5.0664	-0.22901
2.7284	-5.0643	-0.23353
2.7285	-5.0692	-0.22561
2.7285	-5.0671	-0.25102
2.7285	-5.0642	-0.24653
2.7285	-5.0664	-0.23108
2.7285	-5.0649	-0.23199
2.7285	-5.0677	-0.22652
2.7285	-5.0649	-0.22887
2.7286	-5.085	-0.23401
2.7286	-5.074	-0.22393
2.7286	-5.0634	-0.2376
2.7286	-5.0628	-0.23959
2.7286	-5.087	-0.23603
2.7287	-5.0871	-0.24035
2.7288	-5.0877	-0.23817
2.7288	-5.0716	-0.22319
2.7289	-5.0843	-0.22918
2.7289	-5.066	-0.24562
2.7289	-5.085	-0.23559
2.7289	-5.0631	-0.2438
2.729	-5.0845	-0.23121
2.729	-5.085	-0.24459
2.729	-5.0813	-0.24899
2.729	-5.0652	-0.25025
2.729	-5.063	-0.23283
2.729	-5.0693	-0.23132
2.7291	-5.0811	-0.22597
2.7291	-5.0836	-0.23848
2.7291	-5.0651	-0.22726
2.7291	-5.0785	-0.22586
2.7292	-5.0726	-0.22428
2.7292	-5.0705	-0.2241
2.7292	-5.0657	-0.24871
2.7293	-5.0833	-0.22717
2.7293	-5.0642	-0.24489
2.7293	-5.0642	-0.23966
2.7293	-5.0621	-0.23479
2.7294	-5.0676	-0.22954
2.7294	-5.0839	-0.24154
2.7294	-5.0868	-0.24162
2.7294	-5.0863	-0.23933
2.7294	-5.086	-0.23317
2.7295	-5.0853	-0.2425
2.7295	-5.0647	-0.23658
2.7295	-5.0609	-0.24225
2.7296	-5.0774	-0.22466
2.7296	-5.0625	-0.23844
2.7296	-5.0745	-0.22566
2.7296	-5.066	-0.23458
2.7297	-5.0639	-0.2349
2.7297	-5.0687	-0.22701
2.7297	-5.0644	-0.22975
2.7297	-5.0631	-0.24215
2.7298	-5.0644	-0.24801
2.7298	-5.0644	-0.24121
2.7298	-5.0853	-0.23733
2.7298	-5.0782	-0.25225
2.7299	-5.0692	-0.25316
2.7299	-5.065	-0.23343
2.73	-5.067	-0.23153
2.73	-5.0656	-0.23087
2.7301	-5.0669	-0.23308
2.7302	-5.0676	-0.23469
2.7302	-5.0668	-0.24454
2.7302	-5.0654	-0.24233
2.7303	-5.0759	-0.22502
2.7304	-5.0666	-0.2492
2.7304	-5.0812	-0.251
2.7305	-5.0799	-0.24902
2.7305	-5.0847	-0.24041
2.7305	-5.078	-0.22726
2.7305	-5.0713	-0.23083
2.7305	-5.07	-0.23017
2.7306	-5.0846	-0.23526
2.7306	-5.075	-0.22803
2.7306	-5.0742	-0.22428
2.7306	-5.065	-0.23963
2.7307	-5.0734	-0.22579
2.7307	-5.0643	-0.23798
2.7307	-5.0805	-0.22916
2.7307	-5.0836	-0.2446
2.7307	-5.0763	-0.22708
2.7307	-5.0678	-0.24667
2.7308	-5.0778	-0.22565
2.7308	-5.0684	-0.24829
2.7308	-5.0711	-0.22558
2.7308	-5.0677	-0.25032
2.7308	-5.0634	-0.23945
2.7308	-5.0777	-0.2512
2.7309	-5.071	-0.23234
2.7309	-5.0683	-0.25193
2.7309	-5.0648	-0.24688
2.7309	-5.0825	-0.24571
2.7309	-5.0815	-0.24888
2.7309	-5.0661	-0.24597
2.7309	-5.0661	-0.23812
2.7309	-5.0641	-0.23637
2.7309	-5.0619	-0.2445
2.7309	-5.0661	-0.23605
2.731	-5.0633	-0.24359
2.731	-5.0681	-0.24405
2.7311	-5.0815	-0.24682
2.7311	-5.0653	-0.24951
2.7312	-5.0849	-0.23213
2.7312	-5.0694	-0.24573
2.7313	-5.0651	-0.2328
2.7313	-5.0749	-0.22586
2.7313	-5.0854	-0.24344
2.7314	-5.0822	-0.23394
2.7314	-5.0698	-0.22747
2.7314	-5.0698	-0.2473
2.7314	-5.0677	-0.23928
2.7315	-5.0698	-0.24941
2.7315	-5.0649	-0.24317
2.7315	-5.0798	-0.2273
2.7315	-5.0676	-0.23248
2.7315	-5.0839	-0.23734
2.7316	-5.069	-0.25403
2.7316	-5.082	-0.23231
2.7316	-5.0837	-0.24115
2.7317	-5.0675	-0.25333
2.7317	-5.0661	-0.25267
2.7317	-5.0838	-0.23114
2.7317	-5.0688	-0.23623
2.7317	-5.0688	-0.23465
2.7318	-5.0673	-0.23451
2.7318	-5.0737	-0.22673
2.7318	-5.0667	-0.24436
2.7319	-5.0783	-0.24801
2.7319	-5.0784	-0.25007
2.7319	-5.0708	-0.22855
2.7319	-5.0694	-0.23315
2.7319	-5.0787	-0.22877
2.7319	-5.0715	-0.25109
2.7319	-5.0772	-0.25223
2.7319	-5.0722	-0.22764
2.7319	-5.0666	-0.24121
2.732	-5.0843	-0.23935
2.732	-5.0728	-0.23553
2.732	-5.0672	-0.24909
2.7321	-5.0797	-0.24894
2.7321	-5.0757	-0.22898
2.7321	-5.0713	-0.25368
2.7321	-5.0765	-0.23115
2.7321	-5.0742	-0.22831
2.7321	-5.0649	-0.23686
2.7321	-5.0842	-0.23522
2.7321	-5.0797	-0.24688
2.7321	-5.0799	-0.25101
2.7322	-5.0846	-0.24243
2.7322	-5.0842	-0.23319
2.7322	-5.0705	-0.24156
2.7322	-5.0698	-0.23784
2.7322	-5.0691	-0.24457
2.7322	-5.0778	-0.22708
2.7322	-5.0697	-0.23938
2.7322	-5.0801	-0.24035
2.7323	-5.0655	-0.24005
2.7323	-5.0817	-0.23069
2.7323	-5.0764	-0.22593
2.7323	-5.0675	-0.24597
2.7324	-5.0675	-0.24752
2.7324	-5.0818	-0.23551
2.7324	-5.0818	-0.23712
2.7325	-5.0806	-0.22929
2.7325	-5.0639	-0.23984
2.7325	-5.0702	-0.23472
2.7326	-5.0818	-0.23873
2.7326	-5.0787	-0.23027
2.7326	-5.0767	-0.23637
2.7326	-5.0716	-0.23378
2.7326	-5.0666	-0.23802
2.7326	-5.0744	-0.22985
2.7326	-5.0687	-0.25074
2.7327	-5.0722	-0.22915
2.7327	-5.0701	-0.25246
2.7327	-5.0798	-0.23391
2.7327	-5.08	-0.23143
2.7328	-5.0766	-0.23877
2.7328	-5.0713	-0.23791
2.7328	-5.0713	-0.23584
2.7328	-5.0678	-0.23655
2.7328	-5.075	-0.25004
2.7329	-5.0778	-0.2511
2.7329	-5.0771	-0.23427
2.7329	-5.072	-0.24426
2.7329	-5.072	-0.24005
2.7329	-5.0734	-0.23132
2.733	-5.0733	-0.23444
2.733	-5.069	-0.24762
2.733	-5.0669	-0.23956
2.733	-5.0689	-0.24289
2.733	-5.0689	-0.24082
2.7331	-5.0822	-0.22915
2.7331	-5.0783	-0.23595
2.7331	-5.0756	-0.24145
2.7331	-5.0704	-0.25035
2.7331	-5.0782	-0.23174
2.7331	-5.0718	-0.24576
2.7331	-5.0762	-0.23259
2.7331	-5.071	-0.24885
2.7331	-5.0703	-0.25452
2.7331	-5.0694	-0.22918
2.7332	-5.0782	-0.24515
2.7332	-5.0732	-0.237
2.7332	-5.0688	-0.24913
2.7332	-5.0717	-0.23062
2.7333	-5.0818	-0.24566
2.7333	-5.0766	-0.24839
2.7333	-5.0731	-0.24327
2.7333	-5.0701	-0.24454
2.7333	-5.0837	-0.23418
2.7334	-5.0773	-0.23059
2.7334	-5.0758	-0.25328
2.7334	-5.068	-0.25477
2.7335	-5.0781	-0.24355
2.7335	-5.0701	-0.23097
2.7335	-5.0699	-0.24187
2.7335	-5.0796	-0.23872
2.7336	-5.0751	-0.23455
2.7336	-5.0818	-0.24049
2.7336	-5.0691	-0.24597
2.7336	-5.0843	-0.24238
2.7336	-5.0691	-0.23605
2.7337	-5.0841	-0.23622
2.7337	-5.072	-0.25253
2.7337	-5.0742	-0.23287
2.7337	-5.0683	-0.25218
2.7337	-5.0796	-0.24683
2.7337	-5.0742	-0.23861
2.7338	-5.0726	-0.23325
2.7338	-5.0725	-0.24159
2.7338	-5.069	-0.23917
2.7338	-5.0711	-0.24093
2.7338	-5.0696	-0.25596
2.7339	-5.0689	-0.2376
2.7339	-5.0796	-0.24477
2.7339	-5.0726	-0.25453
2.7339	-5.0818	-0.2343
2.734	-5.0822	-0.24355
2.734	-5.0717	-0.23679
2.734	-5.0709	-0.2336
2.734	-5.0739	-0.25238
2.734	-5.0796	-0.24064
2.734	-5.0709	-0.24299
2.734	-5.0793	-0.23709
2.734	-5.0808	-0.24157
2.734	-5.0796	-0.24267
2.734	-5.0709	-0.24716
2.7341	-5.0677	-0.2404
2.7341	-5.0754	-0.23162
2.7341	-5.0766	-0.23567
2.7341	-5.0709	-0.25344
2.7341	-5.0716	-0.25666
2.7341	-5.0778	-0.24193
2.7342	-5.0806	-0.23334
2.7342	-5.0795	-0.23546
2.7342	-5.0765	-0.24037
2.7343	-5.0771	-0.23833
2.7343	-5.0744	-0.24173
2.7343	-5.0721	-0.23837
2.7344	-5.0743	-0.24016
2.7344	-5.0735	-0.23535
2.7344	-5.0822	-0.23631
2.7344	-5.0698	-0.25225
2.7344	-5.0812	-0.24463
2.7345	-5.0719	-0.24983
2.7345	-5.0734	-0.24681
2.7346	-5.0776	-0.24692
2.7346	-5.0696	-0.24384
2.7346	-5.0742	-0.24835
2.7346	-5.0796	-0.2313
2.7346	-5.0836	-0.23826
2.7346	-5.0811	-0.23742
2.7347	-5.0774	-0.22891
2.7348	-5.0746	-0.25437
2.7348	-5.0732	-0.23686
2.7348	-5.0716	-0.25134
2.7348	-5.0723	-0.24461
2.7349	-5.0693	-0.25002
2.7349	-5.0751	-0.23704
2.7349	-5.0723	-0.24825
2.7349	-5.0764	-0.24183
2.7349	-5.0758	-0.24351
2.735	-5.0725	-0.23176
2.735	-5.0691	-0.24517
2.7351	-5.0769	-0.25007
2.7351	-5.0736	-0.2339
2.7351	-5.0728	-0.23995
2.7353	-5.0736	-0.25545
2.7353	-5.0734	-0.24363
2.7353	-5.0734	-0.23837
2.7353	-5.0726	-0.24145
2.7353	-5.0702	-0.23811
2.7354	-5.0781	-0.2336
2.7354	-5.0717	-0.24657
2.7355	-5.0759	-0.23287
2.7355	-5.0704	-0.24195
2.7355	-5.0688	-0.24264
2.7355	-5.0762	-0.25216
2.7355	-5.0784	-0.24891
2.7355	-5.0794	-0.24262
2.7356	-5.0755	-0.24511
2.7356	-5.0701	-0.25319
2.7356	-5.0737	-0.25129
2.7357	-5.0765	-0.23865
2.7357	-5.0765	-0.23448
2.7358	-5.0777	-0.23094
2.7358	-5.0755	-0.24668
2.7358	-5.0771	-0.24382
2.7359	-5.0733	-0.23546
2.7359	-5.0721	-0.23692
2.7359	-5.0719	-0.24352
2.7361	-5.0739	-0.24815
2.7362	-5.0766	-0.24798
2.7363	-5.0751	-0.23949
2.7365	-5.0707	-0.24899
2.7367	-5.0755	-0.2369
2.7367	-5.0755	-0.24387
2.7371	-5.0784	-0.23819
2.7371	-5.0709	-0.24738
2.7373	-5.0776	-0.23441
2.7373	-5.0756	-0.23371
2.7374	-5.0761	-0.23844
2.7375	-5.0731	-0.23577
2.7383	-5.0772	-0.2369
2.7385	-5.0751	-0.23774
2.7385	-5.0716	-0.24468
2.7398	-5.0745	-0.237
2.7402	-5.0727	-0.23577
2.7421	-5.0722	-0.23605
2.743	-5.0707	-0.23581
2.7438	-5.0699	-0.23462
2.4715	-3.9081	-0.31483
2.4716	-3.9113	-0.32835
2.4716	-3.9111	-0.32559
2.4717	-3.9082	-0.33383
2.4718	-3.909	-0.31613
2.472	-3.91	-0.3269
2.4721	-3.9072	-0.33614
2.4722	-3.9086	-0.32742
2.4724	-3.9088	-0.32567
2.4724	-3.911	-0.33186
2.4725	-3.9095	-0.32933
2.4725	-3.9067	-0.33375
2.4726	-3.9089	-0.3139
2.4726	-3.9068	-0.32254
2.4727	-3.9097	-0.33115
2.4727	-3.9084	-0.33696
2.4728	-3.9062	-0.33018
2.4728	-3.9121	-0.33503
2.4728	-3.9121	-0.32493
2.4729	-3.9078	-0.33037
2.4729	-3.9063	-0.31602
2.473	-3.9092	-0.33294
2.473	-3.9115	-0.33022
2.473	-3.9106	-0.33607
2.473	-3.907	-0.31984
2.473	-3.9086	-0.33525
2.4731	-3.9107	-0.33432
2.4731	-3.9072	-0.31733
2.4731	-3.9146	-0.33545
2.4732	-3.9101	-0.3218
2.4732	-3.9088	-0.31692
2.4733	-3.9073	-0.32862
2.4733	-3.9066	-0.33506
2.4733	-3.9102	-0.32478
2.4733	-3.9096	-0.31036
2.4733	-3.9053	-0.31714
2.4734	-3.9067	-0.33152
2.4734	-3.9125	-0.3322
2.4734	-3.9082	-0.32162
2.4734	-3.9133	-0.33049
2.4734	-3.9133	-0.32755
2.4735	-3.9075	-0.33283
2.4735	-3.9101	-0.32788
2.4735	-3.9141	-0.33179
2.4735	-3.9102	-0.32627
2.4736	-3.9114	-0.31226
2.4736	-3.9114	-0.30901
2.4736	-3.9134	-0.33351
2.4736	-3.9111	-0.32021
2.4737	-3.912	-0.32624
2.4737	-3.9143	-0.32885
2.4737	-3.912	-0.32862
2.4737	-3.9128	-0.33641
2.4737	-3.9156	-0.33127
2.4738	-3.9085	-0.32702
2.4738	-3.9085	-0.31304
2.4739	-3.9092	-0.33641
2.474	-3.9115	-0.33753
2.4741	-3.9138	-0.32531
2.4741	-3.9138	-0.32353
2.4741	-3.9108	-0.31372
2.4741	-3.9095	-0.33078
2.4742	-3.9095	-0.31182
2.4743	-3.9116	-0.31678
2.4743	-3.9132	-0.33775
2.4743	-3.9125	-0.32043
2.4743	-3.9082	-0.31052
2.4743	-3.9071	-0.31569
2.4743	-3.9068	-0.337
2.4744	-3.9061	-0.31856
2.4744	-3.9068	-0.32396
2.4744	-3.9131	-0.34063
2.4744	-3.9117	-0.33939
2.4745	-3.9069	-0.32116
2.4746	-3.9099	-0.30898
2.4746	-3.9091	-0.32427
2.4746	-3.9157	-0.32916
2.4746	-3.9142	-0.32722
2.4747	-3.9136	-0.32181
2.4748	-3.9064	-0.33525
2.4748	-3.9125	-0.30733
2.4749	-3.9065	-0.33052
2.4749	-3.9122	-0.31872
2.4749	-3.9145	-0.3356
2.4749	-3.9038	-0.32608
2.4749	-3.9059	-0.32512
2.4749	-3.916	-0.32748
2.475	-3.9167	-0.33449
2.475	-3.9153	-0.33336
2.475	-3.9087	-0.32605
2.4751	-3.9053	-0.31562
2.4751	-3.9088	-0.31954
2.4751	-3.9161	-0.33106
2.4752	-3.9151	-0.32087
2.4752	-3.9052	-0.32655
2.4752	-3.911	-0.34181
2.4753	-3.9061	-0.32817
2.4753	-3.9061	-0.31692
2.4753	-3.9047	-0.32379
2.4754	-3.9076	-0.31354
2.4754	-3.9083	-0.33853
2.4754	-3.9049	-0.33935
2.4755	-3.9126	-0.3153
2.4755	-3.9157	-0.32454
2.4755	-3.9073	-0.31021
2.4756	-3.9177	-0.33035
2.4756	-3.9043	-0.32923
2.4756	-3.9057	-0.31338
2.4756	-3.9113	-0.3122
2.4756	-3.9135	-0.31779
2.4756	-3.9099	-0.34055
2.4757	-3.9178	-0.32709
2.4757	-3.91	-0.3109
2.4757	-3.9121	-0.31351
2.4757	-3.9121	-0.33783
2.4757	-3.9072	-0.31946
2.4757	-3.9172	-0.33207
2.4757	-3.9022	-0.32958
2.4757	-3.9101	-0.3388
2.4758	-3.9151	-0.33761
2.4758	-3.9072	-0.32602
2.4758	-3.9052	-0.33525
2.4759	-3.9145	-0.3197
2.4759	-3.917	-0.32885
2.4759	-3.9153	-0.32279
2.4759	-3.9087	-0.30959
2.4759	-3.9032	-0.33149
2.476	-3.9116	-0.33962
2.476	-3.9087	-0.31198
2.476	-3.9074	-0.329
2.476	-3.9081	-0.322
2.476	-3.9054	-0.34125
2.476	-3.9067	-0.33607
2.476	-3.9054	-0.33711
2.4761	-3.9046	-0.31127
2.4762	-3.9132	-0.341
2.4762	-3.9026	-0.34035
2.4762	-3.9089	-0.3423
2.4762	-3.9069	-0.34028
2.4762	-3.9042	-0.33283
2.4763	-3.9097	-0.31332
2.4763	-3.9034	-0.32504
2.4763	-3.909	-0.34412
2.4763	-3.907	-0.33436
2.4763	-3.9049	-0.33056
2.4763	-3.9164	-0.33546
2.4763	-3.9063	-0.3319
2.4763	-3.9057	-0.34343
2.4763	-3.9056	-0.33362
2.4763	-3.9035	-0.32683
2.4764	-3.9144	-0.31618
2.4764	-3.9006	-0.32474
2.4764	-3.9182	-0.32382
2.4764	-3.9077	-0.32733
2.4764	-3.9051	-0.31691
2.4765	-3.9157	-0.32112
2.4765	-3.9	-0.33182
2.4765	-3.9114	-0.34264
2.4765	-3.915	-0.33892
2.4766	-3.9169	-0.33377
2.4766	-3.9085	-0.34051
2.4766	-3.9051	-0.32292
2.4766	-3.9008	-0.3183
2.4766	-3.9044	-0.31278
2.4767	-3.9163	-0.33794
2.4767	-3.9037	-0.33641
2.4767	-3.9059	-0.33846
2.4767	-3.9016	-0.3338
2.4768	-3.9016	-0.33205
2.4768	-3.9067	-0.31779
2.4768	-3.901	-0.33018
2.4768	-3.9039	-0.34121
2.4768	-3.9189	-0.32703
2.4768	-3.9175	-0.32552
2.4769	-3.9039	-0.32818
2.4769	-3.9037	-0.31409
2.4769	-3.8982	-0.33226
2.4769	-3.9067	-0.33027
2.4769	-3.9011	-0.33614
2.477	-3.9011	-0.32843
2.477	-3.9181	-0.33204
2.477	-3.9181	-0.33039
2.477	-3.9151	-0.34141
2.477	-3.913	-0.31314
2.477	-3.9103	-0.34022
2.477	-3.9011	-0.33853
2.4771	-3.904	-0.33946
2.4771	-3.9181	-0.32878
2.4771	-3.9118	-0.31128
2.4772	-3.917	-0.32257
2.4772	-3.9104	-0.34502
2.4772	-3.9156	-0.31941
2.4772	-3.9034	-0.32281
2.4772	-3.9013	-0.32612
2.4773	-3.9108	-0.30775
2.4773	-3.9027	-0.31814
2.4773	-3.9021	-0.31618
2.4774	-3.9105	-0.30941
2.4774	-3.9063	-0.31008
2.4775	-3.9085	-0.32107
2.4775	-3.9028	-0.34296
2.4775	-3.9015	-0.32262
2.4775	-3.9036	-0.3211
2.4775	-3.9072	-0.34289
2.4775	-3.9001	-0.32366
2.4775	-3.9029	-0.32989
2.4775	-3.9022	-0.32449
2.4775	-3.9001	-0.3373
2.4776	-3.9129	-0.34298
2.4776	-3.9009	-0.34035
2.4776	-3.9188	-0.33363
2.4776	-3.9136	-0.31554
2.4777	-3.9151	-0.31706
2.4777	-3.9094	-0.34197
2.4777	-3.9037	-0.31935
2.4777	-3.9193	-0.3246
2.4777	-3.9056	-0.31142
2.4777	-3.9183	-0.33532
2.4777	-3.9081	-0.30978
2.4778	-3.9088	-0.34372
2.4778	-3.9024	-0.33879
2.4778	-3.9024	-0.34713
2.4778	-3.9021	-0.33729
2.4778	-3.9168	-0.32023
2.4778	-3.8997	-0.32843
2.4779	-3.8969	-0.33402
2.4779	-3.9068	-0.31973
2.4779	-3.9118	-0.34409
2.4779	-3.9118	-0.33992
2.4779	-3.9092	-0.30746
2.478	-3.9056	-0.31664
2.478	-3.9055	-0.322
2.478	-3.9185	-0.3231
2.478	-3.9172	-0.33875
2.478	-3.904	-0.31589
2.478	-3.9026	-0.34066
2.4781	-3.9013	-0.3345
2.4781	-3.9193	-0.32891
2.4781	-3.9056	-0.34219
2.4781	-3.9205	-0.32367
2.4782	-3.9027	-0.34483
2.4782	-3.9078	-0.32226
2.4782	-3.905	-0.32017
2.4783	-3.9042	-0.32423
2.4783	-3.8993	-0.33495
2.4783	-3.9042	-0.3385
2.4783	-3.914	-0.34166
2.4783	-3.9122	-0.31255
2.4783	-3.9001	-0.3386
2.4784	-3.9058	-0.3185
2.4785	-3.9121	-0.3093
2.4785	-3.9086	-0.34618
2.4785	-3.916	-0.34058
2.4785	-3.9129	-0.31099
2.4785	-3.9137	-0.31319
2.4785	-3.9036	-0.34204
2.4785	-3.9009	-0.33101
2.4785	-3.8996	-0.32068
2.4785	-3.9016	-0.31749
2.4785	-3.8974	-0.32884
2.4785	-3.9189	-0.33205
2.4785	-3.9016	-0.32874
2.4786	-3.8988	-0.33316
2.4786	-3.8995	-0.32478
2.4786	-3.8988	-0.33019
2.4786	-3.9073	-0.30872
2.4787	-3.919	-0.32719
2.4787	-3.9061	-0.34591
2.4787	-3.9004	-0.33335
2.4787	-3.918	-0.33706
2.4787	-3.8994	-0.33162
2.4788	-3.9113	-0.3078
2.4788	-3.8983	-0.33905
2.4788	-3.92	-0.33602
2.4788	-3.9018	-0.34185
2.4788	-3.9011	-0.34833
2.4788	-3.9027	-0.31536
2.4788	-3.9012	-0.33585
2.4788	-3.8988	-0.32339
2.4789	-3.909	-0.3213
2.4789	-3.92	-0.33357
2.4789	-3.9047	-0.34401
2.4789	-3.8998	-0.33689
2.479	-3.9033	-0.31358
2.479	-3.9143	-0.31559
2.479	-3.9013	-0.34598
2.479	-3.9098	-0.34462
2.479	-3.8984	-0.3261
2.479	-3.9178	-0.31994
2.479	-3.8978	-0.33726
2.4791	-3.9061	-0.31004
2.4791	-3.8999	-0.33991
2.4791	-3.8978	-0.33194
2.4792	-3.9071	-0.32055
2.4792	-3.9128	-0.34559
2.4792	-3.9	-0.31916
2.4792	-3.9148	-0.34347
2.4794	-3.9156	-0.31788
2.4794	-3.908	-0.30703
2.4794	-3.9066	-0.34431
2.4794	-3.8972	-0.32738
2.4794	-3.8967	-0.33544
2.4795	-3.9196	-0.32434
2.4795	-3.9037	-0.34695
2.4795	-3.9193	-0.32231
2.4795	-3.9074	-0.31884
2.4795	-3.9112	-0.31114
2.4795	-3.906	-0.32286
2.4796	-3.9081	-0.3445
2.4796	-3.9015	-0.33992
2.4796	-3.9025	-0.34383
2.4796	-3.9005	-0.31659
2.4797	-3.9112	-0.30625
2.4797	-3.911	-0.30954
2.4797	-3.9011	-0.33716
2.4797	-3.9127	-0.34358
2.4797	-3.9012	-0.34312
2.4797	-3.9152	-0.34079
2.4798	-3.9205	-0.33031
2.4798	-3.9206	-0.3281
2.4798	-3.8964	-0.33006
2.4798	-3.9042	-0.31129
2.4798	-3.9005	-0.34125
2.4798	-3.9097	-0.3067
2.4798	-3.9202	-0.33199
2.4798	-3.9168	-0.31699
2.4798	-3.8957	-0.32706
2.4799	-3.917	-0.33731
2.4799	-3.9146	-0.314
2.4799	-3.9138	-0.31233
2.4799	-3.9134	-0.31006
2.48	-3.9013	-0.34733
2.48	-3.9027	-0.34811
2.48	-3.9191	-0.33448
2.48	-3.9121	-0.34169
2.4801	-3.8993	-0.32457
2.4801	-3.9199	-0.32636
2.4801	-3.9072	-0.30826
2.4801	-3.8993	-0.34949
2.4802	-3.9001	-0.32226
2.4802	-3.9079	-0.34637
2.4802	-3.9029	-0.34517
2.4802	-3.899	-0.31788
2.4802	-3.896	-0.33961
2.4802	-3.8981	-0.32859
2.4802	-3.9187	-0.33711
2.4802	-3.8994	-0.32695
2.4802	-3.896	-0.32479
2.4803	-3.9029	-0.31258
2.4803	-3.8981	-0.33395
2.4803	-3.922	-0.32528
2.4803	-3.918	-0.31834
2.4803	-3.9144	-0.34537
2.4804	-3.8975	-0.31905
2.4804	-3.8984	-0.32058
2.4805	-3.8976	-0.33984
2.4805	-3.8983	-0.3227
2.4805	-3.8962	-0.3284
2.4805	-3.901	-0.34498
2.4805	-3.9059	-0.34618
2.4806	-3.8983	-0.33637
2.4806	-3.899	-0.35131
2.4806	-3.9177	-0.33589
2.4807	-3.9118	-0.30764
2.4807	-3.8949	-0.33067
2.4807	-3.9211	-0.32382
2.4807	-3.8998	-0.33537
2.4807	-3.8991	-0.34006
2.4807	-3.9041	-0.34778
2.4808	-3.9017	-0.3139
2.4808	-3.9125	-0.31189
2.4808	-3.9098	-0.34488
2.4808	-3.909	-0.30569
2.4808	-3.9185	-0.3201
2.4809	-3.9119	-0.3446
2.4809	-3.9056	-0.3086
2.4809	-3.9161	-0.33865
2.4809	-3.8999	-0.34312
2.4809	-3.8972	-0.33272
2.4809	-3.9208	-0.32225
2.481	-3.9141	-0.34104
2.481	-3.8971	-0.32187
2.481	-3.8994	-0.31935
2.481	-3.8976	-0.3383
2.481	-3.8987	-0.34181
2.4811	-3.8973	-0.35239
2.4811	-3.8938	-0.33294
2.4811	-3.9204	-0.32068
2.4811	-3.9044	-0.31221
2.4811	-3.9218	-0.32783
2.4811	-3.9008	-0.34982
2.4812	-3.9058	-0.31061
2.4812	-3.9156	-0.31478
2.4812	-3.8968	-0.34282
2.4812	-3.9178	-0.31696
2.4812	-3.9004	-0.31518
2.4812	-3.8988	-0.33295
2.4813	-3.8966	-0.33688
2.4814	-3.9102	-0.34682
2.4814	-3.8962	-0.32322
2.4814	-3.9212	-0.32629
2.4814	-3.9017	-0.3464
2.4814	-3.9175	-0.31539
2.4815	-3.9039	-0.30985
2.4815	-3.9025	-0.31504
2.4815	-3.9206	-0.33127
2.4815	-3.9205	-0.33291
2.4815	-3.9018	-0.34822
2.4815	-3.923	-0.32609
2.4815	-3.9206	-0.32962
2.4815	-3.9139	-0.30914
2.4815	-3.9111	-0.30649
2.4816	-3.9011	-0.34219
2.4816	-3.9078	-0.30729
2.4816	-3.9225	-0.32939
2.4817	-3.9217	-0.3352
2.4817	-3.8958	-0.34159
2.4818	-3.9013	-0.31731
2.4818	-3.9222	-0.33336
2.4818	-3.8952	-0.33539
2.4818	-3.903	-0.31253
2.4819	-3.91	-0.3082
2.4819	-3.9067	-0.34699
2.4819	-3.898	-0.3407
2.4819	-3.9222	-0.32299
2.4819	-3.9078	-0.30917
2.4819	-3.9065	-0.34867
2.4819	-3.9014	-0.34465
2.482	-3.8985	-0.31644
2.482	-3.8951	-0.32851
2.482	-3.9219	-0.32463
2.482	-3.8944	-0.32717
2.482	-3.8967	-0.33936
2.4821	-3.8981	-0.32055
2.4821	-3.9163	-0.34083
2.4821	-3.9186	-0.33811
2.4821	-3.8968	-0.33522
2.4821	-3.9186	-0.33646
2.4822	-3.8982	-0.34491
2.4822	-3.8943	-0.33397
2.4822	-3.9031	-0.34908
2.4822	-3.9132	-0.3119
2.4822	-3.8989	-0.31831
2.4822	-3.8939	-0.32984
2.4822	-3.9146	-0.31089
2.4822	-3.9062	-0.30858
2.4822	-3.9133	-0.34125
2.4823	-3.9003	-0.34577
2.4823	-3.8969	-0.3537
2.4823	-3.9196	-0.31844
2.4823	-3.8975	-0.31775
2.4824	-3.8962	-0.33343
2.4824	-3.9107	-0.30979
2.4824	-3.9226	-0.32784
2.4824	-3.904	-0.31356
2.4825	-3.9004	-0.34759
2.4825	-3.8948	-0.3404
2.4825	-3.9091	-0.30576
2.4825	-3.9123	-0.34468
2.4825	-3.9054	-0.30993
2.4825	-3.8998	-0.35173
2.4825	-3.9164	-0.3386
2.4825	-3.9147	-0.31338
2.4825	-3.8992	-0.34986
2.4825	-3.8979	-0.34235
2.4827	-3.8957	-0.33816
2.4827	-3.9121	-0.31044
2.4827	-3.8927	-0.33116
2.4827	-3.8934	-0.33731
2.4827	-3.9091	-0.34678
2.4827	-3.8935	-0.33257
2.4828	-3.9198	-0.33432
2.4828	-3.9185	-0.34142
2.4828	-3.9185	-0.31617
2.4828	-3.8963	-0.3204
2.4828	-3.9003	-0.3151
2.4829	-3.9141	-0.34284
2.4829	-3.8936	-0.32848
2.4829	-3.9015	-0.34901
2.4829	-3.917	-0.31334
2.4829	-3.9135	-0.30964
2.4829	-3.9211	-0.33051
2.4829	-3.9206	-0.33628
2.4829	-3.8974	-0.34614
2.483	-3.9042	-0.31121
2.483	-3.9084	-0.30727
2.483	-3.92	-0.31685
2.483	-3.8982	-0.34744
2.4831	-3.8968	-0.33716
2.4831	-3.8957	-0.32307
2.4831	-3.9108	-0.34574
2.4831	-3.896	-0.35492
2.4831	-3.9178	-0.33908
2.4832	-3.8961	-0.34087
2.4832	-3.893	-0.33496
2.4832	-3.9011	-0.35076
2.4832	-3.8961	-0.34543
2.4832	-3.8947	-0.32625
2.4832	-3.9077	-0.3478
2.4833	-3.9136	-0.30545
2.4833	-3.8962	-0.34308
2.4833	-3.9148	-0.3444
2.4834	-3.9225	-0.32629
2.4834	-3.9148	-0.29448
2.4835	-3.9225	-0.32223
2.4835	-3.894	-0.34342
2.4835	-3.9156	-0.33994
2.4835	-3.9225	-0.33144
2.4835	-3.8999	-0.34413
2.4835	-3.8985	-0.31639
2.4836	-3.9069	-0.30992
2.4836	-3.8949	-0.34178
2.4836	-3.9025	-0.31246
2.4837	-3.8942	-0.33161
2.4837	-3.8934	-0.34159
2.4837	-3.9211	-0.33217
2.4837	-3.9107	-0.30613
2.4837	-3.9163	-0.31489
2.4837	-3.916	-0.34347
2.4837	-3.9201	-0.31848
2.4837	-3.8987	-0.34879
2.4837	-3.8939	-0.32433
2.4838	-3.9143	-0.31191
2.4838	-3.8965	-0.34912
2.4838	-3.8973	-0.35281
2.4838	-3.9118	-0.30896
2.4839	-3.9068	-0.30825
2.4839	-3.9179	-0.31473
2.4839	-3.9215	-0.32077
2.4839	-3.9135	-0.29343
2.4839	-3.8989	-0.35303
2.4839	-3.8952	-0.33888
2.4839	-3.9235	-0.32379
2.484	-3.8944	-0.34532
2.484	-3.8936	-0.35418
2.484	-3.9129	-0.34718
2.484	-3.9056	-0.34897
2.484	-3.8975	-0.3445
2.484	-3.899	-0.35125
2.4841	-3.9229	-0.32876
2.4841	-3.9013	-0.31378
2.4841	-3.8971	-0.31764
2.4841	-3.9235	-0.32053
2.4841	-3.919	-0.31947
2.4841	-3.8945	-0.32163
2.4841	-3.9166	-0.31202
2.4841	-3.8934	-0.33934
2.4842	-3.9126	-0.34561
2.4842	-3.9147	-0.34135
2.4842	-3.8926	-0.32565
2.4842	-3.922	-0.33373
2.4842	-3.9192	-0.33901
2.4842	-3.8955	-0.3372
2.4842	-3.8928	-0.33385
2.4843	-3.8977	-0.31966
2.4843	-3.9149	-0.3135
2.4843	-3.8947	-0.3359
2.4844	-3.8947	-0.35556
2.4844	-3.8923	-0.32835
2.4844	-3.9091	-0.30632
2.4844	-3.9045	-0.3508
2.4844	-3.8956	-0.34793
2.4845	-3.9183	-0.33707
2.4845	-3.9082	-0.3086
2.4845	-3.894	-0.32874
2.4845	-3.8971	-0.34752
2.4845	-3.9035	-0.31379
2.4845	-3.9133	-0.30826
2.4845	-3.9124	-0.31137
2.4846	-3.8926	-0.3363
2.4846	-3.892	-0.33789
2.4846	-3.9208	-0.33637
2.4846	-3.8972	-0.35054
2.4846	-3.8956	-0.3203
2.4847	-3.8915	-0.32966
2.4847	-3.9038	-0.31113
2.4847	-3.8996	-0.31503
2.4847	-3.9145	-0.30543
2.4848	-3.8966	-0.35586
2.4848	-3.8959	-0.34622
2.4848	-3.9236	-0.32604
2.4848	-3.9107	-0.34835
2.4848	-3.8927	-0.35005
2.4848	-3.9009	-0.35222
2.4848	-3.9149	-0.34532
2.4849	-3.8943	-0.35322
2.4849	-3.9192	-0.31707
2.4849	-3.9066	-0.31122
2.4849	-3.9117	-0.30742
2.485	-3.8908	-0.33097
2.485	-3.9149	-0.34291
2.485	-3.9171	-0.34095
2.485	-3.8936	-0.33057
2.485	-3.9105	-0.30527
2.485	-3.9171	-0.31409
2.485	-3.913	-0.29507
2.485	-3.8987	-0.31635
2.4851	-3.9144	-0.29181
2.4851	-3.8945	-0.32298
2.4851	-3.8968	-0.35415
2.4851	-3.8906	-0.33641
2.4851	-3.8945	-0.34376
2.4851	-3.9101	-0.3073
2.4851	-3.8983	-0.34957
2.4851	-3.8962	-0.34454
2.4851	-3.8945	-0.34078
2.4852	-3.9229	-0.32151
2.4852	-3.9048	-0.35244
2.4852	-3.9207	-0.31936
2.4852	-3.924	-0.32465
2.4852	-3.8938	-0.35139
2.4852	-3.9208	-0.31772
2.4852	-3.9077	-0.34716
2.4852	-3.8963	-0.32201
2.4853	-3.9118	-0.34662
2.4853	-3.9246	-0.32211
2.4853	-3.8963	-0.34935
2.4853	-3.9184	-0.31558
2.4854	-3.9068	-0.30843
2.4854	-3.8936	-0.32426
2.4854	-3.9094	-0.30864
2.4855	-3.9213	-0.33149
2.4855	-3.9183	-0.34003
2.4855	-3.9016	-0.31236
2.4855	-3.8979	-0.35315
2.4855	-3.894	-0.34614
2.4856	-3.8987	-0.31814
2.4856	-3.9201	-0.31538
2.4856	-3.9087	-0.34952
2.4857	-3.8927	-0.34718
2.4857	-3.9206	-0.33405
2.4857	-3.898	-0.3514
2.4857	-3.8988	-0.35449
2.4858	-3.8933	-0.342
2.4858	-3.8967	-0.31757
2.4858	-3.895	-0.34748
2.4858	-3.9227	-0.32808
2.4859	-3.8932	-0.34473
2.4859	-3.8925	-0.32694
2.4859	-3.913	-0.31221
2.4859	-3.9223	-0.32976
2.4859	-3.9111	-0.3092
2.4859	-3.9005	-0.31543
2.4859	-3.9081	-0.30738
2.486	-3.8937	-0.33784
2.486	-3.9032	-0.31279
2.486	-3.8937	-0.34853
2.486	-3.9231	-0.31831
2.486	-3.9098	-0.34775
2.4861	-3.9199	-0.33556
2.4861	-3.8959	-0.31891
2.4861	-3.9183	-0.33835
2.4861	-3.9139	-0.29301
2.4861	-3.8919	-0.33101
2.4862	-3.9236	-0.33124
2.4862	-3.9072	-0.30987
2.4862	-3.9185	-0.31403
2.4863	-3.8962	-0.35545
2.4863	-3.9202	-0.30916
2.4863	-3.892	-0.34328
2.4863	-3.8962	-0.35307
2.4863	-3.9121	-0.31075
2.4863	-3.9021	-0.3139
2.4863	-3.9133	-0.34487
2.4863	-3.8915	-0.33369
2.4863	-3.9215	-0.33278
2.4863	-3.9223	-0.31681
2.4864	-3.9113	-0.30718
2.4864	-3.8916	-0.33915
2.4864	-3.9163	-0.29106
2.4864	-3.9157	-0.34372
2.4864	-3.8914	-0.33642
2.4864	-3.9251	-0.3232
2.4864	-3.895	-0.32023
2.4864	-3.9255	-0.32534
2.4864	-3.8947	-0.34458
2.4864	-3.8926	-0.32946
2.4865	-3.9232	-0.32337
2.4865	-3.9155	-0.31277
2.4866	-3.925	-0.32706
2.4866	-3.9024	-0.31101
2.4866	-3.9196	-0.31636
2.4866	-3.8965	-0.34779
2.4867	-3.9233	-0.31994
2.4867	-3.8957	-0.35128
2.4867	-3.8954	-0.34893
2.4867	-3.9121	-0.3475
2.4867	-3.9099	-0.30589
2.4868	-3.9172	-0.33972
2.4868	-3.8943	-0.32564
2.4868	-3.9032	-0.3528
2.4869	-3.9198	-0.3074
2.4869	-3.9211	-0.31423
2.4869	-3.9239	-0.32993
2.4869	-3.9195	-0.3343
2.4869	-3.89	-0.33771
2.4869	-3.9221	-0.33139
2.4869	-3.905	-0.35176
2.487	-3.8937	-0.32288
2.487	-3.9126	-0.30618
2.487	-3.9191	-0.33682
2.487	-3.9113	-0.30345
2.487	-3.9	-0.35409
2.487	-3.893	-0.32428
2.4871	-3.9169	-0.30859
2.4871	-3.9237	-0.32198
2.4871	-3.9221	-0.32873
2.4871	-3.914	-0.31218
2.4872	-3.9009	-0.31229
2.4872	-3.8992	-0.35237
2.4872	-3.8933	-0.32695
2.4872	-3.9159	-0.34116
2.4872	-3.9209	-0.33412
2.4873	-3.9241	-0.32591
2.4873	-3.9114	-0.31173
2.4873	-3.9042	-0.31107
2.4873	-3.9071	-0.31101
2.4873	-3.9243	-0.32854
2.4873	-3.9105	-0.3486
2.4874	-3.8935	-0.34742
2.4874	-3.9081	-0.34975
2.4874	-3.9238	-0.318
2.4874	-3.8929	-0.33919
2.4875	-3.9198	-0.31397
2.4875	-3.9175	-0.34113
2.4875	-3.9133	-0.30904
2.4875	-3.8942	-0.34287
2.4875	-3.917	-0.29315
2.4875	-3.9196	-0.33841
2.4876	-3.9233	-0.31598
2.4876	-3.9077	-0.34818
2.4876	-3.8973	-0.35309
2.4876	-3.8973	-0.31829
2.4877	-3.9152	-0.2911
2.4877	-3.8925	-0.34463
2.4877	-3.8923	-0.3419
2.4878	-3.903	-0.31236
2.4878	-3.9212	-0.33576
2.4878	-3.9115	-0.30866
2.4878	-3.8918	-0.3323
2.4878	-3.9144	-0.344
2.4878	-3.9152	-0.30883
2.4878	-3.9126	-0.29683
2.4879	-3.9232	-0.33388
2.4879	-3.9167	-0.31274
2.4879	-3.9244	-0.32057
2.488	-3.916	-0.343
2.488	-3.9109	-0.30559
2.488	-3.8963	-0.35167
2.488	-3.8952	-0.32287
2.488	-3.9114	-0.34607
2.488	-3.912	-0.31007
2.488	-3.8987	-0.31489
2.488	-3.8949	-0.31742
2.488	-3.9229	-0.32466
2.488	-3.9207	-0.30927
2.488	-3.8909	-0.32815
2.4881	-3.9182	-0.31338
2.4881	-3.918	-0.30832
2.4881	-3.8911	-0.33635
2.4881	-3.9156	-0.29301
2.4881	-3.8916	-0.3308
2.4882	-3.9021	-0.31113
2.4882	-3.8956	-0.35025
2.4882	-3.9132	-0.34503
2.4882	-3.8944	-0.32149
2.4883	-3.9178	-0.29204
2.4883	-3.9244	-0.3305
2.4883	-3.894	-0.31873
2.4884	-3.9246	-0.32725
2.4884	-3.9052	-0.30923
2.4884	-3.89	-0.32946
2.4884	-3.917	-0.33838
2.4884	-3.9017	-0.31354
2.4884	-3.9168	-0.29486
2.4884	-3.9247	-0.3248
2.4884	-3.9213	-0.31466
2.4884	-3.8949	-0.34886
2.4884	-3.89	-0.33493
2.4885	-3.9101	-0.34709
2.4885	-3.9189	-0.33689
2.4885	-3.8926	-0.32976
2.4885	-3.923	-0.31446
2.4886	-3.9127	-0.31166
2.4886	-3.8926	-0.32801
2.4886	-3.906	-0.31105
2.4886	-3.8935	-0.32417
2.4886	-3.913	-0.30733
2.4886	-3.8942	-0.34606
2.4887	-3.9222	-0.32735
2.4887	-3.9243	-0.3192
2.4888	-3.9184	-0.33949
2.4888	-3.9262	-0.32219
2.4888	-3.9204	-0.31317
2.4888	-3.9064	-0.30822
2.4888	-3.9154	-0.2901
2.4888	-3.9084	-0.30576
2.4889	-3.9193	-0.30815
2.4889	-3.8963	-0.31882
2.4889	-3.9227	-0.33261
2.4889	-3.9141	-0.29476
2.489	-3.8938	-0.32641
2.489	-3.8922	-0.33516
2.489	-3.908	-0.30984
2.489	-3.8985	-0.35416
2.4891	-3.8928	-0.34051
2.4891	-3.9129	-0.34677
2.4891	-3.9234	-0.3177
2.4891	-3.9168	-0.29656
2.4891	-3.9034	-0.31097
2.4892	-3.9219	-0.3128
2.4892	-3.9	-0.31406
2.4892	-3.9245	-0.33221
2.4892	-3.9085	-0.28939
2.4892	-3.9166	-0.29821
2.4893	-3.9171	-0.34052
2.4893	-3.8918	-0.32679
2.4893	-3.9157	-0.30728
2.4893	-3.9114	-0.30816
2.4893	-3.9214	-0.33401
2.4893	-3.9185	-0.29637
2.4894	-3.9101	-0.29003
2.4894	-3.8921	-0.34182
2.4894	-3.919	-0.31258
2.4894	-3.9077	-0.30759
2.4894	-3.8919	-0.33909
2.4894	-3.9243	-0.32318
2.4895	-3.9142	-0.345
2.4895	-3.913	-0.31008
2.4895	-3.9199	-0.33547
2.4895	-3.9143	-0.34255
2.4895	-3.9239	-0.3153
2.4895	-3.9228	-0.30986
2.4895	-3.9167	-0.29391
2.4895	-3.9113	-0.30524
2.4895	-3.8988	-0.31517
2.4896	-3.9105	-0.30993
2.4896	-3.891	-0.3281
2.4896	-3.9019	-0.31254
2.4897	-3.8911	-0.33767
2.4897	-3.891	-0.33357
2.4897	-3.8943	-0.32008
2.4897	-3.8909	-0.33084
2.4897	-3.9245	-0.31678
2.4897	-3.8954	-0.34747
2.4897	-3.9166	-0.34236
2.4897	-3.9233	-0.32857
2.4898	-3.918	-0.33798
2.4899	-3.8975	-0.31613
2.4899	-3.9207	-0.31154
2.4899	-3.9199	-0.33855
2.4899	-3.9119	-0.30116
2.4899	-3.9202	-0.30888
2.49	-3.8943	-0.34192
2.49	-3.9133	-0.29599
2.49	-3.8936	-0.32276
2.49	-3.9092	-0.31099
2.49	-3.8943	-0.34465
2.49	-3.9144	-0.31207
2.4901	-3.9134	-0.30612
2.4902	-3.9086	-0.30657
2.4902	-3.9236	-0.32455
2.4902	-3.9129	-0.30865
2.4902	-3.9239	-0.33113
2.4902	-3.893	-0.32547
2.4903	-3.9004	-0.31215
2.4903	-3.8976	-0.35167
2.4903	-3.9213	-0.33598
2.4903	-3.925	-0.32006
2.4903	-3.9153	-0.30335
2.4903	-3.894	-0.32426
2.4904	-3.9123	-0.30726
2.4904	-3.9252	-0.32177
2.4904	-3.9138	-0.34389
2.4904	-3.916	-0.29514
2.4904	-3.9123	-0.2977
2.4905	-3.8969	-0.34614
2.4905	-3.9145	-0.30994
2.4905	-3.8924	-0.33475
2.4905	-3.9191	-0.33681
2.4905	-3.9152	-0.30094
2.4905	-3.8926	-0.32709
2.4905	-3.8955	-0.31739
2.4906	-3.8966	-0.35025
2.4907	-3.8913	-0.33647
2.4907	-3.924	-0.31856
2.4907	-3.9175	-0.30871
2.4907	-3.9103	-0.30438
2.4907	-3.9034	-0.31093
2.4907	-3.899	-0.31347
2.4907	-3.8985	-0.35476
2.4908	-3.9133	-0.30143
2.4908	-3.896	-0.34472
2.4908	-3.9133	-0.29964
2.4908	-3.8959	-0.3192
2.4908	-3.8925	-0.33328
2.4908	-3.9229	-0.33011
2.4909	-3.922	-0.30962
2.4909	-3.9159	-0.30575
2.4909	-3.9017	-0.35283
2.4909	-3.9239	-0.31454
2.4909	-3.9105	-0.30636
2.4909	-3.9109	-0.34675
2.4909	-3.9162	-0.3119
2.4909	-3.8946	-0.32143
2.4909	-3.9127	-0.30497
2.4909	-3.9127	-0.34529
2.4909	-3.8911	-0.32942
2.491	-3.8944	-0.31867
2.491	-3.915	-0.29689
2.491	-3.9178	-0.33955
2.491	-3.9079	-0.31099
2.491	-3.9226	-0.3269
2.491	-3.9238	-0.31293
2.4911	-3.9193	-0.30818
2.4911	-3.9128	-0.30322
2.4911	-3.9225	-0.32529
2.4912	-3.9145	-0.30802
2.4912	-3.9115	-0.29953
2.4912	-3.898	-0.31474
2.4912	-3.9021	-0.35132
2.4912	-3.8907	-0.33486
2.4912	-3.9136	-0.29797
2.4912	-3.9217	-0.33191
2.4912	-3.8905	-0.33213
2.4912	-3.9016	-0.31277
2.4912	-3.9058	-0.31102
2.4913	-3.9158	-0.34331
2.4913	-3.9261	-0.32035
2.4914	-3.8904	-0.33757
2.4914	-3.926	-0.31639
2.4914	-3.9215	-0.32869
2.4914	-3.9201	-0.3354
2.4915	-3.9047	-0.34943
2.4915	-3.9003	-0.35217
2.4915	-3.9169	-0.29835
2.4916	-3.9008	-0.35031
2.4916	-3.9244	-0.31617
2.4916	-3.9119	-0.30139
2.4916	-3.9207	-0.30899
2.4916	-3.8951	-0.34382
2.4916	-3.8979	-0.34482
2.4916	-3.9181	-0.30554
2.4917	-3.9153	-0.31081
2.4917	-3.9168	-0.34095
2.4917	-3.899	-0.35125
2.4917	-3.8964	-0.34887
2.4918	-3.9152	-0.3093
2.4918	-3.9042	-0.31231
2.4919	-3.9232	-0.32202
2.4919	-3.9171	-0.31078
2.4919	-3.8972	-0.35308
2.4919	-3.8955	-0.33955
2.4919	-3.9266	-0.319
2.4919	-3.9002	-0.3121
2.492	-3.9155	-0.30099
2.492	-3.8968	-0.34337
2.492	-3.8925	-0.3404
2.492	-3.915	-0.2982
2.492	-3.8969	-0.34746
2.492	-3.8972	-0.35111
2.492	-3.9251	-0.31934
2.492	-3.9143	-0.30229
2.4921	-3.8917	-0.32671
2.4921	-3.8915	-0.32397
2.4921	-3.9252	-0.30983
2.4921	-3.8921	-0.33205
2.4921	-3.9114	-0.30716
2.4921	-3.8955	-0.32008
2.4922	-3.918	-0.31302
2.4922	-3.9144	-0.30412
2.4922	-3.8996	-0.31345
2.4922	-3.913	-0.2969
2.4922	-3.913	-0.30635
2.4922	-3.9135	-0.31207
2.4922	-3.8915	-0.33351
2.4922	-3.8985	-0.31612
2.4923	-3.8916	-0.33898
2.4923	-3.9188	-0.31116
2.4923	-3.8981	-0.35437
2.4924	-3.9073	-0.30748
2.4924	-3.891	-0.33075
2.4924	-3.9244	-0.33103
2.4924	-3.8947	-0.32276
2.4924	-3.9228	-0.31113
2.4924	-3.9034	-0.31113
2.4924	-3.899	-0.3529
2.4925	-3.9026	-0.31244
2.4925	-3.9105	-0.30847
2.4925	-3.9184	-0.30972
2.4925	-3.9109	-0.29774
2.4925	-3.9229	-0.33249
2.4925	-3.9202	-0.31158
2.4925	-3.9104	-0.31089
2.4926	-3.8905	-0.32936
2.4926	-3.9243	-0.32445
2.4926	-3.8906	-0.33619
2.4926	-3.892	-0.33506
2.4926	-3.9122	-0.30878
2.4926	-3.8946	-0.34544
2.4927	-3.8955	-0.34677
2.4927	-3.9237	-0.31469
2.4927	-3.9148	-0.31337
2.4927	-3.8994	-0.35003
2.4927	-3.9238	-0.31258
2.4927	-3.9199	-0.33636
2.4927	-3.9182	-0.29993
2.4927	-3.9144	-0.30801
2.4928	-3.9157	-0.2994
2.4928	-3.9156	-0.3061
2.4928	-3.9096	-0.30568
2.4928	-3.9087	-0.30689
2.4928	-3.8929	-0.33377
2.4928	-3.9166	-0.3092
2.4928	-3.9121	-0.31052
2.4928	-3.8944	-0.34183
2.4928	-3.92	-0.33146
2.4928	-3.9163	-0.34226
2.4928	-3.8937	-0.33005
2.4929	-3.8938	-0.3395
2.4929	-3.9215	-0.33452
2.4929	-3.8934	-0.32404
2.4929	-3.9012	-0.31348
2.4929	-3.9233	-0.30965
2.4929	-3.9197	-0.30871
2.493	-3.9087	-0.31078
2.493	-3.9053	-0.31095
2.493	-3.9038	-0.35127
2.493	-3.9223	-0.32303
2.493	-3.9004	-0.35234
2.493	-3.8971	-0.31601
2.4931	-3.9193	-0.31284
2.4931	-3.9162	-0.31421
2.4931	-3.8981	-0.3147
2.4931	-3.9087	-0.30426
2.4931	-3.9035	-0.34947
2.4931	-3.8934	-0.33184
2.4931	-3.9216	-0.32965
2.4931	-3.9137	-0.2982
2.4931	-3.913	-0.30468
2.4931	-3.9116	-0.30028
2.4932	-3.9246	-0.3179
2.4932	-3.9132	-0.34386
2.4932	-3.8985	-0.31326
2.4932	-3.9056	-0.34901
2.4933	-3.9166	-0.33958
2.4933	-3.9239	-0.32287
2.4933	-3.8966	-0.31872
2.4933	-3.8924	-0.32535
2.4933	-3.9183	-0.33812
2.4933	-3.924	-0.31958
2.4933	-3.8946	-0.34386
2.4934	-3.9266	-0.32027
2.4934	-3.8963	-0.32081
2.4934	-3.921	-0.32812
2.4934	-3.8973	-0.34472
2.4934	-3.9133	-0.30297
2.4934	-3.9133	-0.30952
2.4934	-3.9118	-0.30352
2.4934	-3.8981	-0.34891
2.4935	-3.8968	-0.35038
2.4935	-3.9153	-0.34367
2.4935	-3.895	-0.32423
2.4935	-3.8919	-0.33697
2.4936	-3.8995	-0.31474
2.4936	-3.9075	-0.30968
2.4936	-3.9118	-0.30625
2.4937	-3.9021	-0.35125
2.4937	-3.899	-0.35164
2.4937	-3.9229	-0.32138
2.4937	-3.9135	-0.30721
2.4938	-3.912	-0.34526
2.4938	-3.8962	-0.34326
2.4938	-3.8956	-0.33815
2.4938	-3.9225	-0.3247
2.4938	-3.8916	-0.33893
2.4938	-3.9248	-0.32114
2.4938	-3.9255	-0.32297
2.4938	-3.9126	-0.29655
2.4938	-3.9122	-0.31221
2.4938	-3.8911	-0.32797
2.4939	-3.9027	-0.34735
2.4939	-3.8955	-0.34512
2.4939	-3.8955	-0.34
2.4939	-3.9138	-0.34244
2.4939	-3.9085	-0.34952
2.4939	-3.9096	-0.30154
2.4939	-3.8912	-0.33344
2.4939	-3.9251	-0.31376
2.4939	-3.9097	-0.30701
2.4939	-3.9027	-0.31215
2.494	-3.9202	-0.31035
2.494	-3.9165	-0.3016
2.494	-3.893	-0.32825
2.494	-3.9109	-0.30804
2.494	-3.8984	-0.31742
2.494	-3.9188	-0.31172
2.4941	-3.8983	-0.34751
2.4941	-3.8946	-0.32268
2.4941	-3.9188	-0.30986
2.4941	-3.9048	-0.30899
2.4941	-3.9226	-0.33115
2.4941	-3.8905	-0.33611
2.4941	-3.9157	-0.30937
2.4941	-3.9012	-0.34877
2.4942	-3.9283	-0.31994
2.4942	-3.9242	-0.31123
2.4942	-3.9237	-0.3154
2.4942	-3.9215	-0.31123
2.4942	-3.9003	-0.35013
2.4942	-3.9135	-0.31305
2.4943	-3.8949	-0.34181
2.4943	-3.9009	-0.34691
2.4943	-3.9003	-0.31351
2.4943	-3.8963	-0.32212
2.4943	-3.8956	-0.31817
2.4943	-3.8934	-0.33482
2.4943	-3.9126	-0.30841
2.4943	-3.9275	-0.31753
2.4943	-3.9265	-0.31074
2.4943	-3.9202	-0.31628
2.4943	-3.9207	-0.30139
2.4943	-3.9227	-0.32959
2.4944	-3.9107	-0.34667
2.4944	-3.9073	-0.30748
2.4944	-3.9208	-0.32661
2.4944	-3.9161	-0.34225
2.4944	-3.9247	-0.33096
2.4944	-3.9127	-0.30185
2.4945	-3.9134	-0.29955
2.4945	-3.9202	-0.31207
2.4945	-3.903	-0.34912
2.4945	-3.9091	-0.34813
2.4945	-3.9175	-0.30909
2.4945	-3.9081	-0.30556
2.4945	-3.9141	-0.30439
2.4945	-3.894	-0.34039
2.4945	-3.9219	-0.31439
2.4945	-3.8968	-0.31624
2.4946	-3.9228	-0.31207
2.4946	-3.8927	-0.33068
2.4946	-3.9166	-0.31344
2.4946	-3.8937	-0.33766
2.4946	-3.9229	-0.31822
2.4946	-3.9193	-0.31344
2.4946	-3.9073	-0.34722
2.4947	-3.9263	-0.32159
2.4947	-3.9215	-0.31295
2.4947	-3.8976	-0.35427
2.4947	-3.9251	-0.31795
2.4947	-3.9129	-0.31087
2.4947	-3.9108	-0.30945
2.4947	-3.9043	-0.31085
2.4948	-3.9198	-0.33664
2.4948	-3.9191	-0.33498
2.4948	-3.899	-0.34905
2.4948	-3.8981	-0.35094
2.4948	-3.8963	-0.32001
2.4948	-3.9228	-0.31014
2.4948	-3.9193	-0.31523
2.4949	-3.8925	-0.32667
2.4949	-3.9251	-0.31246
2.4949	-3.8939	-0.32956
2.495	-3.9256	-0.32846
2.495	-3.9213	-0.30299
2.495	-3.9161	-0.31519
2.495	-3.9281	-0.31614
2.495	-3.9138	-0.30923
2.495	-3.9012	-0.35132
2.495	-3.8968	-0.34996
2.4951	-3.9211	-0.32824
2.4951	-3.9117	-0.30722
2.4951	-3.8922	-0.33344
2.4951	-3.918	-0.31425
2.4951	-3.8923	-0.33618
2.4951	-3.9168	-0.33953
2.4951	-3.9269	-0.31242
2.4951	-3.9223	-0.3161
2.4951	-3.9051	-0.34901
2.4952	-3.9237	-0.31333
2.4952	-3.9232	-0.32716
2.4952	-3.896	-0.34666
2.4952	-3.8953	-0.32133
2.4952	-3.8917	-0.33205
2.4953	-3.8952	-0.32406
2.4953	-3.8964	-0.34481
2.4953	-3.9154	-0.3123
2.4953	-3.9175	-0.31607
2.4953	-3.8973	-0.35266
2.4953	-3.899	-0.31603
2.4953	-3.8935	-0.32395
2.4954	-3.9274	-0.32014
2.4954	-3.9237	-0.31652
2.4954	-3.9154	-0.34096
2.4954	-3.9093	-0.30834
2.4954	-3.926	-0.31558
2.4954	-3.921	-0.31004
2.4954	-3.9126	-0.29854
2.4954	-3.9118	-0.29991
2.4955	-3.8911	-0.33066
2.4955	-3.9118	-0.31186
2.4955	-3.9026	-0.35034
2.4955	-3.896	-0.33867
2.4955	-3.8956	-0.34057
2.4955	-3.9205	-0.33522
2.4956	-3.8934	-0.32805
2.4956	-3.9223	-0.3257
2.4956	-3.8944	-0.32537
2.4956	-3.9258	-0.32688
2.4956	-3.8947	-0.3363
2.4956	-3.9202	-0.31736
2.4956	-3.8987	-0.32054
2.4956	-3.8942	-0.34242
2.4957	-3.8998	-0.3521
2.4957	-3.9251	-0.31414
2.4957	-3.9241	-0.30997
2.4957	-3.8936	-0.33213
2.4957	-3.9257	-0.32423
2.4957	-3.9016	-0.31342
2.4958	-3.8978	-0.31735
2.4958	-3.8998	-0.35024
2.4958	-3.8944	-0.33901
2.4958	-3.9233	-0.31505
2.4958	-3.9081	-0.30688
2.4958	-3.8968	-0.32104
2.4959	-3.9273	-0.3141
2.4959	-3.9017	-0.34887
2.4959	-3.908	-0.30962
2.4959	-3.9165	-0.30443
2.4959	-3.913	-0.30257
2.496	-3.9131	-0.30748
2.496	-3.9049	-0.30906
2.496	-3.9105	-0.31085
2.496	-3.8998	-0.34554
2.496	-3.8968	-0.34831
2.496	-3.9265	-0.31775
2.496	-3.8971	-0.31866
2.4961	-3.9157	-0.31358
2.4961	-3.9245	-0.32829
2.4961	-3.8948	-0.32006
2.4961	-3.8947	-0.33068
2.4961	-3.8934	-0.34046
2.4961	-3.8933	-0.33485
2.4961	-3.9148	-0.30436
2.4962	-3.8969	-0.32273
2.4962	-3.8978	-0.34465
2.4962	-3.8964	-0.31635
2.4962	-3.9124	-0.3438
2.4962	-3.9139	-0.31354
2.4962	-3.9134	-0.30068
2.4962	-3.92	-0.33335
2.4962	-3.9039	-0.3119
2.4962	-3.9107	-0.3453
2.4962	-3.9014	-0.34483
2.4962	-3.9003	-0.31471
2.4963	-3.9262	-0.32154
2.4963	-3.9246	-0.32563
2.4963	-3.9195	-0.31062
2.4963	-3.8981	-0.31309
2.4963	-3.9228	-0.32975
2.4963	-3.8952	-0.32234
2.4963	-3.8972	-0.34326
2.4964	-3.9237	-0.31814
2.4964	-3.9035	-0.34919
2.4964	-3.9171	-0.30928
2.4964	-3.9003	-0.34821
2.4964	-3.8956	-0.34267
2.4964	-3.8969	-0.3405
2.4964	-3.8922	-0.32933
2.4965	-3.9273	-0.31582
2.4965	-3.9072	-0.34556
2.4965	-3.918	-0.31764
2.4965	-3.8996	-0.31742
2.4965	-3.9166	-0.31579
2.4965	-3.9122	-0.29739
2.4965	-3.9017	-0.3468
2.4966	-3.921	-0.31579
2.4966	-3.9068	-0.34772
2.4966	-3.9031	-0.34775
2.4966	-3.8918	-0.33384
2.4966	-3.9108	-0.30733
2.4966	-3.9228	-0.3167
2.4966	-3.9182	-0.33803
2.4966	-3.9052	-0.34817
2.4966	-3.9165	-0.33713
2.4966	-3.9193	-0.30254
2.4966	-3.8935	-0.32641
2.4967	-3.9149	-0.34228
2.4967	-3.9141	-0.33908
2.4967	-3.8959	-0.33634
2.4967	-3.9126	-0.31253
2.4967	-3.9122	-0.29917
2.4967	-3.8956	-0.32409
2.4968	-3.9217	-0.33378
2.4968	-3.902	-0.31204
2.4968	-3.9145	-0.30295
2.4968	-3.9207	-0.33169
2.4968	-3.8988	-0.31873
2.4969	-3.92	-0.31305
2.4969	-3.8951	-0.32672
2.4969	-3.8943	-0.34347
2.4969	-3.9153	-0.30783
2.4969	-3.9153	-0.31526
2.4969	-3.9075	-0.3106
2.497	-3.913	-0.30419
2.497	-3.8965	-0.32543
2.497	-3.893	-0.33885
2.497	-3.905	-0.31083
2.497	-3.8956	-0.32956
2.497	-3.9241	-0.31572
2.497	-3.913	-0.30601
2.4971	-3.9133	-0.34238
2.4971	-3.9008	-0.31588
2.4971	-3.9202	-0.3175
2.4971	-3.9082	-0.34666
2.4971	-3.8948	-0.33972
2.4971	-3.9113	-0.30414
2.4972	-3.8946	-0.33489
2.4972	-3.9153	-0.34089
2.4972	-3.8987	-0.3392
2.4972	-3.9215	-0.31842
2.4972	-3.903	-0.34617
2.4972	-3.8987	-0.3433
2.4973	-3.9265	-0.32027
2.4973	-3.9197	-0.32024
2.4973	-3.9192	-0.3161
2.4973	-3.9113	-0.31148
2.4973	-3.8956	-0.34106
2.4973	-3.8942	-0.33213
2.4973	-3.9004	-0.34666
2.4973	-3.8934	-0.3235
2.4973	-3.8926	-0.33738
2.4973	-3.8921	-0.32535
2.4973	-3.9206	-0.33651
2.4973	-3.894	-0.32937
2.4973	-3.9256	-0.31887
2.4973	-3.8961	-0.34422
2.4974	-3.9015	-0.34345
2.4974	-3.9017	-0.34898
2.4974	-3.9223	-0.33106
2.4974	-3.9251	-0.3216
2.4974	-3.8922	-0.33548
2.4975	-3.9095	-0.31007
2.4975	-3.8972	-0.33548
2.4975	-3.9094	-0.3073
2.4975	-3.8978	-0.34188
2.4975	-3.9157	-0.30545
2.4975	-3.9187	-0.33363
2.4975	-3.9184	-0.31247
2.4976	-3.897	-0.32405
2.4976	-3.8969	-0.32132
2.4976	-3.9003	-0.34516
2.4976	-3.899	-0.34614
2.4976	-3.9026	-0.31316
2.4976	-3.9278	-0.31421
2.4976	-3.9278	-0.31235
2.4976	-3.9223	-0.31971
2.4976	-3.9025	-0.3447
2.4977	-3.9269	-0.31694
2.4977	-3.9251	-0.31694
2.4977	-3.894	-0.32157
2.4977	-3.9072	-0.30815
2.4977	-3.9048	-0.34698
2.4977	-3.8922	-0.32711
2.4977	-3.9164	-0.30903
2.4977	-3.8973	-0.33958
2.4977	-3.8969	-0.33727
2.4977	-3.9177	-0.33937
2.4977	-3.9214	-0.31691
2.4978	-3.9227	-0.31782
2.4978	-3.9004	-0.31463
2.4978	-3.8967	-0.31732
2.4979	-3.8963	-0.32676
2.4979	-3.8965	-0.33359
2.4979	-3.8942	-0.33356
2.4979	-3.8999	-0.33787
2.4979	-3.9202	-0.30335
2.4979	-3.899	-0.31735
2.4979	-3.9112	-0.30633
2.498	-3.9148	-0.3141
2.498	-3.9132	-0.30907
2.498	-3.8964	-0.34232
2.498	-3.9175	-0.31824
2.4981	-3.9241	-0.32423
2.4981	-3.8992	-0.33645
2.4981	-3.8955	-0.32807
2.4981	-3.9179	-0.32006
2.4981	-3.9019	-0.31473
2.4981	-3.8993	-0.34195
2.4982	-3.9113	-0.29707
2.4982	-3.8984	-0.32002
2.4982	-3.9169	-0.33557
2.4982	-3.8955	-0.3308
2.4982	-3.9192	-0.31912
2.4982	-3.9031	-0.31134
2.4983	-3.9216	-0.33506
2.4983	-3.9269	-0.31912
2.4983	-3.9191	-0.30514
2.4983	-3.9135	-0.30664
2.4983	-3.9251	-0.32003
2.4983	-3.9241	-0.31866
2.4983	-3.898	-0.32273
2.4983	-3.899	-0.34453
2.4984	-3.9237	-0.32139
2.4984	-3.9031	-0.34779
2.4984	-3.9207	-0.33345
2.4984	-3.9164	-0.31116
2.4984	-3.9183	-0.33798
2.4984	-3.9052	-0.30941
2.4984	-3.9181	-0.31421
2.4984	-3.9013	-0.34733
2.4984	-3.9004	-0.34358
2.4984	-3.8985	-0.34053
2.4984	-3.8983	-0.33503
2.4985	-3.91	-0.34498
2.4985	-3.9232	-0.32832
2.4985	-3.9161	-0.31768
2.4985	-3.9122	-0.31309
2.4985	-3.921	-0.31908
2.4986	-3.9134	-0.30478
2.4986	-3.9004	-0.31841
2.4986	-3.8973	-0.344
2.4986	-3.9148	-0.3106
2.4986	-3.9167	-0.30761
2.4987	-3.8974	-0.3295
2.4987	-3.9105	-0.31165
2.4987	-3.8934	-0.32273
2.4987	-3.9202	-0.32041
2.4987	-3.9078	-0.34586
2.4987	-3.9013	-0.34214
2.4988	-3.9002	-0.31599
2.4988	-3.9219	-0.32087
2.4988	-3.9059	-0.30797
2.4988	-3.8972	-0.33224
2.4988	-3.9082	-0.30912
2.4988	-3.921	-0.32269
2.4989	-3.9031	-0.34396
2.4989	-3.8917	-0.33471
2.4989	-3.8965	-0.32538
2.4989	-3.896	-0.33699
2.4989	-3.8942	-0.33468
2.4989	-3.8914	-0.32868
2.499	-3.926	-0.32129
2.499	-3.9206	-0.33643
2.499	-3.9141	-0.29607
2.499	-3.9135	-0.31389
2.499	-3.9012	-0.3365
2.499	-3.9188	-0.32125
2.4991	-3.9189	-0.33527
2.4991	-3.9144	-0.31526
2.4991	-3.9223	-0.33235
2.4991	-3.9153	-0.34085
2.4992	-3.904	-0.34663
2.4992	-3.9054	-0.31128
2.4992	-3.9223	-0.32969
2.4993	-3.8989	-0.31864
2.4993	-3.899	-0.32137
2.4993	-3.8981	-0.32399
2.4993	-3.9277	-0.31659
2.4994	-3.8995	-0.33917
2.4994	-3.9179	-0.31887
2.4994	-3.9091	-0.31151
2.4994	-3.9013	-0.34526
2.4994	-3.9004	-0.32949
2.4994	-3.899	-0.34337
2.4994	-3.896	-0.32998
2.4994	-3.8957	-0.33233
2.4994	-3.9025	-0.31335
2.4994	-3.9157	-0.3161
2.4994	-3.9066	-0.30672
2.4994	-3.8989	-0.33094
2.4995	-3.9233	-0.32024
2.4995	-3.899	-0.33368
2.4995	-3.9065	-0.30945
2.4995	-3.9237	-0.32486
2.4995	-3.9227	-0.3221
2.4995	-3.9091	-0.34568
2.4995	-3.9103	-0.30946
2.4996	-3.9152	-0.30457
2.4996	-3.9132	-0.31214
2.4996	-3.9039	-0.31053
2.4996	-3.8972	-0.32252
2.4996	-3.9179	-0.30455
2.4996	-3.9104	-0.34388
2.4997	-3.9241	-0.32665
2.4997	-3.9161	-0.31971
2.4997	-3.8999	-0.33776
2.4997	-3.8968	-0.34288
2.4997	-3.9025	-0.33385
2.4997	-3.898	-0.32815
2.4998	-3.9171	-0.32108
2.4998	-3.9035	-0.34232
2.4998	-3.9017	-0.3433
2.4998	-3.8986	-0.34186
2.4998	-3.8981	-0.33773
2.4998	-3.9206	-0.32157
2.4998	-3.9035	-0.34509
2.4998	-3.8918	-0.32711
2.4998	-3.8995	-0.33632
2.4998	-3.9214	-0.33505
2.4998	-3.9147	-0.30639
2.4999	-3.9167	-0.33572
2.4999	-3.8973	-0.33583
2.4999	-3.9014	-0.3174
2.4999	-3.9282	-0.31372
2.4999	-3.9237	-0.32339
2.4999	-3.9188	-0.3229
2.5	-3.9105	-0.31368
2.5	-3.9084	-0.30693
2.5	-3.9013	-0.32427
2.5	-3.9009	-0.32704
2.5	-3.9017	-0.33243
2.5	-3.9113	-0.31228
2.5	-3.9069	-0.34554
2.5	-3.8962	-0.33427
2.5001	-3.9052	-0.34596
2.5001	-3.9163	-0.3394
2.5001	-3.9124	-0.30689
2.5001	-3.9251	-0.32427
2.5001	-3.9195	-0.31987
2.5001	-3.8999	-0.33489
2.5002	-3.9126	-0.34134
2.5002	-3.8974	-0.32977
2.5002	-3.9006	-0.31871
2.5002	-3.9013	-0.32055
2.5002	-3.8978	-0.32655
2.5002	-3.8965	-0.32397
2.5002	-3.9009	-0.33101
2.5003	-3.9046	-0.31208
2.5003	-3.9008	-0.3413
2.5003	-3.8965	-0.33114
2.5003	-3.9092	-0.30821
2.5003	-3.9135	-0.31638
2.5004	-3.9148	-0.31729
2.5004	-3.9047	-0.34085
2.5004	-3.9165	-0.30364
2.5004	-3.9076	-0.34408
2.5004	-3.9009	-0.3228
2.5004	-3.9225	-0.32851
2.5004	-3.9202	-0.33379
2.5004	-3.9	-0.32142
2.5005	-3.9111	-0.31033
2.5005	-3.9118	-0.30556
2.5005	-3.8999	-0.34267
2.5005	-3.8919	-0.33342
2.5006	-3.9227	-0.32553
2.5006	-3.9171	-0.32367
2.5006	-3.8981	-0.33201
2.5006	-3.9273	-0.31771
2.5006	-3.9017	-0.31449
2.5006	-3.9004	-0.33941
2.5006	-3.9156	-0.32217
2.5006	-3.9188	-0.33655
2.5007	-3.9152	-0.31537
2.5007	-3.9035	-0.34354
2.5007	-3.9264	-0.32045
2.5007	-3.9096	-0.34446
2.5007	-3.8994	-0.32682
2.5008	-3.9157	-0.31856
2.5008	-3.9144	-0.30387
2.5008	-3.9118	-0.3426
2.5008	-3.9013	-0.33562
2.5008	-3.9127	-0.3042
2.5009	-3.9183	-0.32132
2.5009	-3.9176	-0.31936
2.5009	-3.8988	-0.32407
2.501	-3.9047	-0.30934
2.501	-3.8988	-0.32953
2.501	-3.9032	-0.3311
2.501	-3.9031	-0.327
2.5011	-3.9126	-0.3153
2.5011	-3.9004	-0.32865
2.5011	-3.8995	-0.33328
2.5011	-3.9004	-0.32543
2.5011	-3.9141	-0.32346
2.5012	-3.9069	-0.30932
2.5012	-3.9026	-0.3406
2.5013	-3.9056	-0.30799
2.5013	-3.9219	-0.32444
2.5013	-3.9019	-0.31601
2.5013	-3.898	-0.32811
2.5013	-3.9183	-0.3249
2.5014	-3.9219	-0.32721
2.5014	-3.9054	-0.31069
2.5014	-3.9019	-0.32558
2.5014	-3.9183	-0.32304
2.5014	-3.8999	-0.32027
2.5014	-3.902	-0.32968
2.5014	-3.9212	-0.33237
2.5014	-3.9026	-0.3134
2.5014	-3.8995	-0.3318
2.5015	-3.9195	-0.33513
2.5015	-3.9015	-0.32145
2.5015	-3.9197	-0.32395
2.5015	-3.9014	-0.31872
2.5015	-3.8994	-0.33639
2.5015	-3.9177	-0.33793
2.5015	-3.9282	-0.31474
2.5015	-3.9171	-0.3221
2.5015	-3.9153	-0.3378
2.5016	-3.9113	-0.31242
2.5016	-3.9014	-0.32415
2.5016	-3.9214	-0.329
2.5016	-3.9161	-0.32069
2.5016	-3.914	-0.34007
2.5016	-3.9057	-0.33958
2.5016	-3.8972	-0.33037
2.5017	-3.9142	-0.34218
2.5017	-3.9126	-0.32061
2.5017	-3.9105	-0.31379
2.5017	-3.9004	-0.33037
2.5017	-3.9144	-0.31838
2.5017	-3.9013	-0.32714
2.5017	-3.9035	-0.3419
2.5018	-3.9251	-0.32434
2.5018	-3.9163	-0.30502
2.5018	-3.9142	-0.30539
2.5019	-3.9073	-0.34467
2.5019	-3.904	-0.34046
2.5019	-3.9009	-0.33219
2.5019	-3.9004	-0.32297
2.5019	-3.9045	-0.31393
2.5019	-3.9255	-0.32203
2.5019	-3.9197	-0.32571
2.5019	-3.9122	-0.34095
2.5019	-3.9216	-0.33098
2.5019	-3.9047	-0.34277
2.5019	-3.9156	-0.3235
2.502	-3.9048	-0.34505
2.502	-3.9114	-0.33741
2.502	-3.9237	-0.32662
2.502	-3.9092	-0.34368
2.502	-3.9009	-0.33447
2.502	-3.9004	-0.34092
2.502	-3.9082	-0.30958
2.5021	-3.9091	-0.33772
2.5021	-3.9201	-0.33374
2.5021	-3.9022	-0.34354
2.5021	-3.9037	-0.32155
2.5021	-3.9021	-0.32013
2.5021	-3.9073	-0.30805
2.5022	-3.9148	-0.3201
2.5022	-3.9091	-0.31323
2.5022	-3.8995	-0.32609
2.5022	-3.9036	-0.32561
2.5022	-3.9148	-0.32207
2.5022	-3.913	-0.31642
2.5023	-3.903	-0.31465
2.5023	-3.9026	-0.33573
2.5024	-3.9029	-0.31876
2.5024	-3.9179	-0.32651
2.5024	-3.9091	-0.31092
2.5024	-3.9186	-0.33651
2.5024	-3.9113	-0.31547
2.5024	-3.8995	-0.32791
2.5024	-3.9167	-0.30633
2.5025	-3.9192	-0.32742
2.5025	-3.9114	-0.34218
2.5025	-3.9026	-0.32419
2.5025	-3.9023	-0.31736
2.5025	-3.91	-0.31206
2.5026	-3.9009	-0.3446
2.5027	-3.9017	-0.34032
2.5027	-3.902	-0.3228
2.5028	-3.9056	-0.30931
2.5028	-3.9204	-0.33221
2.5028	-3.9193	-0.32923
2.5028	-3.9118	-0.31768
2.5028	-3.9105	-0.34351
2.5029	-3.9139	-0.33885
2.5029	-3.9017	-0.33745
2.5029	-3.9057	-0.3379
2.5029	-3.9009	-0.33885
2.503	-3.9069	-0.33885
2.503	-3.9105	-0.31442
2.503	-3.9021	-0.31579
2.5031	-3.9206	-0.33051
2.5031	-3.917	-0.32406
2.5031	-3.9035	-0.32038
2.5031	-3.9013	-0.32865
2.5032	-3.9206	-0.32728
2.5032	-3.9135	-0.31989
2.5032	-3.9135	-0.31807
2.5032	-3.9039	-0.33927
2.5032	-3.9045	-0.31062
2.5032	-3.9064	-0.34106
2.5032	-3.9183	-0.32493
2.5032	-3.9126	-0.32125
2.5032	-3.9082	-0.31253
2.5033	-3.9219	-0.32816
2.5033	-3.9157	-0.33601
2.5033	-3.9166	-0.33783
2.5033	-3.9157	-0.32539
2.5033	-3.9061	-0.30797
2.5033	-3.9013	-0.3337
2.5034	-3.9044	-0.31879
2.5034	-3.9202	-0.32585
2.5034	-3.9073	-0.34386
2.5034	-3.9073	-0.33639
2.5034	-3.9072	-0.30966
2.5034	-3.9009	-0.33226
2.5034	-3.9183	-0.33457
2.5034	-3.9175	-0.33597
2.5034	-3.9031	-0.33457
2.5035	-3.91	-0.31754
2.5035	-3.9031	-0.33685
2.5035	-3.9038	-0.3133
2.5035	-3.9118	-0.31982
2.5035	-3.9094	-0.33944
2.5035	-3.9183	-0.30485
2.5035	-3.9161	-0.32259
2.5035	-3.9092	-0.34288
2.5036	-3.9048	-0.3433
2.5036	-3.9044	-0.33545
2.5036	-3.9017	-0.3304
2.5036	-3.9036	-0.316
2.5037	-3.9135	-0.34099
2.5037	-3.9126	-0.32392
2.5037	-3.9095	-0.31565
2.5037	-3.9144	-0.32346
2.5037	-3.9095	-0.31333
2.5037	-3.9068	-0.31892
2.5037	-3.9048	-0.34095
2.5038	-3.903	-0.31461
2.5038	-3.917	-0.3262
2.5038	-3.9118	-0.34095
2.5038	-3.9113	-0.31607
2.5038	-3.9161	-0.3345
2.5038	-3.9026	-0.33173
2.5038	-3.9022	-0.32528
2.5039	-3.9153	-0.33864
2.5039	-3.9082	-0.30803
2.504	-3.92	-0.33371
2.504	-3.9148	-0.32157
2.504	-3.9082	-0.31102
2.504	-3.9026	-0.33857
2.504	-3.9057	-0.312
2.504	-3.9192	-0.3303
2.504	-3.9044	-0.33811
2.504	-3.9026	-0.3188
2.5041	-3.906	-0.34414
2.5041	-3.9139	-0.32521
2.5041	-3.9126	-0.31694
2.5041	-3.9153	-0.30581
2.5041	-3.9227	-0.32658
2.5041	-3.9183	-0.32704
2.5041	-3.9091	-0.33443
2.5041	-3.9073	-0.31421
2.5042	-3.9157	-0.32704
2.5042	-3.9078	-0.34088
2.5042	-3.9078	-0.33766
2.5042	-3.8992	-0.34248
2.5042	-3.9033	-0.34277
2.5042	-3.9183	-0.32886
2.5042	-3.9135	-0.32241
2.5042	-3.9118	-0.33948
2.5042	-3.9105	-0.34039
2.5042	-3.9039	-0.31186
2.5043	-3.9026	-0.32381
2.5043	-3.9161	-0.33117
2.5043	-3.9118	-0.32241
2.5043	-3.9036	-0.32196
2.5043	-3.9091	-0.33205
2.5043	-3.9061	-0.30913
2.5044	-3.9192	-0.33205
2.5044	-3.917	-0.32977
2.5044	-3.917	-0.32791
2.5044	-3.9144	-0.3399
2.5044	-3.9113	-0.31778
2.5044	-3.9006	-0.34396
2.5044	-3.9096	-0.34172
2.5044	-3.9082	-0.33573
2.5044	-3.9073	-0.34263
2.5044	-3.906	-0.34032
2.5044	-3.9057	-0.34218
2.5044	-3.9056	-0.33713
2.5045	-3.9118	-0.3256
2.5045	-3.91	-0.31915
2.5045	-3.9007	-0.34067
2.5046	-3.9179	-0.3311
2.5046	-3.9157	-0.32371
2.5046	-3.9031	-0.33569
2.5046	-3.9073	-0.3127
2.5047	-3.9206	-0.33061
2.5047	-3.9113	-0.32094
2.5047	-3.9183	-0.33338
2.5047	-3.9175	-0.33706
2.5048	-3.9202	-0.32784
2.5048	-3.9026	-0.31589
2.5048	-3.9043	-0.32045
2.5048	-3.9051	-0.31502
2.5049	-3.9246	-0.32644
2.5049	-3.9036	-0.31733
2.5049	-3.9161	-0.3255
2.5049	-3.9135	-0.32872
2.5049	-3.9047	-0.32826
2.5049	-3.904	-0.33422
2.505	-3.9069	-0.31045
2.505	-3.9014	-0.34226
2.505	-3.9153	-0.33377
2.505	-3.9126	-0.33836
2.5051	-3.9047	-0.33604
2.5051	-3.9036	-0.31309
2.5051	-3.9069	-0.33555
2.5051	-3.9035	-0.33741
2.5052	-3.913	-0.32129
2.5052	-3.9026	-0.33002
2.5052	-3.9144	-0.33555
2.5052	-3.9091	-0.31807
2.5053	-3.91	-0.33878
2.5053	-3.9082	-0.3167
2.5053	-3.9053	-0.31078
2.5053	-3.9131	-0.32448
2.5053	-3.9113	-0.31943
2.5053	-3.9026	-0.32543
2.5053	-3.9105	-0.3277
2.5053	-3.9082	-0.31393
2.5053	-3.9073	-0.31533
2.5053	-3.9057	-0.33461
2.5054	-3.9171	-0.33415
2.5054	-3.9139	-0.33093
2.5054	-3.9113	-0.33552
2.5054	-3.9113	-0.33229
2.5054	-3.8983	-0.34268
2.5054	-3.9161	-0.33829
2.5054	-3.9113	-0.33044
2.5054	-3.9091	-0.3153
2.5054	-3.9049	-0.31867
2.5054	-3.9144	-0.32721
2.5054	-3.91	-0.33457
2.5055	-3.9214	-0.32953
2.5055	-3.9113	-0.33734
2.5055	-3.9105	-0.31666
2.5055	-3.9022	-0.33317
2.5055	-3.9092	-0.34011
2.5055	-3.9056	-0.31298
2.5055	-3.9192	-0.33457
2.5055	-3.9148	-0.32903
2.5055	-3.9045	-0.32213
2.5056	-3.9126	-0.32672
2.5056	-3.9087	-0.33317
2.5056	-3.8999	-0.34168
2.5056	-3.9126	-0.33363
2.5056	-3.9059	-0.31989
2.5056	-3.9148	-0.32578
2.5056	-3.91	-0.32304
2.5057	-3.9091	-0.33131
2.5057	-3.8998	-0.34007
2.5057	-3.917	-0.33268
2.5057	-3.9157	-0.33177
2.5057	-3.9091	-0.32946
2.5057	-3.9082	-0.33773
2.5057	-3.9069	-0.34007
2.5057	-3.9144	-0.33268
2.5058	-3.9251	-0.32532
2.5058	-3.9161	-0.32991
2.5059	-3.9096	-0.33678
2.5059	-3.9161	-0.32756
2.5059	-3.9113	-0.32434
2.5059	-3.9041	-0.31461
2.5059	-3.9114	-0.33909
2.506	-3.9085	-0.30956
2.506	-3.9069	-0.31747
2.5061	-3.9078	-0.3303
2.5061	-3.906	-0.32525
2.5061	-3.9139	-0.34043
2.5061	-3.9113	-0.32203
2.5061	-3.9135	-0.33629
2.5062	-3.9091	-0.31926
2.5062	-3.907	-0.31183
2.5062	-3.9052	-0.31694
2.5062	-3.9033	-0.31592
2.5062	-3.9062	-0.31414
2.5062	-3.8984	-0.3411
2.5062	-3.9057	-0.32704
2.5062	-3.9035	-0.33166
2.5063	-3.906	-0.33254
2.5064	-3.9175	-0.33713
2.5065	-3.9222	-0.32746
2.5065	-3.9153	-0.33895
2.5065	-3.9183	-0.33573
2.5065	-3.9179	-0.33114
2.5065	-3.9135	-0.33482
2.5065	-3.9048	-0.33345
2.5065	-3.9078	-0.33205
2.5065	-3.9045	-0.31232
2.5065	-3.91	-0.3325
2.5065	-3.9073	-0.31919
2.5065	-3.9052	-0.32882
2.5065	-3.9047	-0.32101
2.5066	-3.9109	-0.32052
2.5066	-3.91	-0.32465
2.5066	-3.9245	-0.32651
2.5066	-3.9126	-0.33016
2.5066	-3.9113	-0.32925
2.5066	-3.9044	-0.33569
2.5066	-3.9044	-0.32511
2.5066	-3.9035	-0.32974
2.5066	-3.9026	-0.32833
2.5067	-3.9096	-0.32833
2.5067	-3.9087	-0.34123
2.5067	-3.9069	-0.31596
2.5067	-3.9031	-0.3242
2.5067	-3.91	-0.32648
2.5067	-3.9092	-0.33846
2.5067	-3.9091	-0.32234
2.5067	-3.9087	-0.31729
2.5067	-3.9116	-0.32771
2.5067	-3.9118	-0.33429
2.5068	-3.9144	-0.33016
2.5068	-3.9069	-0.32097
2.5069	-3.9206	-0.33058
2.507	-3.9052	-0.3154
2.507	-3.9026	-0.32686
2.5071	-3.9091	-0.33054
2.5071	-3.9082	-0.32914
2.5071	-3.904	-0.32777
2.5071	-3.9197	-0.33328
2.5071	-3.9073	-0.32364
2.5071	-3.9119	-0.32632
2.5072	-3.9105	-0.32269
2.5072	-3.91	-0.33464
2.5074	-3.906	-0.31761
2.5075	-3.9078	-0.32217
2.5075	-3.9061	-0.31305
2.5075	-3.906	-0.32311
2.5075	-3.9048	-0.33184
2.5075	-3.9069	-0.32539
2.5075	-3.9061	-0.31989
2.5076	-3.9069	-0.33086
2.5076	-3.9044	-0.32308
2.5076	-3.9053	-0.32581
2.5077	-3.906	-0.32763
2.5078	-3.9091	-0.32437
2.5078	-3.9091	-0.32118
2.508	-3.9057	-0.33307
2.508	-3.9078	-0.32802
2.5081	-3.9192	-0.33447
2.5081	-3.9175	-0.3372
2.5081	-3.9183	-0.33583
2.5081	-3.9091	-0.32707
2.5083	-3.9091	-0.3229
2.5083	-3.9048	-0.33026
2.5083	-3.9069	-0.3188
2.5084	-3.9069	-0.32932
2.5084	-3.9039	-0.327
2.5086	-3.9052	-0.32423
2.5086	-3.9073	-0.32101
2.5086	-3.9206	-0.33065
2.5086	-3.9036	-0.33296
2.5087	-3.9073	-0.32648
2.5088	-3.9036	-0.32557
2.5088	-3.9061	-0.33149
2.5089	-3.9073	-0.32462
2.5091	-3.9227	-0.32686
2.5091	-3.9086	-0.3255
2.5095	-3.904	-0.33135
2.5097	-3.9069	-0.32854
2.5097	-3.9053	-0.32308
2.5099	-3.9183	-0.33587
2.5099	-3.9053	-0.32988
2.5104	-3.9093	-0.32381
2.5107	-3.924	-0.32651
2.5109	-3.9081	-0.32788
2.5111	-3.9201	-0.33194
2.512	-3.9209	-0.32988
