  2.395000	 -4.559200	 -0.236860	  0.000000	
  2.396640	 -4.557350	 -0.237600	  0.000000	
  2.398290	 -4.557280	 -0.237390	  0.000000	
  2.395560	 -4.560150	 -0.235250	  0.000000	
  2.395660	 -4.557770	 -0.235630	  0.000000	
  2.398290	 -4.558990	 -0.235390	  0.000000	
  2.390090	 -4.567370	 -0.227920	  0.000000	
  2.391280	 -4.566320	 -0.228770	  0.000000	
  2.393660	 -4.566350	 -0.229010	  0.000000	
  2.392650	 -4.567410	 -0.228170	  0.000000	
  2.391670	 -4.569650	 -0.225790	  0.000000	
  2.393170	 -4.569540	 -0.225580	  0.000000	
  2.394260	 -4.568560	 -0.226450	  0.000000	
  2.391100	 -4.568040	 -0.226800	  0.000000	
  2.392050	 -4.567620	 -0.225610	  0.000000	
  2.395380	 -4.566810	 -0.227780	  0.000000	
  2.392260	 -4.565300	 -0.230170	  0.000000	
  2.394360	 -4.563970	 -0.231430	  0.000000	
  2.393070	 -4.562780	 -0.231530	  0.000000	
  2.394220	 -4.561760	 -0.231850	  0.000000	
  2.394540	 -4.562150	 -0.230270	  0.000000	
  2.395660	 -4.561690	 -0.233250	  0.000000	
  2.394430	 -4.560610	 -0.232800	  0.000000	
  2.396640	 -4.560260	 -0.234090	  0.000000	
  2.395730	 -4.558890	 -0.234130	  0.000000	
  2.396710	 -4.557310	 -0.234440	  0.000000	
  2.396470	 -4.559100	 -0.232480	  0.000000	
  2.395840	 -4.560570	 -0.231080	  0.000000	
  2.392300	 -4.565300	 -0.228100	  0.000000	
  2.394290	 -4.565020	 -0.229920	  0.000000	
  2.394330	 -4.563970	 -0.228840	  0.000000	
  2.393170	 -4.565510	 -0.226420	  0.000000	
  2.395630	 -4.565550	 -0.229260	  0.000000	
  2.402110	 -4.542000	 -0.252700	  0.000000	
  2.403230	 -4.539930	 -0.252420	  0.000000	
  2.403760	 -4.541860	 -0.252460	  0.000000	
  2.398920	 -4.548720	 -0.245690	  0.000000	
  2.398680	 -4.550410	 -0.244780	  0.000000	
  2.398890	 -4.549250	 -0.243630	  0.000000	
  2.400390	 -4.548650	 -0.246010	  0.000000	
  2.399340	 -4.551250	 -0.243700	  0.000000	
  2.400430	 -4.549150	 -0.244470	  0.000000	
  2.402070	 -4.550090	 -0.244290	  0.000000	
  2.401900	 -4.544200	 -0.250770	  0.000000	
  2.400080	 -4.546590	 -0.248010	  0.000000	
  2.402290	 -4.546240	 -0.248740	  0.000000	
  2.400780	 -4.545220	 -0.249410	  0.000000	
  2.400780	 -4.544100	 -0.248320	  0.000000	
  2.404000	 -4.543890	 -0.250460	  0.000000	
  2.403860	 -4.546100	 -0.248010	  0.000000	
  2.403130	 -4.543120	 -0.251580	  0.000000	
  2.401760	 -4.542660	 -0.250700	  0.000000	
  2.402780	 -4.541190	 -0.250980	  0.000000	
  2.403020	 -4.542140	 -0.249480	  0.000000	
  2.402180	 -4.543540	 -0.248600	  0.000000	
  2.405790	 -4.542030	 -0.252180	  0.000000	
  2.406460	 -4.542870	 -0.251130	  0.000000	
  2.404210	 -4.539510	 -0.251230	  0.000000	
  2.403930	 -4.540730	 -0.249790	  0.000000	
  2.399520	 -4.547360	 -0.246570	  0.000000	
  2.400670	 -4.546340	 -0.246360	  0.000000	
  2.401650	 -4.547570	 -0.246810	  0.000000	
  2.402250	 -4.544060	 -0.247060	  0.000000	
  2.400600	 -4.546940	 -0.244850	  0.000000	
  2.402070	 -4.546310	 -0.243590	  0.000000	
  2.397520	 -4.553110	 -0.241420	  0.000000	
  2.395730	 -4.555380	 -0.239660	  0.000000	
  2.397240	 -4.555380	 -0.240020	  0.000000	
  2.398080	 -4.554400	 -0.240890	  0.000000	
  2.397660	 -4.554020	 -0.239350	  0.000000	
  2.398010	 -4.551810	 -0.242850	  0.000000	
  2.398150	 -4.551740	 -0.240750	  0.000000	
  2.395630	 -4.556050	 -0.238160	  0.000000	
  2.398290	 -4.556080	 -0.238860	  0.000000	
  2.397310	 -4.555940	 -0.237420	  0.000000	
  2.396710	 -4.556190	 -0.235950	  0.000000	
  2.400150	 -4.552970	 -0.242120	  0.000000	
  2.401090	 -4.553770	 -0.240470	  0.000000	
  2.402040	 -4.551670	 -0.242330	  0.000000	
  2.400110	 -4.548230	 -0.242890	  0.000000	
  2.399270	 -4.549600	 -0.242050	  0.000000	
  2.399730	 -4.556650	 -0.237670	  0.000000	
  2.401930	 -4.547990	 -0.241630	  0.000000	
  2.390050	 -4.576380	 -0.220000	  0.000000	
  2.387950	 -4.576130	 -0.219720	  0.000000	
  2.389070	 -4.575150	 -0.219020	  0.000000	
  2.388900	 -4.574690	 -0.221090	  0.000000	
  2.390050	 -4.573150	 -0.221410	  0.000000	
  2.387950	 -4.572280	 -0.222140	  0.000000	
  2.389670	 -4.570520	 -0.225020	  0.000000	
  2.387740	 -4.574130	 -0.219620	  0.000000	
  2.389350	 -4.572910	 -0.219900	  0.000000	
  2.389770	 -4.573260	 -0.218320	  0.000000	
  2.391210	 -4.575260	 -0.220350	  0.000000	
  2.391980	 -4.576060	 -0.219230	  0.000000	
  2.391390	 -4.577390	 -0.218320	  0.000000	
  2.390580	 -4.575540	 -0.218320	  0.000000	
  2.391880	 -4.571190	 -0.223720	  0.000000	
  2.393770	 -4.571010	 -0.223510	  0.000000	
  2.391670	 -4.573050	 -0.221760	  0.000000	
  2.391100	 -4.572140	 -0.222810	  0.000000	
  2.390300	 -4.570770	 -0.221790	  0.000000	
  2.390610	 -4.570100	 -0.223300	  0.000000	
  2.391810	 -4.569020	 -0.224140	  0.000000	
  2.393240	 -4.567760	 -0.223930	  0.000000	
  2.391700	 -4.570170	 -0.221090	  0.000000	
  2.395450	 -4.569090	 -0.225300	  0.000000	
  2.391670	 -4.574030	 -0.218150	  0.000000	
  2.393390	 -4.552610	 -0.246760	  0.000000	
  2.396470	 -4.551650	 -0.245000	  0.000000	
  2.388250	 -4.577950	 -0.216700	  0.000000	
  2.398970	 -4.548710	 -0.248970	  0.000000	
  2.396440	 -4.548100	 -0.250080	  0.000000	
  2.395830	 -4.549490	 -0.248600	  0.000000	
  2.394800	 -4.550270	 -0.249620	  0.000000	
  2.394400	 -4.551160	 -0.248250	  0.000000	
  2.400830	 -4.544590	 -0.252790	  0.000000	
  2.398810	 -4.544410	 -0.252630	  0.000000	
  2.401220	 -4.542180	 -0.256260	  0.000000	
  2.401590	 -4.542940	 -0.254350	  0.000000	
  2.399140	 -4.543570	 -0.254040	  0.000000	
  2.397040	 -4.545360	 -0.252960	  0.000000	
  2.399880	 -4.546720	 -0.250570	  0.000000	
  2.399680	 -4.545630	 -0.251920	  0.000000	
  2.396310	 -4.546910	 -0.252070	  0.000000	
  2.397890	 -4.547950	 -0.250860	  0.000000	
  2.387340	 -4.574460	 -0.224380	  0.000000	
  2.386870	 -4.577080	 -0.221610	  0.000000	
  2.387430	 -4.575920	 -0.222390	  0.000000	
  2.383460	 -4.579980	 -0.220950	  0.000000	
  2.382680	 -4.584850	 -0.214220	  0.000000	
  2.383850	 -4.583820	 -0.214470	  0.000000	
  2.383630	 -4.585770	 -0.212400	  0.000000	
  2.383740	 -4.584230	 -0.212570	  0.000000	
  2.382080	 -4.586250	 -0.212220	  0.000000	
  2.386300	 -4.578480	 -0.218340	  0.000000	
  2.386550	 -4.577850	 -0.220270	  0.000000	
  2.385000	 -4.578290	 -0.220080	  0.000000	
  2.384590	 -4.580640	 -0.217940	  0.000000	
  2.383130	 -4.580820	 -0.218390	  0.000000	
  2.384880	 -4.581560	 -0.216620	  0.000000	
  2.384750	 -4.578960	 -0.218150	  0.000000	
  2.385180	 -4.582380	 -0.214750	  0.000000	
  2.386680	 -4.579210	 -0.216460	  0.000000	
  2.382030	 -4.587870	 -0.210820	  0.000000	
  2.392600	 -4.556630	 -0.243030	  0.000000	
  2.393440	 -4.559470	 -0.239070	  0.000000	
  2.392580	 -4.558150	 -0.241000	  0.000000	
  2.394170	 -4.557910	 -0.239930	  0.000000	
  2.392600	 -4.561290	 -0.238140	  0.000000	
  2.391990	 -4.562660	 -0.236700	  0.000000	
  2.392570	 -4.562950	 -0.234860	  0.000000	
  2.394080	 -4.561260	 -0.235180	  0.000000	
  2.391950	 -4.564240	 -0.234000	  0.000000	
  2.392660	 -4.564340	 -0.232200	  0.000000	
  2.397930	 -4.551030	 -0.246740	  0.000000	
  2.395840	 -4.554130	 -0.244900	  0.000000	
  2.394270	 -4.552980	 -0.244890	  0.000000	
  2.395760	 -4.551110	 -0.246500	  0.000000	
  2.397090	 -4.549850	 -0.247410	  0.000000	
  2.395240	 -4.555420	 -0.243460	  0.000000	
  2.401840	 -4.546110	 -0.241480	  0.000000	
  2.397090	 -4.556530	 -0.232940	  0.000000	
  2.391950	 -4.559500	 -0.240150	  0.000000	
  2.390070	 -4.565350	 -0.233710	  0.000000	
  2.390480	 -4.567600	 -0.230400	  0.000000	
  2.391070	 -4.566300	 -0.231220	  0.000000	
  2.388900	 -4.570970	 -0.228020	  0.000000	
  2.388900	 -4.572600	 -0.225990	  0.000000	
  2.387170	 -4.573380	 -0.225730	  0.000000	
  2.388050	 -4.571490	 -0.226660	  0.000000	
  2.389770	 -4.569160	 -0.228910	  0.000000	
  2.388590	 -4.573300	 -0.224660	  0.000000	
