  2.378090	 -4.359720	  0.276750	  0.000000	
  2.380480	 -4.357730	  0.275040	  0.000000	
  2.378620	 -4.358080	  0.279630	  0.000000	
  2.380990	 -4.356160	  0.277960	  0.000000	
  2.380930	 -4.356230	  0.279500	  0.000000	
  2.382730	 -4.356220	  0.277940	  0.000000	
  2.382990	 -4.355370	  0.279390	  0.000000	
  2.385300	 -4.353670	  0.279270	  0.000000	
  2.378940	 -4.357140	  0.281090	  0.000000	
  2.381170	 -4.355460	  0.280930	  0.000000	
  2.379090	 -4.356510	  0.284050	  0.000000	
  2.378830	 -4.357300	  0.282630	  0.000000	
  2.381230	 -4.355230	  0.283940	  0.000000	
  2.382710	 -4.356060	  0.280980	  0.000000	
  2.381340	 -4.355010	  0.282430	  0.000000	
  2.383270	 -4.354400	  0.283860	  0.000000	
  2.379640	 -4.354900	  0.285460	  0.000000	
  2.380980	 -4.355760	  0.288540	  0.000000	
  2.381370	 -4.354710	  0.285440	  0.000000	
  2.383310	 -4.354220	  0.285370	  0.000000	
  2.381360	 -4.354680	  0.286940	  0.000000	
  2.383220	 -4.354410	  0.286910	  0.000000	
  2.383010	 -4.354930	  0.288460	  0.000000	
  2.385770	 -4.352330	  0.280650	  0.000000	
  2.385910	 -4.351810	  0.282150	  0.000000	
  2.385880	 -4.351860	  0.283660	  0.000000	
  2.385890	 -4.351750	  0.285160	  0.000000	
  2.386010	 -4.351350	  0.286630	  0.000000	
  2.387680	 -4.351120	  0.285090	  0.000000	
  2.387700	 -4.351010	  0.286600	  0.000000	
  2.385830	 -4.351840	  0.288180	  0.000000	
  2.387610	 -4.351160	  0.288110	  0.000000	
  2.380690	 -4.356450	  0.290090	  0.000000	
  2.380780	 -4.356220	  0.291600	  0.000000	
  2.382950	 -4.355000	  0.289970	  0.000000	
  2.385280	 -4.353300	  0.291320	  0.000000	
  2.383210	 -4.354180	  0.292940	  0.000000	
  2.383450	 -4.353590	  0.291390	  0.000000	
  2.385370	 -4.352920	  0.292820	  0.000000	
  2.382580	 -4.355900	  0.294580	  0.000000	
  2.385690	 -4.352190	  0.289730	  0.000000	
  2.387940	 -4.380200	  0.259840	  0.000000	
  2.380130	 -4.369160	  0.266770	  0.000000	
  2.381760	 -4.368970	  0.266710	  0.000000	
  2.379430	 -4.366060	  0.268080	  0.000000	
  2.378630	 -4.363220	  0.270930	  0.000000	
  2.380330	 -4.363460	  0.269400	  0.000000	
  2.380790	 -4.361970	  0.270810	  0.000000	
  2.380990	 -4.366580	  0.268100	  0.000000	
  2.382580	 -4.366540	  0.268070	  0.000000	
  2.383810	 -4.367780	  0.268130	  0.000000	
  2.381730	 -4.364430	  0.269460	  0.000000	
  2.380890	 -4.371540	  0.265380	  0.000000	
  2.382820	 -4.370730	  0.266820	  0.000000	
  2.390530	 -4.372490	  0.265350	  0.000000	
  2.384070	 -4.371570	  0.268380	  0.000000	
  2.379350	 -4.361050	  0.272260	  0.000000	
  2.382480	 -4.362170	  0.270790	  0.000000	
  2.384490	 -4.360920	  0.270670	  0.000000	
  2.385530	 -4.362730	  0.269280	  0.000000	
  2.386720	 -4.363830	  0.269340	  0.000000	
  2.388730	 -4.362970	  0.269270	  0.000000	
  2.388160	 -4.359590	  0.270570	  0.000000	
  2.389800	 -4.359750	  0.270540	  0.000000	
  2.391310	 -4.360370	  0.270560	  0.000000	
  2.390610	 -4.367640	  0.266530	  0.000000	
  2.392980	 -4.365340	  0.266360	  0.000000	
  2.388550	 -4.368560	  0.268140	  0.000000	
  2.391760	 -4.364290	  0.267800	  0.000000	
  2.390760	 -4.362130	  0.269190	  0.000000	
  2.392270	 -4.362810	  0.269210	  0.000000	
  2.392920	 -4.360850	  0.270580	  0.000000	
  2.395640	 -4.361960	  0.266100	  0.000000	
  2.397800	 -4.360560	  0.265980	  0.000000	
  2.399400	 -4.361040	  0.264490	  0.000000	
  2.400560	 -4.362200	  0.264550	  0.000000	
  2.399710	 -4.360090	  0.265910	  0.000000	
  2.401450	 -4.359550	  0.265880	  0.000000	
  2.395910	 -4.361160	  0.267560	  0.000000	
  2.394510	 -4.360740	  0.269050	  0.000000	
  2.397990	 -4.359910	  0.268950	  0.000000	
  2.394550	 -4.360560	  0.270550	  0.000000	
  2.398080	 -4.359530	  0.270450	  0.000000	
  2.397720	 -4.360700	  0.267490	  0.000000	
  2.399930	 -4.359400	  0.267370	  0.000000	
  2.399800	 -4.359690	  0.268920	  0.000000	
  2.401380	 -4.359600	  0.268890	  0.000000	
  2.402150	 -4.361780	  0.267540	  0.000000	
  2.399540	 -4.360350	  0.270470	  0.000000	
  2.381060	 -4.361180	  0.272270	  0.000000	
  2.383070	 -4.360410	  0.272200	  0.000000	
  2.385060	 -4.359180	  0.272080	  0.000000	
  2.379990	 -4.359240	  0.273660	  0.000000	
  2.381430	 -4.360030	  0.273690	  0.000000	
  2.383060	 -4.360390	  0.273700	  0.000000	
  2.382270	 -4.357580	  0.275010	  0.000000	
  2.383750	 -4.358330	  0.275070	  0.000000	
  2.385470	 -4.357890	  0.273500	  0.000000	
  2.385810	 -4.356880	  0.274950	  0.000000	
  2.387430	 -4.357060	  0.274930	  0.000000	
  2.386540	 -4.359780	  0.272100	  0.000000	
  2.388100	 -4.359760	  0.272080	  0.000000	
  2.388750	 -4.357860	  0.273450	  0.000000	
  2.389690	 -4.360020	  0.272090	  0.000000	
  2.391550	 -4.359700	  0.272030	  0.000000	
  2.390080	 -4.358850	  0.273510	  0.000000	
  2.386630	 -4.359460	  0.273600	  0.000000	
  2.382310	 -4.357360	  0.276520	  0.000000	
  2.384340	 -4.356570	  0.276440	  0.000000	
  2.386130	 -4.355880	  0.276370	  0.000000	
  2.384790	 -4.355310	  0.277860	  0.000000	
  2.386550	 -4.354690	  0.277790	  0.000000	
  2.387690	 -4.356210	  0.276390	  0.000000	
  2.391870	 -4.358710	  0.273480	  0.000000	
  2.389210	 -4.356470	  0.274860	  0.000000	
  2.390670	 -4.357040	  0.274880	  0.000000	
  2.392010	 -4.358190	  0.274940	  0.000000	
  2.389500	 -4.355500	  0.276320	  0.000000	
  2.388030	 -4.355190	  0.277810	  0.000000	
  2.389950	 -4.354240	  0.277730	  0.000000	
  2.386890	 -4.353680	  0.279240	  0.000000	
  2.388250	 -4.354550	  0.279270	  0.000000	
  2.390240	 -4.353320	  0.279150	  0.000000	
  2.391040	 -4.355900	  0.276330	  0.000000	
  2.392100	 -4.357960	  0.276450	  0.000000	
  2.391200	 -4.355450	  0.277800	  0.000000	
  2.393980	 -4.357520	  0.276420	  0.000000	
  2.392460	 -4.356820	  0.277870	  0.000000	
  2.394200	 -4.356870	  0.277880	  0.000000	
  2.390850	 -4.356360	  0.279390	  0.000000	
  2.392860	 -4.355600	  0.279320	  0.000000	
  2.394310	 -4.356480	  0.279340	  0.000000	
  2.393560	 -4.358940	  0.271950	  0.000000	
  2.393470	 -4.359040	  0.273500	  0.000000	
  2.394990	 -4.359270	  0.273470	  0.000000	
  2.396210	 -4.360020	  0.272020	  0.000000	
  2.396500	 -4.359150	  0.273450	  0.000000	
  2.393440	 -4.359080	  0.275000	  0.000000	
  2.395130	 -4.358740	  0.274970	  0.000000	
  2.396760	 -4.358300	  0.274900	  0.000000	
  2.397950	 -4.359790	  0.275010	  0.000000	
  2.398140	 -4.359280	  0.271950	  0.000000	
  2.398130	 -4.359250	  0.273460	  0.000000	
  2.399550	 -4.360250	  0.271980	  0.000000	
  2.400090	 -4.358690	  0.273390	  0.000000	
  2.401150	 -4.360050	  0.273460	  0.000000	
  2.401770	 -4.362630	  0.272140	  0.000000	
  2.401040	 -4.360450	  0.271990	  0.000000	
  2.401890	 -4.362240	  0.273610	  0.000000	
  2.399980	 -4.358860	  0.274900	  0.000000	
  2.401300	 -4.359630	  0.274960	  0.000000	
  2.402180	 -4.361320	  0.275060	  0.000000	
  2.395470	 -4.357720	  0.276390	  0.000000	
  2.395530	 -4.357450	  0.279400	  0.000000	
  2.399330	 -4.360630	  0.279590	  0.000000	
  2.400390	 -4.362040	  0.279660	  0.000000	
  2.397020	 -4.357480	  0.277870	  0.000000	
  2.398270	 -4.358750	  0.276430	  0.000000	
  2.398510	 -4.357980	  0.277890	  0.000000	
  2.397210	 -4.356860	  0.279330	  0.000000	
  2.398470	 -4.358070	  0.279400	  0.000000	
  2.399750	 -4.359500	  0.276490	  0.000000	
  2.399620	 -4.359890	  0.278000	  0.000000	
  2.401200	 -4.359750	  0.277970	  0.000000	
  2.402320	 -4.360940	  0.276530	  0.000000	
  2.402260	 -4.361010	  0.278070	  0.000000	
  2.401510	 -4.358930	  0.276420	  0.000000	
  2.402080	 -4.361550	  0.279620	  0.000000	
  2.402990	 -4.363530	  0.270660	  0.000000	
  2.402460	 -4.364900	  0.276820	  0.000000	
  2.402960	 -4.363240	  0.279730	  0.000000	
  2.387280	 -4.352410	  0.280660	  0.000000	
  2.388390	 -4.354020	  0.280770	  0.000000	
  2.387570	 -4.351540	  0.282120	  0.000000	
  2.388980	 -4.352270	  0.282140	  0.000000	
  2.390280	 -4.353140	  0.280660	  0.000000	
  2.387560	 -4.351510	  0.283630	  0.000000	
  2.389270	 -4.351400	  0.283600	  0.000000	
  2.390460	 -4.352490	  0.283660	  0.000000	
  2.391260	 -4.355170	  0.280810	  0.000000	
  2.393000	 -4.355130	  0.280780	  0.000000	
  2.391700	 -4.353810	  0.282220	  0.000000	
  2.393060	 -4.354830	  0.282280	  0.000000	
  2.394380	 -4.356170	  0.280840	  0.000000	
  2.392050	 -4.352740	  0.283640	  0.000000	
  2.394550	 -4.355580	  0.282310	  0.000000	
  2.393400	 -4.353810	  0.283700	  0.000000	
  2.394760	 -4.354980	  0.283770	  0.000000	
  2.389190	 -4.351640	  0.285110	  0.000000	
  2.389030	 -4.352010	  0.286660	  0.000000	
  2.388750	 -4.352750	  0.288210	  0.000000	
  2.392460	 -4.351450	  0.285060	  0.000000	
  2.390820	 -4.351320	  0.286590	  0.000000	
  2.392930	 -4.350120	  0.286470	  0.000000	
  2.390760	 -4.351490	  0.288100	  0.000000	
  2.393020	 -4.349740	  0.287940	  0.000000	
  2.393850	 -4.352550	  0.285120	  0.000000	
  2.394910	 -4.354460	  0.285230	  0.000000	
  2.395070	 -4.353960	  0.286730	  0.000000	
  2.396110	 -4.355450	  0.286800	  0.000000	
  2.395060	 -4.353830	  0.288240	  0.000000	
  2.398800	 -4.362160	  0.281190	  0.000000	
  2.399210	 -4.360870	  0.282610	  0.000000	
  2.399670	 -4.364060	  0.282850	  0.000000	
  2.399910	 -4.363240	  0.284310	  0.000000	
  2.395870	 -4.356380	  0.280820	  0.000000	
  2.396030	 -4.355830	  0.282320	  0.000000	
  2.398410	 -4.358190	  0.280940	  0.000000	
  2.398380	 -4.358190	  0.282450	  0.000000	
  2.395820	 -4.356350	  0.283870	  0.000000	
  2.398570	 -4.357620	  0.283910	  0.000000	
  2.399730	 -4.359330	  0.284020	  0.000000	
  2.400280	 -4.362100	  0.285720	  0.000000	
  2.399290	 -4.360480	  0.287120	  0.000000	
  2.400150	 -4.362490	  0.287270	  0.000000	
  2.399760	 -4.363530	  0.288870	  0.000000	
  2.395990	 -4.355850	  0.285330	  0.000000	
  2.397130	 -4.356840	  0.285400	  0.000000	
  2.397040	 -4.357090	  0.286910	  0.000000	
  2.398510	 -4.357690	  0.285420	  0.000000	
  2.398280	 -4.358280	  0.287010	  0.000000	
  2.395920	 -4.355890	  0.288350	  0.000000	
  2.397030	 -4.357060	  0.288410	  0.000000	
  2.399550	 -4.359770	  0.285570	  0.000000	
  2.384940	 -4.354100	  0.294420	  0.000000	
  2.384380	 -4.355710	  0.296060	  0.000000	
  2.386410	 -4.354280	  0.295940	  0.000000	
  2.387380	 -4.351750	  0.289690	  0.000000	
  2.388590	 -4.353160	  0.289760	  0.000000	
  2.387090	 -4.352530	  0.291250	  0.000000	
  2.388430	 -4.353530	  0.291310	  0.000000	
  2.390350	 -4.352550	  0.289690	  0.000000	
  2.390040	 -4.353410	  0.291280	  0.000000	
  2.386980	 -4.352850	  0.292800	  0.000000	
  2.388320	 -4.353850	  0.292860	  0.000000	
  2.391290	 -4.354500	  0.292850	  0.000000	
  2.392820	 -4.355100	  0.292870	  0.000000	
  2.394080	 -4.356520	  0.292980	  0.000000	
  2.392130	 -4.352180	  0.291170	  0.000000	
  2.392840	 -4.350230	  0.289490	  0.000000	
  2.393360	 -4.353620	  0.291240	  0.000000	
  2.394820	 -4.354440	  0.291300	  0.000000	
  2.394020	 -4.351820	  0.289590	  0.000000	
  2.386670	 -4.353610	  0.294350	  0.000000	
  2.388060	 -4.354510	  0.294410	  0.000000	
  2.390070	 -4.353210	  0.294290	  0.000000	
  2.389960	 -4.353420	  0.295800	  0.000000	
  2.387870	 -4.355000	  0.295960	  0.000000	
  2.387990	 -4.354550	  0.297430	  0.000000	
  2.389530	 -4.354610	  0.297440	  0.000000	
  2.391230	 -4.354670	  0.294360	  0.000000	
  2.392740	 -4.355340	  0.294420	  0.000000	
  2.391300	 -4.354420	  0.295870	  0.000000	
  2.394200	 -4.356170	  0.294440	  0.000000	
  2.390890	 -4.355530	  0.297460	  0.000000	
  2.392360	 -4.356330	  0.296010	  0.000000	
  2.393970	 -4.356810	  0.296000	  0.000000	
  2.392500	 -4.355950	  0.297480	  0.000000	
  2.394010	 -4.356630	  0.297500	  0.000000	
  2.395590	 -4.356740	  0.292960	  0.000000	
  2.399090	 -4.360900	  0.290180	  0.000000	
  2.399930	 -4.363030	  0.290330	  0.000000	
  2.399110	 -4.360800	  0.291690	  0.000000	
  2.395660	 -4.356550	  0.289940	  0.000000	
  2.396840	 -4.357520	  0.291510	  0.000000	
  2.398210	 -4.358420	  0.290020	  0.000000	
  2.398280	 -4.358170	  0.291530	  0.000000	
  2.398340	 -4.357920	  0.293030	  0.000000	
  2.399380	 -4.359900	  0.293140	  0.000000	
  2.395390	 -4.357260	  0.294510	  0.000000	
  2.396540	 -4.358150	  0.296070	  0.000000	
  2.397800	 -4.359370	  0.296140	  0.000000	
  2.398130	 -4.358430	  0.294580	  0.000000	
  2.395770	 -4.356020	  0.297430	  0.000000	
  2.401590	 -4.375740	  0.286690	  0.000000	
  2.402420	 -4.378140	  0.288390	  0.000000	
  2.401590	 -4.362880	  0.281220	  0.000000	
  2.401020	 -4.364410	  0.284370	  0.000000	
  2.403180	 -4.366850	  0.282990	  0.000000	
  2.403120	 -4.366970	  0.284540	  0.000000	
  2.402800	 -4.363580	  0.282790	  0.000000	
  2.400970	 -4.364480	  0.285880	  0.000000	
  2.400660	 -4.365340	  0.287470	  0.000000	
  2.400100	 -4.366890	  0.289110	  0.000000	
  2.401640	 -4.366830	  0.287570	  0.000000	
  2.402810	 -4.367830	  0.286090	  0.000000	
  2.403450	 -4.379310	  0.297560	  0.000000	
  2.386370	 -4.354350	  0.298960	  0.000000	
  2.385810	 -4.355850	  0.300590	  0.000000	
  2.387260	 -4.356490	  0.302120	  0.000000	
  2.388690	 -4.356770	  0.303640	  0.000000	
  2.387830	 -4.354920	  0.298970	  0.000000	
  2.389070	 -4.355730	  0.302050	  0.000000	
  2.390600	 -4.356320	  0.299050	  0.000000	
  2.392160	 -4.356790	  0.299070	  0.000000	
  2.394250	 -4.355810	  0.298960	  0.000000	
  2.390490	 -4.356480	  0.300560	  0.000000	
  2.390380	 -4.356850	  0.302110	  0.000000	
  2.391850	 -4.357650	  0.300660	  0.000000	
  2.390250	 -4.357140	  0.303660	  0.000000	
  2.395820	 -4.360070	  0.299260	  0.000000	
  2.393240	 -4.358650	  0.300690	  0.000000	
  2.395020	 -4.358060	  0.300620	  0.000000	
  2.382730	 -4.382490	  0.269720	  0.000000	
  2.382670	 -4.383500	  0.271110	  0.000000	
  2.382020	 -4.381640	  0.270890	  0.000000	
  2.382350	 -4.386120	  0.274000	  0.000000	
  2.382370	 -4.384120	  0.272480	  0.000000	
  2.381330	 -4.383930	  0.273720	  0.000000	
  2.380350	 -4.380700	  0.272000	  0.000000	
  2.380550	 -4.381910	  0.273460	  0.000000	
  2.379530	 -4.381800	  0.274700	  0.000000	
  2.378900	 -4.378960	  0.273090	  0.000000	
  2.376690	 -4.375300	  0.272550	  0.000000	
  2.377210	 -4.377950	  0.274170	  0.000000	
  2.375960	 -4.375500	  0.274520	  0.000000	
  2.375680	 -4.374060	  0.273690	  0.000000	
  2.374670	 -4.372900	  0.274170	  0.000000	
  2.386610	 -4.379700	  0.256450	  0.000000	
  2.387080	 -4.378030	  0.256350	  0.000000	
  2.389010	 -4.378390	  0.256500	  0.000000	
  2.386950	 -4.377860	  0.258310	  0.000000	
  2.388270	 -4.378440	  0.259100	  0.000000	
  2.390560	 -4.381110	  0.262170	  0.000000	
  2.389650	 -4.380070	  0.261350	  0.000000	
  2.389980	 -4.380430	  0.263410	  0.000000	
  2.387670	 -4.377710	  0.264300	  0.000000	
  2.392560	 -4.374520	  0.263040	  0.000000	
  2.391100	 -4.374980	  0.264980	  0.000000	
  2.392150	 -4.376200	  0.264500	  0.000000	
  2.393310	 -4.373380	  0.262340	  0.000000	
  2.394600	 -4.371740	  0.262270	  0.000000	
  2.387380	 -4.376480	  0.256880	  0.000000	
  2.385410	 -4.376020	  0.264660	  0.000000	
  2.384620	 -4.374100	  0.265100	  0.000000	
  2.381020	 -4.373040	  0.264070	  0.000000	
  2.379320	 -4.373260	  0.263980	  0.000000	
  2.391070	 -4.371770	  0.263360	  0.000000	
  2.390720	 -4.373480	  0.264160	  0.000000	
  2.395200	 -4.370340	  0.262870	  0.000000	
  2.393540	 -4.370500	  0.263410	  0.000000	
  2.394880	 -4.368910	  0.263380	  0.000000	
  2.392020	 -4.370870	  0.264660	  0.000000	
  2.391450	 -4.369130	  0.264470	  0.000000	
  2.392960	 -4.368730	  0.263890	  0.000000	
  2.390020	 -4.369520	  0.265710	  0.000000	
  2.391920	 -4.367510	  0.264370	  0.000000	
  2.390810	 -4.366210	  0.265480	  0.000000	
  2.383290	 -4.382150	  0.267710	  0.000000	
  2.383690	 -4.383600	  0.269210	  0.000000	
  2.389300	 -4.376700	  0.266990	  0.000000	
  2.392880	 -4.378930	  0.266790	  0.000000	
  2.390830	 -4.375580	  0.266350	  0.000000	
  2.390680	 -4.377320	  0.267140	  0.000000	
  2.381990	 -4.379540	  0.266070	  0.000000	
  2.380770	 -4.378090	  0.266520	  0.000000	
  2.381840	 -4.380410	  0.268800	  0.000000	
  2.380160	 -4.377360	  0.268390	  0.000000	
  2.380960	 -4.378320	  0.269840	  0.000000	
  2.386660	 -4.374660	  0.265950	  0.000000	
  2.385490	 -4.373270	  0.266400	  0.000000	
  2.379510	 -4.375620	  0.270160	  0.000000	
  2.378180	 -4.374060	  0.268580	  0.000000	
  2.383700	 -4.372080	  0.266150	  0.000000	
  2.381100	 -4.379570	  0.271300	  0.000000	
  2.379620	 -4.377790	  0.271680	  0.000000	
  2.388800	 -4.375100	  0.267460	  0.000000	
  2.390720	 -4.374530	  0.267550	  0.000000	
  2.386790	 -4.372710	  0.267750	  0.000000	
  2.388360	 -4.371750	  0.267810	  0.000000	
  2.389200	 -4.371690	  0.266540	  0.000000	
  2.388330	 -4.369570	  0.266920	  0.000000	
  2.386370	 -4.367240	  0.267240	  0.000000	
  2.386560	 -4.370590	  0.268230	  0.000000	
  2.385160	 -4.369900	  0.268040	  0.000000	
  2.388820	 -4.368100	  0.266190	  0.000000	
  2.389080	 -4.366380	  0.266020	  0.000000	
  2.387600	 -4.366660	  0.266600	  0.000000	
  2.389310	 -4.364470	  0.266530	  0.000000	
  2.395060	 -4.367100	  0.262550	  0.000000	
  2.395430	 -4.365750	  0.263110	  0.000000	
  2.394140	 -4.367050	  0.263820	  0.000000	
  2.396820	 -4.365530	  0.263870	  0.000000	
  2.398940	 -4.364080	  0.263890	  0.000000	
  2.393720	 -4.365560	  0.264330	  0.000000	
  2.393320	 -4.364190	  0.264830	  0.000000	
  2.396330	 -4.364000	  0.264350	  0.000000	
  2.395330	 -4.362830	  0.264860	  0.000000	
  2.392560	 -4.362430	  0.265280	  0.000000	
  2.393890	 -4.362090	  0.264670	  0.000000	
  2.396720	 -4.362450	  0.264250	  0.000000	
  2.399070	 -4.362330	  0.263730	  0.000000	
  2.396880	 -4.360720	  0.264750	  0.000000	
  2.398590	 -4.357750	  0.263280	  0.000000	
  2.399450	 -4.358730	  0.264110	  0.000000	
  2.392120	 -4.363680	  0.266010	  0.000000	
  2.394820	 -4.360190	  0.266570	  0.000000	
  2.395820	 -4.359520	  0.267890	  0.000000	
  2.397090	 -4.358990	  0.267290	  0.000000	
  2.377320	 -4.373030	  0.265790	  0.000000	
  2.377860	 -4.371520	  0.264360	  0.000000	
  2.376500	 -4.371030	  0.264870	  0.000000	
  2.375640	 -4.368910	  0.265290	  0.000000	
  2.376310	 -4.367500	  0.265850	  0.000000	
  2.374660	 -4.367720	  0.265760	  0.000000	
  2.377130	 -4.372770	  0.267720	  0.000000	
  2.375670	 -4.370020	  0.266710	  0.000000	
  2.376980	 -4.371550	  0.270260	  0.000000	
  2.376050	 -4.370430	  0.268740	  0.000000	
  2.379980	 -4.366770	  0.266720	  0.000000	
  2.375080	 -4.368240	  0.267820	  0.000000	
  2.374950	 -4.366940	  0.267030	  0.000000	
  2.375730	 -4.369000	  0.269240	  0.000000	
  2.375790	 -4.366860	  0.269720	  0.000000	
  2.374730	 -4.365580	  0.268860	  0.000000	
  2.378060	 -4.367330	  0.265970	  0.000000	
  2.377360	 -4.365540	  0.267080	  0.000000	
  2.379690	 -4.364350	  0.267800	  0.000000	
  2.376410	 -4.365380	  0.268950	  0.000000	
  2.375660	 -4.364480	  0.270160	  0.000000	
  2.378010	 -4.364420	  0.268340	  0.000000	
  2.378670	 -4.363160	  0.268940	  0.000000	
  2.377020	 -4.363260	  0.269490	  0.000000	
  2.375580	 -4.369870	  0.271970	  0.000000	
  2.374700	 -4.371920	  0.272740	  0.000000	
  2.374020	 -4.371150	  0.274610	  0.000000	
  2.375990	 -4.368190	  0.270510	  0.000000	
  2.374600	 -4.367660	  0.271690	  0.000000	
  2.374330	 -4.370430	  0.273240	  0.000000	
  2.374720	 -4.368880	  0.273110	  0.000000	
  2.374430	 -4.369580	  0.274480	  0.000000	
  2.374890	 -4.367960	  0.274380	  0.000000	
  2.375580	 -4.366570	  0.274280	  0.000000	
  2.376360	 -4.365300	  0.272250	  0.000000	
  2.376460	 -4.363510	  0.271420	  0.000000	
  2.376900	 -4.365970	  0.273670	  0.000000	
  2.377110	 -4.364260	  0.274170	  0.000000	
  2.384590	 -4.366280	  0.267690	  0.000000	
  2.384900	 -4.364570	  0.267530	  0.000000	
  2.383500	 -4.365010	  0.268130	  0.000000	
  2.383820	 -4.363300	  0.268670	  0.000000	
  2.386650	 -4.365550	  0.267110	  0.000000	
  2.388150	 -4.365260	  0.267170	  0.000000	
  2.387770	 -4.363740	  0.267670	  0.000000	
  2.390020	 -4.363260	  0.267120	  0.000000	
  2.387320	 -4.362100	  0.268150	  0.000000	
  2.387990	 -4.361920	  0.270170	  0.000000	
  2.386510	 -4.361160	  0.269990	  0.000000	
  2.383170	 -4.361450	  0.269110	  0.000000	
  2.379270	 -4.361990	  0.270170	  0.000000	
  2.381410	 -4.360460	  0.270860	  0.000000	
  2.382630	 -4.358820	  0.272790	  0.000000	
  2.377010	 -4.362170	  0.270690	  0.000000	
  2.376810	 -4.361960	  0.272620	  0.000000	
  2.375380	 -4.361340	  0.271800	  0.000000	
  2.376020	 -4.360040	  0.272400	  0.000000	
  2.376660	 -4.361760	  0.274590	  0.000000	
  2.378400	 -4.360020	  0.271250	  0.000000	
  2.378480	 -4.359090	  0.272480	  0.000000	
  2.380070	 -4.359870	  0.271370	  0.000000	
  2.376910	 -4.359190	  0.273690	  0.000000	
  2.376330	 -4.358500	  0.274900	  0.000000	
  2.378780	 -4.358340	  0.273750	  0.000000	
  2.380980	 -4.357900	  0.273230	  0.000000	
  2.391700	 -4.362290	  0.267180	  0.000000	
  2.392600	 -4.360590	  0.266420	  0.000000	
  2.393240	 -4.360380	  0.267780	  0.000000	
  2.392180	 -4.361010	  0.269080	  0.000000	
  2.389650	 -4.360800	  0.268200	  0.000000	
  2.388790	 -4.360830	  0.269470	  0.000000	
  2.391500	 -4.359290	  0.269520	  0.000000	
  2.395600	 -4.359230	  0.269830	  0.000000	
  2.393370	 -4.357560	  0.272810	  0.000000	
  2.387280	 -4.357990	  0.271060	  0.000000	
  2.389220	 -4.358530	  0.271940	  0.000000	
  2.387120	 -4.357840	  0.273020	  0.000000	
  2.383030	 -4.388060	  0.275560	  0.000000	
  2.382110	 -4.386940	  0.276730	  0.000000	
  2.381030	 -4.384550	  0.275080	  0.000000	
  2.380020	 -4.383380	  0.275560	  0.000000	
  2.377920	 -4.380870	  0.276480	  0.000000	
  2.377080	 -4.378840	  0.275560	  0.000000	
  2.376860	 -4.379570	  0.276960	  0.000000	
  2.375940	 -4.377510	  0.276010	  0.000000	
  2.374760	 -4.376100	  0.277780	  0.000000	
  2.375150	 -4.377550	  0.278610	  0.000000	
  2.377760	 -4.377560	  0.292070	  0.000000	
  2.380860	 -4.380180	  0.293270	  0.000000	
  2.381270	 -4.380640	  0.294670	  0.000000	
  2.378890	 -4.378870	  0.292960	  0.000000	
  2.379760	 -4.379910	  0.294480	  0.000000	
  2.378370	 -4.378250	  0.294860	  0.000000	
  2.375150	 -4.376490	  0.294420	  0.000000	
  2.376720	 -4.378360	  0.296070	  0.000000	
  2.375400	 -4.376790	  0.297120	  0.000000	
  2.374390	 -4.374620	  0.275630	  0.000000	
  2.373460	 -4.373490	  0.276770	  0.000000	
  2.373830	 -4.374970	  0.278260	  0.000000	
  2.373270	 -4.372280	  0.277970	  0.000000	
  2.372480	 -4.371320	  0.279150	  0.000000	
  2.373960	 -4.376150	  0.280390	  0.000000	
  2.372950	 -4.374910	  0.280830	  0.000000	
  2.372920	 -4.373920	  0.279400	  0.000000	
  2.372460	 -4.372300	  0.280540	  0.000000	
  2.372380	 -4.375360	  0.283500	  0.000000	
  2.371840	 -4.374680	  0.282040	  0.000000	
  2.372210	 -4.373060	  0.281910	  0.000000	
  2.372460	 -4.370260	  0.281010	  0.000000	
  2.371620	 -4.372350	  0.283780	  0.000000	
  2.371650	 -4.370350	  0.282920	  0.000000	
  2.371750	 -4.368380	  0.282090	  0.000000	
  2.373160	 -4.376280	  0.284950	  0.000000	
  2.372020	 -4.373820	  0.283970	  0.000000	
  2.371730	 -4.374570	  0.286000	  0.000000	
  2.373000	 -4.376060	  0.288250	  0.000000	
  2.371990	 -4.372740	  0.287170	  0.000000	
  2.372380	 -4.374190	  0.287990	  0.000000	
  2.371530	 -4.372230	  0.285740	  0.000000	
  2.372280	 -4.370010	  0.284280	  0.000000	
  2.370840	 -4.369370	  0.284760	  0.000000	
  2.372050	 -4.368740	  0.285450	  0.000000	
  2.370730	 -4.373360	  0.286480	  0.000000	
  2.371100	 -4.370660	  0.286210	  0.000000	
  2.371560	 -4.371170	  0.287640	  0.000000	
  2.371550	 -4.369120	  0.287410	  0.000000	
  2.372340	 -4.375270	  0.289420	  0.000000	
  2.372160	 -4.372950	  0.289160	  0.000000	
  2.373680	 -4.372710	  0.289950	  0.000000	
  2.374790	 -4.375030	  0.291600	  0.000000	
  2.372560	 -4.373440	  0.291260	  0.000000	
  2.373140	 -4.374110	  0.292680	  0.000000	
  2.371620	 -4.373310	  0.292490	  0.000000	
  2.374980	 -4.373170	  0.290740	  0.000000	
  2.369780	 -4.372240	  0.289580	  0.000000	
  2.372120	 -4.369830	  0.289540	  0.000000	
  2.370360	 -4.371770	  0.290910	  0.000000	
  2.373390	 -4.375380	  0.294800	  0.000000	
  2.374360	 -4.374510	  0.296130	  0.000000	
  2.374310	 -4.375510	  0.297560	  0.000000	
  2.375270	 -4.375580	  0.298990	  0.000000	
  2.374120	 -4.374180	  0.299400	  0.000000	
  2.378080	 -4.375850	  0.292610	  0.000000	
  2.380110	 -4.377240	  0.294890	  0.000000	
  2.379610	 -4.375630	  0.295360	  0.000000	
  2.378720	 -4.373530	  0.295740	  0.000000	
  2.373310	 -4.370300	  0.275780	  0.000000	
  2.373810	 -4.368840	  0.275680	  0.000000	
  2.373560	 -4.367490	  0.276850	  0.000000	
  2.374590	 -4.366480	  0.275520	  0.000000	
  2.375570	 -4.366590	  0.276940	  0.000000	
  2.374330	 -4.370450	  0.279200	  0.000000	
  2.373330	 -4.368270	  0.278250	  0.000000	
  2.373030	 -4.366870	  0.278760	  0.000000	
  2.374550	 -4.366470	  0.278150	  0.000000	
  2.377050	 -4.366110	  0.275670	  0.000000	
  2.376660	 -4.364690	  0.276840	  0.000000	
  2.376900	 -4.363070	  0.276040	  0.000000	
  2.376360	 -4.365320	  0.278170	  0.000000	
  2.375740	 -4.364580	  0.279370	  0.000000	
  2.377200	 -4.363450	  0.278070	  0.000000	
  2.372830	 -4.367680	  0.280120	  0.000000	
  2.374570	 -4.366490	  0.280140	  0.000000	
  2.373250	 -4.365990	  0.281320	  0.000000	
  2.374880	 -4.365730	  0.281410	  0.000000	
  2.373450	 -4.367310	  0.282110	  0.000000	
  2.373050	 -4.368900	  0.283540	  0.000000	
  2.375630	 -4.364430	  0.281340	  0.000000	
  2.376670	 -4.360790	  0.275780	  0.000000	
  2.377490	 -4.361780	  0.277270	  0.000000	
  2.376270	 -4.362310	  0.278550	  0.000000	
  2.372400	 -4.366090	  0.282590	  0.000000	
  2.373250	 -4.364900	  0.283190	  0.000000	
  2.373000	 -4.363500	  0.283690	  0.000000	
  2.376120	 -4.363080	  0.279940	  0.000000	
  2.375390	 -4.362250	  0.281120	  0.000000	
  2.377440	 -4.361690	  0.279900	  0.000000	
  2.376310	 -4.360360	  0.280980	  0.000000	
  2.375550	 -4.363350	  0.282540	  0.000000	
  2.373930	 -4.363510	  0.282420	  0.000000	
  2.374560	 -4.364240	  0.283880	  0.000000	
  2.374890	 -4.362560	  0.283750	  0.000000	
  2.376600	 -4.361680	  0.282470	  0.000000	
  2.375140	 -4.361010	  0.282950	  0.000000	
  2.375250	 -4.359100	  0.283420	  0.000000	
  2.377690	 -4.358120	  0.275620	  0.000000	
  2.376780	 -4.358100	  0.276860	  0.000000	
  2.378380	 -4.357860	  0.276980	  0.000000	
  2.378150	 -4.360620	  0.278540	  0.000000	
  2.378720	 -4.356240	  0.278150	  0.000000	
  2.383150	 -4.356230	  0.275180	  0.000000	
  2.378750	 -4.355250	  0.279380	  0.000000	
  2.378160	 -4.358690	  0.280970	  0.000000	
  2.378880	 -4.359480	  0.282430	  0.000000	
  2.376460	 -4.358670	  0.282150	  0.000000	
  2.376890	 -4.359150	  0.283540	  0.000000	
  2.377170	 -4.357460	  0.283410	  0.000000	
  2.382780	 -4.353800	  0.280220	  0.000000	
  2.379140	 -4.355720	  0.282740	  0.000000	
  2.377910	 -4.356330	  0.280080	  0.000000	
  2.377970	 -4.355320	  0.281280	  0.000000	
  2.379520	 -4.354050	  0.283270	  0.000000	
  2.374000	 -4.369020	  0.284970	  0.000000	
  2.373440	 -4.367280	  0.284740	  0.000000	
  2.374130	 -4.365950	  0.285340	  0.000000	
  2.374070	 -4.369090	  0.286960	  0.000000	
  2.373210	 -4.367040	  0.286670	  0.000000	
  2.373690	 -4.367580	  0.288100	  0.000000	
  2.374630	 -4.370750	  0.289820	  0.000000	
  2.376250	 -4.373710	  0.291560	  0.000000	
  2.375840	 -4.372160	  0.292030	  0.000000	
  2.374180	 -4.369220	  0.288960	  0.000000	
  2.373430	 -4.367290	  0.290030	  0.000000	
  2.374210	 -4.369240	  0.291620	  0.000000	
  2.373800	 -4.367700	  0.292090	  0.000000	
  2.374130	 -4.365900	  0.292600	  0.000000	
  2.373650	 -4.364270	  0.285110	  0.000000	
  2.373100	 -4.364690	  0.287120	  0.000000	
  2.375050	 -4.363710	  0.285840	  0.000000	
  2.376280	 -4.361260	  0.284370	  0.000000	
  2.375480	 -4.361370	  0.285640	  0.000000	
  2.375770	 -4.359700	  0.284850	  0.000000	
  2.373690	 -4.363230	  0.286350	  0.000000	
  2.375660	 -4.362500	  0.287100	  0.000000	
  2.374130	 -4.363720	  0.287740	  0.000000	
  2.375680	 -4.361610	  0.288340	  0.000000	
  2.373570	 -4.361980	  0.288180	  0.000000	
  2.376220	 -4.360210	  0.286240	  0.000000	
  2.374550	 -4.360290	  0.286780	  0.000000	
  2.373530	 -4.365220	  0.288510	  0.000000	
  2.375480	 -4.363210	  0.289130	  0.000000	
  2.374940	 -4.364680	  0.289900	  0.000000	
  2.375480	 -4.362300	  0.290370	  0.000000	
  2.375820	 -4.359740	  0.289470	  0.000000	
  2.374620	 -4.363180	  0.291700	  0.000000	
  2.375450	 -4.364180	  0.292520	  0.000000	
  2.376690	 -4.360780	  0.290960	  0.000000	
  2.375560	 -4.361420	  0.292270	  0.000000	
  2.375770	 -4.359650	  0.292070	  0.000000	
  2.377410	 -4.359750	  0.284970	  0.000000	
  2.376760	 -4.358070	  0.284780	  0.000000	
  2.378260	 -4.357650	  0.284830	  0.000000	
  2.379940	 -4.357640	  0.285620	  0.000000	
  2.378220	 -4.356630	  0.286030	  0.000000	
  2.376760	 -4.358060	  0.286740	  0.000000	
  2.377220	 -4.359540	  0.287560	  0.000000	
  2.377760	 -4.358190	  0.288130	  0.000000	
  2.375840	 -4.358810	  0.288040	  0.000000	
  2.379590	 -4.357230	  0.287560	  0.000000	
  2.378250	 -4.356650	  0.288030	  0.000000	
  2.380440	 -4.356160	  0.286850	  0.000000	
  2.382000	 -4.353830	  0.288050	  0.000000	
  2.377010	 -4.358360	  0.289430	  0.000000	
  2.378550	 -4.357990	  0.289520	  0.000000	
  2.378660	 -4.356090	  0.289990	  0.000000	
  2.376980	 -4.359210	  0.290830	  0.000000	
  2.377520	 -4.357860	  0.291400	  0.000000	
  2.377230	 -4.358560	  0.292760	  0.000000	
  2.379200	 -4.357790	  0.291520	  0.000000	
  2.378910	 -4.356390	  0.292650	  0.000000	
  2.381140	 -4.354810	  0.290050	  0.000000	
  2.381900	 -4.354690	  0.291440	  0.000000	
  2.394190	 -4.357570	  0.274870	  0.000000	
  2.391910	 -4.354010	  0.279620	  0.000000	
  2.384850	 -4.355160	  0.275240	  0.000000	
  2.383800	 -4.353920	  0.277020	  0.000000	
  2.383860	 -4.352220	  0.279490	  0.000000	
  2.384040	 -4.353350	  0.280910	  0.000000	
  2.384290	 -4.351790	  0.282110	  0.000000	
  2.384060	 -4.352450	  0.283480	  0.000000	
  2.386290	 -4.350240	  0.282770	  0.000000	
  2.382620	 -4.352560	  0.281390	  0.000000	
  2.392800	 -4.353000	  0.287500	  0.000000	
  2.384800	 -4.353330	  0.285600	  0.000000	
  2.385950	 -4.354650	  0.287780	  0.000000	
  2.386290	 -4.353160	  0.287020	  0.000000	
  2.383840	 -4.353050	  0.287470	  0.000000	
  2.386270	 -4.350210	  0.285400	  0.000000	
  2.386930	 -4.353900	  0.289110	  0.000000	
  2.384510	 -4.352990	  0.288830	  0.000000	
  2.384610	 -4.354790	  0.291650	  0.000000	
  2.386920	 -4.354840	  0.291200	  0.000000	
  2.376920	 -4.372450	  0.293490	  0.000000	
  2.377980	 -4.373730	  0.294340	  0.000000	
  2.376120	 -4.370460	  0.293870	  0.000000	
  2.376270	 -4.369510	  0.295100	  0.000000	
  2.375150	 -4.369290	  0.293010	  0.000000	
  2.375540	 -4.367570	  0.294210	  0.000000	
  2.374860	 -4.365680	  0.295250	  0.000000	
  2.375270	 -4.365070	  0.293920	  0.000000	
  2.376090	 -4.364910	  0.295950	  0.000000	
  2.376680	 -4.364640	  0.297310	  0.000000	
  2.377790	 -4.362990	  0.295910	  0.000000	
  2.377310	 -4.363500	  0.298540	  0.000000	
  2.378720	 -4.363130	  0.299960	  0.000000	
  2.380180	 -4.360970	  0.298520	  0.000000	
  2.379680	 -4.361450	  0.300520	  0.000000	
  2.381390	 -4.360340	  0.301210	  0.000000	
  2.385080	 -4.357380	  0.300560	  0.000000	
  2.375810	 -4.362710	  0.293060	  0.000000	
  2.376380	 -4.363360	  0.294480	  0.000000	
  2.376420	 -4.361440	  0.293620	  0.000000	
  2.376560	 -4.360590	  0.294890	  0.000000	
  2.376050	 -4.362930	  0.296420	  0.000000	
  2.375810	 -4.362670	  0.298350	  0.000000	
  2.379730	 -4.358370	  0.294900	  0.000000	
  2.378230	 -4.357610	  0.293390	  0.000000	
  2.378380	 -4.360840	  0.296370	  0.000000	
  2.378880	 -4.359430	  0.296940	  0.000000	
  2.380190	 -4.357870	  0.296870	  0.000000	
  2.378680	 -4.358100	  0.296110	  0.000000	
  2.379150	 -4.356660	  0.296010	  0.000000	
  2.380750	 -4.356510	  0.293510	  0.000000	
  2.379950	 -4.355600	  0.294640	  0.000000	
  2.383440	 -4.354470	  0.294820	  0.000000	
  2.381540	 -4.354270	  0.294640	  0.000000	
  2.381810	 -4.356640	  0.296890	  0.000000	
  2.381350	 -4.356120	  0.295500	  0.000000	
  2.382990	 -4.354910	  0.296820	  0.000000	
  2.381260	 -4.354920	  0.296670	  0.000000	
  2.378500	 -4.360020	  0.298270	  0.000000	
  2.379790	 -4.358430	  0.298230	  0.000000	
  2.381070	 -4.358910	  0.299720	  0.000000	
  2.379480	 -4.359050	  0.299600	  0.000000	
  2.381530	 -4.357410	  0.298260	  0.000000	
  2.384800	 -4.356060	  0.299070	  0.000000	
  2.382800	 -4.356700	  0.298950	  0.000000	
  2.382470	 -4.355380	  0.298160	  0.000000	
  2.382190	 -4.357110	  0.300280	  0.000000	
  2.382470	 -4.358520	  0.301780	  0.000000	
  2.383570	 -4.357600	  0.301100	  0.000000	
  2.381120	 -4.362080	  0.302040	  0.000000	
  2.382220	 -4.360250	  0.302610	  0.000000	
  2.384460	 -4.360820	  0.303490	  0.000000	
  2.385180	 -4.358500	  0.302650	  0.000000	
  2.385450	 -4.356810	  0.302490	  0.000000	
  2.384340	 -4.358510	  0.303930	  0.000000	
  2.386020	 -4.357470	  0.303950	  0.000000	
  2.385640	 -4.360050	  0.304840	  0.000000	
  2.386990	 -4.359540	  0.305570	  0.000000	
  2.389120	 -4.355530	  0.294750	  0.000000	
  2.386140	 -4.356590	  0.297260	  0.000000	
  2.388420	 -4.357480	  0.300840	  0.000000	
  2.389740	 -4.359880	  0.303850	  0.000000	
  2.388070	 -4.357930	  0.302840	  0.000000	
  2.388630	 -4.360490	  0.306490	  0.000000	
  2.380520	 -4.384040	  0.266970	  0.000000	
  2.380520	 -4.382530	  0.267420	  0.000000	
  2.382170	 -4.383510	  0.267180	  0.000000	
  2.383150	 -4.380640	  0.267420	  0.000000	
  2.384940	 -4.379590	  0.267560	  0.000000	
  2.385530	 -4.378050	  0.267910	  0.000000	
  2.379820	 -4.387650	  0.272920	  0.000000	
  2.380630	 -4.387890	  0.274360	  0.000000	
  2.380380	 -4.389020	  0.275480	  0.000000	
  2.380630	 -4.385550	  0.268580	  0.000000	
  2.381080	 -4.385830	  0.270050	  0.000000	
  2.380420	 -4.386040	  0.271700	  0.000000	
  2.380240	 -4.386530	  0.275380	  0.000000	
  2.382060	 -4.384040	  0.268790	  0.000000	
  2.382520	 -4.385370	  0.270300	  0.000000	
  2.381890	 -4.386530	  0.272010	  0.000000	
  2.384240	 -4.382430	  0.270890	  0.000000	
  2.385920	 -4.382390	  0.271630	  0.000000	
  2.384690	 -4.381270	  0.268190	  0.000000	
  2.385360	 -4.381060	  0.269630	  0.000000	
  2.385040	 -4.379550	  0.269070	  0.000000	
  2.385570	 -4.379410	  0.270540	  0.000000	
  2.386720	 -4.379060	  0.269280	  0.000000	
  2.387990	 -4.379170	  0.270120	  0.000000	
  2.386720	 -4.380640	  0.270890	  0.000000	
  2.387530	 -4.381410	  0.272330	  0.000000	
  2.388760	 -4.380010	  0.272080	  0.000000	
  2.387000	 -4.378080	  0.270720	  0.000000	
  2.389390	 -4.378220	  0.270860	  0.000000	
  2.389560	 -4.378680	  0.272360	  0.000000	
  2.381500	 -4.385270	  0.273030	  0.000000	
  2.383850	 -4.383480	  0.273060	  0.000000	
  2.385150	 -4.383620	  0.273870	  0.000000	
  2.383180	 -4.384740	  0.275310	  0.000000	
  2.384900	 -4.383690	  0.275450	  0.000000	
  2.384130	 -4.384460	  0.276670	  0.000000	
  2.385570	 -4.384000	  0.276920	  0.000000	
  2.386370	 -4.382710	  0.273630	  0.000000	
  2.387920	 -4.382250	  0.274360	  0.000000	
  2.387810	 -4.382290	  0.275940	  0.000000	
  2.388690	 -4.381060	  0.273660	  0.000000	
  2.389250	 -4.381340	  0.275130	  0.000000	
  2.389110	 -4.381870	  0.276710	  0.000000	
  2.390510	 -4.380040	  0.273840	  0.000000	
  2.391280	 -4.379270	  0.272640	  0.000000	
  2.393590	 -4.378540	  0.273730	  0.000000	
  2.390680	 -4.380460	  0.275340	  0.000000	
  2.391600	 -4.380640	  0.276740	  0.000000	
  2.393560	 -4.378570	  0.275270	  0.000000	
  2.394120	 -4.379410	  0.276740	  0.000000	
  2.395280	 -4.378050	  0.276460	  0.000000	
  2.385390	 -4.375910	  0.256590	  0.000000	
  2.388650	 -4.376010	  0.256070	  0.000000	
  2.380000	 -4.374960	  0.265070	  0.000000	
  2.379640	 -4.369280	  0.264340	  0.000000	
  2.381120	 -4.368340	  0.264580	  0.000000	
  2.383780	 -4.368620	  0.264160	  0.000000	
  2.385500	 -4.367530	  0.264340	  0.000000	
  2.384380	 -4.366340	  0.264440	  0.000000	
  2.388160	 -4.366760	  0.264370	  0.000000	
  2.388270	 -4.365180	  0.264270	  0.000000	
  2.390020	 -4.365220	  0.264510	  0.000000	
  2.379430	 -4.377200	  0.269910	  0.000000	
  2.381850	 -4.376960	  0.268960	  0.000000	
  2.384060	 -4.377380	  0.268120	  0.000000	
  2.385290	 -4.377590	  0.269450	  0.000000	
  2.384380	 -4.375730	  0.270020	  0.000000	
  2.382660	 -4.375800	  0.270330	  0.000000	
  2.386510	 -4.376640	  0.269210	  0.000000	
  2.387070	 -4.375380	  0.270090	  0.000000	
  2.388130	 -4.374160	  0.269840	  0.000000	
  2.388020	 -4.376780	  0.270510	  0.000000	
  2.389670	 -4.376780	  0.271240	  0.000000	
  2.389070	 -4.372260	  0.269070	  0.000000	
  2.378520	 -4.367570	  0.269070	  0.000000	
  2.382550	 -4.357190	  0.271980	  0.000000	
  2.385250	 -4.357540	  0.270540	  0.000000	
  2.385500	 -4.355900	  0.272430	  0.000000	
  2.386230	 -4.358800	  0.268890	  0.000000	
  2.389810	 -4.357260	  0.269740	  0.000000	
  2.387210	 -4.356390	  0.271660	  0.000000	
  2.389320	 -4.356350	  0.271310	  0.000000	
  2.383960	 -4.355330	  0.273700	  0.000000	
  2.387210	 -4.355410	  0.273660	  0.000000	
  2.390020	 -4.356630	  0.272710	  0.000000	
  2.381680	 -4.354910	  0.275100	  0.000000	
  2.383220	 -4.354490	  0.275310	  0.000000	
  2.385390	 -4.353300	  0.276390	  0.000000	
  2.388760	 -4.354950	  0.274400	  0.000000	
  2.386060	 -4.354180	  0.274820	  0.000000	
  2.387570	 -4.353230	  0.276530	  0.000000	
  2.389320	 -4.353790	  0.276290	  0.000000	
  2.393350	 -4.369460	  0.265180	  0.000000	
  2.391910	 -4.370410	  0.266480	  0.000000	
  2.394290	 -4.369180	  0.266550	  0.000000	
  2.395560	 -4.368790	  0.267320	  0.000000	
  2.395310	 -4.361610	  0.263460	  0.000000	
  2.390230	 -4.367250	  0.263530	  0.000000	
  2.395870	 -4.367670	  0.264160	  0.000000	
  2.396260	 -4.367010	  0.265600	  0.000000	
  2.395210	 -4.365220	  0.265180	  0.000000	
  2.397590	 -4.365640	  0.265320	  0.000000	
  2.396990	 -4.367320	  0.267000	  0.000000	
  2.397870	 -4.364450	  0.266230	  0.000000	
  2.397380	 -4.365710	  0.267880	  0.000000	
  2.390790	 -4.363470	  0.263780	  0.000000	
  2.393730	 -4.363610	  0.267390	  0.000000	
  2.395660	 -4.364060	  0.266580	  0.000000	
  2.396150	 -4.362870	  0.267420	  0.000000	
  2.398850	 -4.363610	  0.267530	  0.000000	
  2.399940	 -4.362310	  0.267810	  0.000000	
  2.401580	 -4.360310	  0.267420	  0.000000	
  2.390580	 -4.373870	  0.269950	  0.000000	
  2.391100	 -4.377730	  0.272080	  0.000000	
  2.392860	 -4.376710	  0.272220	  0.000000	
  2.391700	 -4.375070	  0.270820	  0.000000	
  2.393520	 -4.375100	  0.271030	  0.000000	
  2.394540	 -4.373630	  0.271800	  0.000000	
  2.395630	 -4.375000	  0.271700	  0.000000	
  2.392230	 -4.371880	  0.269030	  0.000000	
  2.393490	 -4.371490	  0.269840	  0.000000	
  2.394430	 -4.369630	  0.269600	  0.000000	
  2.394290	 -4.371770	  0.271240	  0.000000	
  2.395590	 -4.368790	  0.268820	  0.000000	
  2.396290	 -4.372160	  0.271940	  0.000000	
  2.395730	 -4.370270	  0.270930	  0.000000	
  2.396540	 -4.369000	  0.270230	  0.000000	
  2.396540	 -4.370580	  0.272330	  0.000000	
  2.397100	 -4.369320	  0.271660	  0.000000	
  2.394150	 -4.375910	  0.272990	  0.000000	
  2.394360	 -4.377200	  0.275060	  0.000000	
  2.395310	 -4.376920	  0.273870	  0.000000	
  2.396610	 -4.375590	  0.274610	  0.000000	
  2.395210	 -4.374610	  0.273280	  0.000000	
  2.396540	 -4.374190	  0.274050	  0.000000	
  2.396290	 -4.376640	  0.276220	  0.000000	
  2.396540	 -4.374720	  0.276080	  0.000000	
  2.397660	 -4.373280	  0.275310	  0.000000	
  2.398640	 -4.374960	  0.276250	  0.000000	
  2.395980	 -4.373170	  0.273060	  0.000000	
  2.398530	 -4.371490	  0.274570	  0.000000	
  2.397760	 -4.369110	  0.273060	  0.000000	
  2.397970	 -4.369600	  0.274570	  0.000000	
  2.397760	 -4.373240	  0.276810	  0.000000	
  2.397870	 -4.371670	  0.276220	  0.000000	
  2.396540	 -4.370580	  0.274850	  0.000000	
  2.398990	 -4.369840	  0.275940	  0.000000	
  2.396920	 -4.367360	  0.269070	  0.000000	
  2.398960	 -4.367250	  0.269740	  0.000000	
  2.398110	 -4.368020	  0.271940	  0.000000	
  2.395590	 -4.362060	  0.272050	  0.000000	
  2.397520	 -4.362480	  0.272260	  0.000000	
  2.398750	 -4.361640	  0.271000	  0.000000	
  2.399030	 -4.366730	  0.273240	  0.000000	
  2.398220	 -4.367460	  0.274430	  0.000000	
  2.398360	 -4.367950	  0.275940	  0.000000	
  2.398890	 -4.366200	  0.275760	  0.000000	
  2.393240	 -4.362730	  0.272990	  0.000000	
  2.392440	 -4.363470	  0.274190	  0.000000	
  2.394540	 -4.362380	  0.274290	  0.000000	
  2.394500	 -4.362870	  0.275830	  0.000000	
  2.396190	 -4.362870	  0.274010	  0.000000	
  2.398390	 -4.363260	  0.273660	  0.000000	
  2.396080	 -4.360800	  0.273450	  0.000000	
  2.398820	 -4.362620	  0.275590	  0.000000	
  2.397170	 -4.362550	  0.276880	  0.000000	
  2.395940	 -4.361400	  0.275030	  0.000000	
  2.398320	 -4.360700	  0.276600	  0.000000	
  2.399410	 -4.365530	  0.269070	  0.000000	
  2.401090	 -4.365040	  0.269770	  0.000000	
  2.399410	 -4.366620	  0.271140	  0.000000	
  2.400920	 -4.365600	  0.271840	  0.000000	
  2.399870	 -4.363850	  0.268890	  0.000000	
  2.402290	 -4.362590	  0.268930	  0.000000	
  2.402780	 -4.360450	  0.268750	  0.000000	
  2.401930	 -4.362200	  0.270510	  0.000000	
  2.400010	 -4.365360	  0.273490	  0.000000	
  2.399100	 -4.365180	  0.274680	  0.000000	
  2.399660	 -4.364450	  0.276040	  0.000000	
  2.399830	 -4.363290	  0.272920	  0.000000	
  2.400950	 -4.363500	  0.275270	  0.000000	
  2.397900	 -4.359720	  0.263460	  0.000000	
  2.391950	 -4.358070	  0.267390	  0.000000	
  2.393940	 -4.358070	  0.266550	  0.000000	
  2.396710	 -4.359510	  0.265670	  0.000000	
  2.396610	 -4.357860	  0.265600	  0.000000	
  2.398080	 -4.358630	  0.264900	  0.000000	
  2.395590	 -4.357580	  0.267280	  0.000000	
  2.398610	 -4.358980	  0.266340	  0.000000	
  2.398220	 -4.358000	  0.267880	  0.000000	
  2.400220	 -4.358000	  0.266510	  0.000000	
  2.393170	 -4.357720	  0.268680	  0.000000	
  2.393770	 -4.357540	  0.270120	  0.000000	
  2.391810	 -4.357190	  0.270930	  0.000000	
  2.395420	 -4.357610	  0.269310	  0.000000	
  2.397130	 -4.358310	  0.270090	  0.000000	
  2.398890	 -4.358380	  0.269810	  0.000000	
  2.395210	 -4.357680	  0.272400	  0.000000	
  2.395800	 -4.357510	  0.270790	  0.000000	
  2.391560	 -4.356740	  0.272990	  0.000000	
  2.390680	 -4.355410	  0.273590	  0.000000	
  2.392930	 -4.356350	  0.273770	  0.000000	
  2.392610	 -4.355410	  0.275270	  0.000000	
  2.394500	 -4.355900	  0.275480	  0.000000	
  2.397130	 -4.357680	  0.272610	  0.000000	
  2.398680	 -4.357860	  0.272850	  0.000000	
  2.398390	 -4.357930	  0.274430	  0.000000	
  2.395660	 -4.356980	  0.273840	  0.000000	
  2.396710	 -4.356700	  0.275660	  0.000000	
  2.398680	 -4.357230	  0.275870	  0.000000	
  2.390510	 -4.354000	  0.274540	  0.000000	
  2.391350	 -4.353760	  0.276430	  0.000000	
  2.393350	 -4.355190	  0.276670	  0.000000	
  2.400110	 -4.357440	  0.276640	  0.000000	
  2.380800	 -4.388380	  0.277450	  0.000000	
  2.379570	 -4.387230	  0.279130	  0.000000	
  2.380240	 -4.388560	  0.279580	  0.000000	
  2.382170	 -4.387960	  0.278710	  0.000000	
  2.382940	 -4.385720	  0.277450	  0.000000	
  2.381360	 -4.386670	  0.278290	  0.000000	
  2.379750	 -4.383760	  0.291290	  0.000000	
  2.380350	 -4.377840	  0.299100	  0.000000	
  2.396010	 -4.377800	  0.277870	  0.000000	
  2.397800	 -4.377840	  0.280630	  0.000000	
  2.397410	 -4.378400	  0.282740	  0.000000	
  2.398570	 -4.378500	  0.284600	  0.000000	
  2.399520	 -4.377770	  0.283370	  0.000000	
  2.400040	 -4.378540	  0.285370	  0.000000	
  2.398850	 -4.378400	  0.286560	  0.000000	
  2.398220	 -4.379620	  0.287780	  0.000000	
  2.400740	 -4.378850	  0.286770	  0.000000	
  2.390050	 -4.374470	  0.294580	  0.000000	
  2.386130	 -4.352530	  0.277760	  0.000000	
  2.387990	 -4.352570	  0.277970	  0.000000	
  2.386480	 -4.350990	  0.280700	  0.000000	
  2.389740	 -4.351510	  0.280670	  0.000000	
  2.382830	 -4.350920	  0.282350	  0.000000	
  2.382310	 -4.351060	  0.284000	  0.000000	
  2.384620	 -4.350950	  0.284100	  0.000000	
  2.383290	 -4.350780	  0.285330	  0.000000	
  2.388860	 -4.349730	  0.285330	  0.000000	
  2.389040	 -4.350250	  0.287850	  0.000000	
  2.383530	 -4.376400	  0.296900	  0.000000	
  2.382130	 -4.377310	  0.298230	  0.000000	
  2.386480	 -4.375520	  0.295810	  0.000000	
  2.388340	 -4.376050	  0.296510	  0.000000	
  2.386690	 -4.376540	  0.297350	  0.000000	
  2.389420	 -4.358240	  0.304570	  0.000000	
  2.397200	 -4.376330	  0.277590	  0.000000	
  2.398010	 -4.376080	  0.278950	  0.000000	
  2.397590	 -4.374860	  0.277450	  0.000000	
  2.398890	 -4.373490	  0.278180	  0.000000	
  2.396750	 -4.377590	  0.279270	  0.000000	
  2.398640	 -4.376430	  0.280390	  0.000000	
  2.398710	 -4.374960	  0.279790	  0.000000	
  2.398920	 -4.372300	  0.277100	  0.000000	
  2.398990	 -4.371350	  0.278530	  0.000000	
  2.397900	 -4.369070	  0.277590	  0.000000	
  2.398920	 -4.377480	  0.281930	  0.000000	
  2.398530	 -4.375940	  0.281930	  0.000000	
  2.399760	 -4.375560	  0.281160	  0.000000	
  2.399620	 -4.373770	  0.279580	  0.000000	
  2.399730	 -4.370120	  0.277340	  0.000000	
  2.400320	 -4.369460	  0.278740	  0.000000	
  2.399380	 -4.372160	  0.280040	  0.000000	
  2.400500	 -4.373000	  0.280920	  0.000000	
  2.400670	 -4.371280	  0.281300	  0.000000	
  2.400040	 -4.370580	  0.279860	  0.000000	
  2.400600	 -4.368790	  0.280670	  0.000000	
  2.399620	 -4.376150	  0.283260	  0.000000	
  2.400360	 -4.374440	  0.282040	  0.000000	
  2.400880	 -4.374750	  0.283470	  0.000000	
  2.401230	 -4.373280	  0.282840	  0.000000	
  2.400950	 -4.376290	  0.284560	  0.000000	
  2.400950	 -4.373350	  0.284420	  0.000000	
  2.402250	 -4.374330	  0.284240	  0.000000	
  2.401720	 -4.374470	  0.285860	  0.000000	
  2.401270	 -4.371560	  0.283230	  0.000000	
  2.402920	 -4.371700	  0.283470	  0.000000	
  2.401130	 -4.369210	  0.282140	  0.000000	
  2.402040	 -4.369980	  0.283540	  0.000000	
  2.401760	 -4.372020	  0.284700	  0.000000	
  2.403020	 -4.372230	  0.285510	  0.000000	
  2.401200	 -4.370650	  0.285750	  0.000000	
  2.401230	 -4.369180	  0.285160	  0.000000	
  2.403300	 -4.369600	  0.285820	  0.000000	
  2.397760	 -4.367080	  0.277030	  0.000000	
  2.398920	 -4.368270	  0.278920	  0.000000	
  2.398820	 -4.365710	  0.277800	  0.000000	
  2.397410	 -4.365670	  0.279550	  0.000000	
  2.398890	 -4.365670	  0.280320	  0.000000	
  2.398920	 -4.363080	  0.277620	  0.000000	
  2.398080	 -4.363820	  0.278810	  0.000000	
  2.398820	 -4.363610	  0.280210	  0.000000	
  2.397450	 -4.359820	  0.283820	  0.000000	
  2.398460	 -4.360630	  0.284700	  0.000000	
  2.399240	 -4.368200	  0.277340	  0.000000	
  2.401300	 -4.368060	  0.278990	  0.000000	
  2.399970	 -4.366440	  0.278640	  0.000000	
  2.400500	 -4.366800	  0.280070	  0.000000	
  2.399130	 -4.367740	  0.280350	  0.000000	
  2.400850	 -4.365080	  0.280950	  0.000000	
  2.401020	 -4.359890	  0.280140	  0.000000	
  2.400570	 -4.367290	  0.281620	  0.000000	
  2.400600	 -4.368270	  0.283190	  0.000000	
  2.400600	 -4.366730	  0.283610	  0.000000	
  2.402140	 -4.368340	  0.283440	  0.000000	
  2.401270	 -4.365500	  0.282420	  0.000000	
  2.399240	 -4.365110	  0.281760	  0.000000	
  2.399480	 -4.367600	  0.284880	  0.000000	
  2.401580	 -4.367500	  0.285020	  0.000000	
  2.399480	 -4.365500	  0.285790	  0.000000	
  2.400180	 -4.362690	  0.281970	  0.000000	
  2.400500	 -4.362100	  0.283400	  0.000000	
  2.401440	 -4.360840	  0.281650	  0.000000	
  2.391980	 -4.374370	  0.294230	  0.000000	
  2.393140	 -4.373520	  0.293460	  0.000000	
  2.395140	 -4.373420	  0.293110	  0.000000	
  2.395240	 -4.374580	  0.294690	  0.000000	
  2.397620	 -4.373840	  0.293670	  0.000000	
  2.396470	 -4.372540	  0.291780	  0.000000	
  2.397730	 -4.371700	  0.291500	  0.000000	
  2.398820	 -4.372890	  0.292410	  0.000000	
  2.395490	 -4.371910	  0.293990	  0.000000	
  2.397520	 -4.371320	  0.293080	  0.000000	
  2.398530	 -4.369950	  0.294830	  0.000000	
  2.399830	 -4.376640	  0.286310	  0.000000	
  2.402390	 -4.374300	  0.287260	  0.000000	
  2.401690	 -4.374960	  0.288450	  0.000000	
  2.403340	 -4.374470	  0.289640	  0.000000	
  2.402710	 -4.372330	  0.287080	  0.000000	
  2.402710	 -4.370690	  0.287500	  0.000000	
  2.401970	 -4.368930	  0.287540	  0.000000	
  2.399870	 -4.371530	  0.289610	  0.000000	
  2.403480	 -4.372580	  0.288490	  0.000000	
  2.401550	 -4.371490	  0.288770	  0.000000	
  2.401060	 -4.370270	  0.289820	  0.000000	
  2.401580	 -4.375000	  0.291010	  0.000000	
  2.403410	 -4.373520	  0.291110	  0.000000	
  2.401720	 -4.373590	  0.292410	  0.000000	
  2.400250	 -4.374050	  0.293740	  0.000000	
  2.401090	 -4.372230	  0.290940	  0.000000	
  2.399550	 -4.372090	  0.291220	  0.000000	
  2.401060	 -4.369700	  0.291320	  0.000000	
  2.402430	 -4.368790	  0.291010	  0.000000	
  2.399240	 -4.370270	  0.292690	  0.000000	
  2.400780	 -4.369280	  0.292870	  0.000000	
  2.398920	 -4.367250	  0.286980	  0.000000	
  2.398430	 -4.365810	  0.287500	  0.000000	
  2.398220	 -4.366370	  0.289120	  0.000000	
  2.396400	 -4.360100	  0.288060	  0.000000	
  2.397900	 -4.361360	  0.287890	  0.000000	
  2.396220	 -4.360170	  0.290170	  0.000000	
  2.397590	 -4.360310	  0.289400	  0.000000	
  2.397030	 -4.366730	  0.290870	  0.000000	
  2.398850	 -4.366760	  0.290550	  0.000000	
  2.398850	 -4.366760	  0.292590	  0.000000	
  2.398570	 -4.364760	  0.290970	  0.000000	
  2.397380	 -4.366090	  0.292310	  0.000000	
  2.398290	 -4.364830	  0.292590	  0.000000	
  2.396290	 -4.367500	  0.294620	  0.000000	
  2.397760	 -4.368090	  0.294860	  0.000000	
  2.395840	 -4.366130	  0.293600	  0.000000	
  2.394610	 -4.365360	  0.294790	  0.000000	
  2.396710	 -4.364730	  0.293880	  0.000000	
  2.398430	 -4.366300	  0.294160	  0.000000	
  2.396050	 -4.361330	  0.291250	  0.000000	
  2.397310	 -4.359860	  0.291460	  0.000000	
  2.398460	 -4.362170	  0.293430	  0.000000	
  2.397730	 -4.363430	  0.294620	  0.000000	
  2.394780	 -4.360590	  0.292970	  0.000000	
  2.396500	 -4.360630	  0.293710	  0.000000	
  2.400780	 -4.368200	  0.286210	  0.000000	
  2.402530	 -4.367180	  0.288870	  0.000000	
  2.402990	 -4.367530	  0.290340	  0.000000	
  2.401860	 -4.362200	  0.286210	  0.000000	
  2.401200	 -4.363430	  0.288420	  0.000000	
  2.401160	 -4.361920	  0.289850	  0.000000	
  2.400530	 -4.366760	  0.290730	  0.000000	
  2.400780	 -4.367220	  0.292240	  0.000000	
  2.401270	 -4.367570	  0.293710	  0.000000	
  2.399900	 -4.362270	  0.292660	  0.000000	
  2.395770	 -4.356460	  0.277340	  0.000000	
  2.396750	 -4.358380	  0.280810	  0.000000	
  2.393940	 -4.354460	  0.278040	  0.000000	
  2.394500	 -4.354840	  0.280000	  0.000000	
  2.393380	 -4.353160	  0.280630	  0.000000	
  2.391460	 -4.352110	  0.279900	  0.000000	
  2.396400	 -4.358490	  0.282390	  0.000000	
  2.397480	 -4.357020	  0.282140	  0.000000	
  2.396260	 -4.358560	  0.283960	  0.000000	
  2.394930	 -4.358940	  0.285750	  0.000000	
  2.391770	 -4.351480	  0.281830	  0.000000	
  2.392650	 -4.354280	  0.285400	  0.000000	
  2.391000	 -4.351130	  0.284000	  0.000000	
  2.400320	 -4.358450	  0.278180	  0.000000	
  2.399760	 -4.359160	  0.280850	  0.000000	
  2.391530	 -4.350040	  0.285370	  0.000000	
  2.396150	 -4.357960	  0.285960	  0.000000	
  2.396400	 -4.358490	  0.287990	  0.000000	
  2.397030	 -4.359400	  0.286420	  0.000000	
  2.395310	 -4.358210	  0.289710	  0.000000	
  2.392260	 -4.354390	  0.288520	  0.000000	
  2.393310	 -4.354600	  0.289890	  0.000000	
  2.392230	 -4.351340	  0.288380	  0.000000	
  2.394500	 -4.358420	  0.293430	  0.000000	
  2.395350	 -4.357610	  0.291180	  0.000000	
  2.395520	 -4.358730	  0.292240	  0.000000	
  2.396080	 -4.355410	  0.291460	  0.000000	
  2.395420	 -4.358770	  0.294790	  0.000000	
  2.396470	 -4.356210	  0.294480	  0.000000	
  2.391560	 -4.353690	  0.290660	  0.000000	
  2.394500	 -4.354840	  0.293250	  0.000000	
  2.395980	 -4.354910	  0.293500	  0.000000	
  2.390790	 -4.349200	  0.286490	  0.000000	
  2.394540	 -4.376640	  0.297460	  0.000000	
  2.397760	 -4.375660	  0.296300	  0.000000	
  2.397340	 -4.374440	  0.295320	  0.000000	
  2.392020	 -4.372400	  0.298230	  0.000000	
  2.393310	 -4.372020	  0.297460	  0.000000	
  2.393350	 -4.368900	  0.297250	  0.000000	
  2.399480	 -4.374680	  0.295420	  0.000000	
  2.399730	 -4.369040	  0.295070	  0.000000	
  2.393910	 -4.366130	  0.295990	  0.000000	
  2.392610	 -4.364940	  0.298190	  0.000000	
  2.394500	 -4.364830	  0.297350	  0.000000	
  2.394500	 -4.364380	  0.298860	  0.000000	
  2.394610	 -4.367990	  0.295950	  0.000000	
  2.396430	 -4.368510	  0.296160	  0.000000	
  2.395910	 -4.366550	  0.296160	  0.000000	
  2.396610	 -4.365880	  0.294970	  0.000000	
  2.395770	 -4.364480	  0.296060	  0.000000	
  2.393520	 -4.363120	  0.296930	  0.000000	
  2.393520	 -4.361500	  0.296300	  0.000000	
  2.393630	 -4.359890	  0.296720	  0.000000	
  2.394010	 -4.362980	  0.298370	  0.000000	
  2.393280	 -4.360490	  0.298860	  0.000000	
  2.396680	 -4.363220	  0.295850	  0.000000	
  2.395450	 -4.362060	  0.295990	  0.000000	
  2.395140	 -4.360490	  0.294930	  0.000000	
  2.396920	 -4.361640	  0.295180	  0.000000	
  2.395310	 -4.362100	  0.298050	  0.000000	
  2.391530	 -4.366270	  0.299490	  0.000000	
  2.391810	 -4.364660	  0.300400	  0.000000	
  2.390440	 -4.364030	  0.301140	  0.000000	
  2.391980	 -4.363080	  0.301280	  0.000000	
  2.393140	 -4.363260	  0.299560	  0.000000	
  2.390890	 -4.361150	  0.300370	  0.000000	
  2.392090	 -4.361920	  0.299670	  0.000000	
  2.392160	 -4.360310	  0.300090	  0.000000	
  2.393000	 -4.361640	  0.301520	  0.000000	
  2.394330	 -4.360170	  0.300680	  0.000000	
  2.390300	 -4.361890	  0.302050	  0.000000	
  2.390960	 -4.360070	  0.301840	  0.000000	
  2.394430	 -4.359650	  0.298090	  0.000000	
  2.392960	 -4.358310	  0.298820	  0.000000	
  2.396920	 -4.356070	  0.295920	  0.000000	
  2.395350	 -4.357610	  0.297320	  0.000000	
  2.393490	 -4.355120	  0.295990	  0.000000	
  2.392400	 -4.354320	  0.297180	  0.000000	
  2.390860	 -4.359470	  0.300300	  0.000000	
  2.393170	 -4.355690	  0.300160	  0.000000	
  2.391980	 -4.358590	  0.302080	  0.000000	
  2.390930	 -4.358870	  0.303310	  0.000000	
  2.387650	 -4.374920	  0.268420	  0.000000	
  2.397720	 -4.367380	  0.264220	  0.000000	
  2.395790	 -4.369500	  0.264430	  0.000000	
  2.398840	 -4.365210	  0.267350	  0.000000	
  2.398330	 -4.368720	  0.269180	  0.000000	
  2.396570	 -4.369260	  0.266020	  0.000000	
  2.389960	 -4.376200	  0.258460	  0.000000	
  2.393520	 -4.371870	  0.264650	  0.000000	
  2.391010	 -4.372420	  0.268110	  0.000000	
  2.387100	 -4.376680	  0.266880	  0.000000	
  2.384890	 -4.382340	  0.265600	  0.000000	
  2.394770	 -4.357260	  0.286980	  0.000000	
  2.402010	 -4.364280	  0.272080	  0.000000	
  2.399920	 -4.361450	  0.276990	  0.000000	
  2.399570	 -4.368370	  0.270760	  0.000000	
  2.398870	 -4.370260	  0.272510	  0.000000	
  2.400370	 -4.366390	  0.275540	  0.000000	
  2.399530	 -4.371660	  0.275790	  0.000000	
  2.401520	 -4.365790	  0.285290	  0.000000	
  2.403950	 -4.375130	  0.287190	  0.000000	
  2.403000	 -4.375410	  0.285610	  0.000000	
  2.392270	 -4.380160	  0.274940	  0.000000	
  2.385160	 -4.383670	  0.272210	  0.000000	
  2.390910	 -4.382000	  0.278420	  0.000000	
  2.399270	 -4.376610	  0.277670	  0.000000	
  2.401110	 -4.377520	  0.287460	  0.000000	
  2.399790	 -4.362580	  0.295110	  0.000000	
  2.399700	 -4.364300	  0.291910	  0.000000	
  2.400650	 -4.370910	  0.292150	  0.000000	
  2.398720	 -4.371320	  0.295550	  0.000000	
  2.403260	 -4.375180	  0.292170	  0.000000	
  2.400970	 -4.375640	  0.295610	  0.000000	
  2.398420	 -4.369660	  0.297140	  0.000000	
  2.399670	 -4.370990	  0.297130	  0.000000	
  2.395060	 -4.380590	  0.289620	  0.000000	
  2.400260	 -4.377680	  0.289160	  0.000000	
  2.392930	 -4.375880	  0.297760	  0.000000	
  2.400300	 -4.375770	  0.297310	  0.000000	
  2.398100	 -4.368240	  0.266320	  0.000000	
  2.398770	 -4.367250	  0.267540	  0.000000	
  2.399170	 -4.369120	  0.267480	  0.000000	
  2.397420	 -4.370860	  0.268830	  0.000000	
  2.396420	 -4.370080	  0.267660	  0.000000	
  2.394970	 -4.370660	  0.265270	  0.000000	
  2.395910	 -4.371280	  0.268920	  0.000000	
  2.394000	 -4.371370	  0.266580	  0.000000	
  2.391560	 -4.372620	  0.266710	  0.000000	
  2.393280	 -4.372430	  0.267840	  0.000000	
  2.392720	 -4.373460	  0.269140	  0.000000	
  2.380870	 -4.369960	  0.265030	  0.000000	
  2.387200	 -4.372190	  0.265810	  0.000000	
  2.383060	 -4.373450	  0.263560	  0.000000	
  2.385890	 -4.375680	  0.267060	  0.000000	
  2.384380	 -4.375910	  0.267190	  0.000000	
  2.382440	 -4.374330	  0.266120	  0.000000	
  2.386110	 -4.380670	  0.268210	  0.000000	
  2.402120	 -4.366610	  0.271060	  0.000000	
  2.400970	 -4.367300	  0.272370	  0.000000	
  2.400970	 -4.363980	  0.273690	  0.000000	
  2.396110	 -4.359670	  0.276610	  0.000000	
  2.395150	 -4.358800	  0.277970	  0.000000	
  2.397160	 -4.360410	  0.280300	  0.000000	
  2.400700	 -4.368550	  0.274850	  0.000000	
  2.400090	 -4.374490	  0.277300	  0.000000	
  2.397640	 -4.378840	  0.277380	  0.000000	
  2.400760	 -4.371690	  0.278540	  0.000000	
  2.402210	 -4.374340	  0.282130	  0.000000	
  2.403610	 -4.373790	  0.285750	  0.000000	
  2.402910	 -4.376440	  0.287000	  0.000000	
  2.398390	 -4.379360	  0.279810	  0.000000	
  2.399950	 -4.379120	  0.280940	  0.000000	
  2.399750	 -4.380380	  0.282190	  0.000000	
  2.397020	 -4.379830	  0.281160	  0.000000	
  2.397840	 -4.380480	  0.282330	  0.000000	
  2.396990	 -4.381480	  0.279890	  0.000000	
  2.396420	 -4.382410	  0.282410	  0.000000	
  2.401260	 -4.378530	  0.283340	  0.000000	
  2.400690	 -4.381120	  0.284590	  0.000000	
  2.401910	 -4.377240	  0.285820	  0.000000	
  2.398950	 -4.381350	  0.284720	  0.000000	
  2.397980	 -4.382160	  0.283540	  0.000000	
  2.396490	 -4.382330	  0.284890	  0.000000	
  2.399450	 -4.381640	  0.287160	  0.000000	
  2.397440	 -4.381580	  0.286080	  0.000000	
  2.399450	 -4.369090	  0.273710	  0.000000	
  2.395770	 -4.372720	  0.270180	  0.000000	
  2.394180	 -4.373070	  0.270270	  0.000000	
  2.395280	 -4.378630	  0.275070	  0.000000	
  2.396880	 -4.378250	  0.276200	  0.000000	
  2.396500	 -4.379500	  0.278720	  0.000000	
  2.393810	 -4.380500	  0.275150	  0.000000	
  2.393540	 -4.381750	  0.276400	  0.000000	
  2.394320	 -4.380840	  0.277590	  0.000000	
  2.395140	 -4.381480	  0.278760	  0.000000	
  2.390720	 -4.382580	  0.276590	  0.000000	
  2.393760	 -4.381770	  0.280110	  0.000000	
  2.395660	 -4.381820	  0.281240	  0.000000	
  2.393990	 -4.381850	  0.282590	  0.000000	
  2.392200	 -4.381910	  0.281470	  0.000000	
  2.390940	 -4.382600	  0.280290	  0.000000	
  2.390040	 -4.381780	  0.281650	  0.000000	
  2.389450	 -4.381220	  0.282960	  0.000000	
  2.393450	 -4.381280	  0.285130	  0.000000	
  2.391890	 -4.381530	  0.283990	  0.000000	
  2.395800	 -4.381630	  0.287430	  0.000000	
  2.392720	 -4.380600	  0.286440	  0.000000	
  2.391160	 -4.380840	  0.285310	  0.000000	
  2.388650	 -4.382070	  0.284220	  0.000000	
  2.389370	 -4.381020	  0.285440	  0.000000	
  2.391560	 -4.381100	  0.287780	  0.000000	
  2.388820	 -4.382130	  0.286700	  0.000000	
  2.388710	 -4.380370	  0.288020	  0.000000	
  2.378800	 -4.369850	  0.262680	  0.000000	
  2.376780	 -4.364970	  0.265420	  0.000000	
  2.385150	 -4.383010	  0.269500	  0.000000	
  2.386200	 -4.383840	  0.270670	  0.000000	
  2.388710	 -4.382630	  0.272980	  0.000000	
  2.388440	 -4.383870	  0.274230	  0.000000	
  2.386760	 -4.384160	  0.274360	  0.000000	
  2.389600	 -4.383270	  0.275410	  0.000000	
  2.387520	 -4.384750	  0.275540	  0.000000	
  2.389460	 -4.383050	  0.277930	  0.000000	
  2.387840	 -4.383170	  0.278030	  0.000000	
  2.386480	 -4.385560	  0.278070	  0.000000	
  2.385400	 -4.386260	  0.276890	  0.000000	
  2.384540	 -4.385630	  0.274500	  0.000000	
  2.383920	 -4.384960	  0.278300	  0.000000	
  2.381840	 -4.384890	  0.278440	  0.000000	
  2.388580	 -4.383720	  0.280460	  0.000000	
  2.386810	 -4.383940	  0.280600	  0.000000	
  2.385900	 -4.385000	  0.279380	  0.000000	
  2.388590	 -4.383590	  0.282950	  0.000000	
  2.386550	 -4.383610	  0.283130	  0.000000	
  2.387100	 -4.382220	  0.285610	  0.000000	
  2.385230	 -4.384380	  0.280690	  0.000000	
  2.384140	 -4.384980	  0.282000	  0.000000	
  2.384970	 -4.384040	  0.283220	  0.000000	
  2.385040	 -4.383960	  0.285710	  0.000000	
  2.383230	 -4.384090	  0.284620	  0.000000	
  2.385980	 -4.382920	  0.286920	  0.000000	
  2.398770	 -4.365930	  0.296300	  0.000000	
  2.399030	 -4.366030	  0.298780	  0.000000	
  2.403750	 -4.377130	  0.288170	  0.000000	
  2.402740	 -4.376210	  0.289530	  0.000000	
  2.401420	 -4.371570	  0.293470	  0.000000	
  2.403410	 -4.380050	  0.289380	  0.000000	
  2.404270	 -4.380690	  0.291810	  0.000000	
  2.401830	 -4.380270	  0.290740	  0.000000	
  2.401630	 -4.380190	  0.288290	  0.000000	
  2.400110	 -4.380350	  0.289640	  0.000000	
  2.398180	 -4.380380	  0.291040	  0.000000	
  2.398190	 -4.382110	  0.288510	  0.000000	
  2.397300	 -4.381260	  0.289830	  0.000000	
  2.402120	 -4.380410	  0.293220	  0.000000	
  2.403060	 -4.379480	  0.295660	  0.000000	
  2.399850	 -4.380020	  0.292170	  0.000000	
  2.402250	 -4.377140	  0.294540	  0.000000	
  2.399490	 -4.378030	  0.295980	  0.000000	
  2.401390	 -4.379730	  0.294530	  0.000000	
  2.402100	 -4.376840	  0.298290	  0.000000	
  2.399340	 -4.377810	  0.298470	  0.000000	
  2.399790	 -4.368480	  0.293670	  0.000000	
  2.395150	 -4.379400	  0.291280	  0.000000	
  2.393010	 -4.380740	  0.288920	  0.000000	
  2.390900	 -4.380440	  0.289100	  0.000000	
  2.387480	 -4.380850	  0.289330	  0.000000	
  2.392810	 -4.378910	  0.291460	  0.000000	
  2.389600	 -4.379270	  0.290460	  0.000000	
  2.388640	 -4.378400	  0.291810	  0.000000	
  2.393650	 -4.378050	  0.292680	  0.000000	
  2.393180	 -4.375950	  0.295260	  0.000000	
  2.392020	 -4.374900	  0.296620	  0.000000	
  2.391650	 -4.377760	  0.295340	  0.000000	
  2.392980	 -4.378980	  0.293940	  0.000000	
  2.390910	 -4.378760	  0.292860	  0.000000	
  2.386040	 -4.381110	  0.290680	  0.000000	
  2.386160	 -4.379640	  0.291950	  0.000000	
  2.380330	 -4.377910	  0.292450	  0.000000	
  2.397670	 -4.366460	  0.297600	  0.000000	
  2.396920	 -4.367500	  0.298910	  0.000000	
  2.399190	 -4.367680	  0.299980	  0.000000	
  2.397140	 -4.369280	  0.298850	  0.000000	
  2.398800	 -4.372480	  0.297400	  0.000000	
  2.390850	 -4.372010	  0.300510	  0.000000	
  2.396960	 -4.367410	  0.301390	  0.000000	
  2.393510	 -4.366040	  0.301710	  0.000000	
  2.394200	 -4.368380	  0.301610	  0.000000	
  2.393360	 -4.367580	  0.302920	  0.000000	
  2.391060	 -4.374030	  0.297980	  0.000000	
  2.388580	 -4.373500	  0.298160	  0.000000	
  2.389820	 -4.372880	  0.299340	  0.000000	
  2.386450	 -4.373160	  0.299600	  0.000000	
  2.386240	 -4.381380	  0.288190	  0.000000	
  2.384370	 -4.381470	  0.289550	  0.000000	
  2.382880	 -4.381960	  0.289680	  0.000000	
  2.384000	 -4.383000	  0.288320	  0.000000	
  2.383530	 -4.380670	  0.290900	  0.000000	
  2.381370	 -4.382270	  0.289770	  0.000000	
  2.382300	 -4.381380	  0.292220	  0.000000	
  2.387590	 -4.381280	  0.254630	  0.000000	
  2.386280	 -4.382580	  0.253860	  0.000000	
  2.386990	 -4.379390	  0.254830	  0.000000	
  2.385840	 -4.380470	  0.254690	  0.000000	
  2.384960	 -4.392210	  0.275890	  0.000000	
  2.400280	 -4.363720	  0.266470	  0.000000	
  2.404500	 -4.362170	  0.269990	  0.000000	
  2.404510	 -4.360510	  0.270840	  0.000000	
  2.404230	 -4.361030	  0.268780	  0.000000	
  2.387600	 -4.382950	  0.255820	  0.000000	
  2.387850	 -4.379130	  0.257500	  0.000000	
  2.386370	 -4.379440	  0.258110	  0.000000	
  2.386330	 -4.376250	  0.259060	  0.000000	
  2.387400	 -4.375490	  0.260470	  0.000000	
  2.386080	 -4.376990	  0.261660	  0.000000	
  2.387460	 -4.375490	  0.262460	  0.000000	
  2.387410	 -4.385810	  0.268030	  0.000000	
  2.388190	 -4.384010	  0.267560	  0.000000	
  2.387300	 -4.388020	  0.272410	  0.000000	
  2.388040	 -4.386080	  0.269980	  0.000000	
  2.388720	 -4.386170	  0.271950	  0.000000	
  2.388970	 -4.380480	  0.265940	  0.000000	
  2.390480	 -4.380240	  0.267960	  0.000000	
  2.387970	 -4.382850	  0.266350	  0.000000	
  2.389190	 -4.381610	  0.267150	  0.000000	
  2.390090	 -4.379480	  0.266720	  0.000000	
  2.389530	 -4.375790	  0.264470	  0.000000	
  2.392600	 -4.375170	  0.267220	  0.000000	
  2.393530	 -4.376360	  0.269740	  0.000000	
  2.393570	 -4.377960	  0.271560	  0.000000	
  2.389940	 -4.383240	  0.270310	  0.000000	
  2.390680	 -4.381430	  0.269840	  0.000000	
  2.389180	 -4.383340	  0.268970	  0.000000	
  2.390820	 -4.382800	  0.271690	  0.000000	
  2.392010	 -4.380000	  0.270680	  0.000000	
  2.392150	 -4.381400	  0.272500	  0.000000	
  2.392040	 -4.378200	  0.268870	  0.000000	
  2.385570	 -4.385090	  0.265460	  0.000000	
  2.385740	 -4.386560	  0.266610	  0.000000	
  2.386040	 -4.387450	  0.267860	  0.000000	
  2.385210	 -4.386130	  0.267960	  0.000000	
  2.382830	 -4.385220	  0.268030	  0.000000	
  2.384520	 -4.384510	  0.266790	  0.000000	
  2.383580	 -4.383280	  0.266260	  0.000000	
  2.386540	 -4.388050	  0.269770	  0.000000	
  2.384630	 -4.387600	  0.269790	  0.000000	
  2.385820	 -4.388340	  0.271710	  0.000000	
  2.383580	 -4.388580	  0.271640	  0.000000	
  2.382810	 -4.387060	  0.270480	  0.000000	
  2.381230	 -4.384250	  0.271410	  0.000000	
  2.381350	 -4.382640	  0.272250	  0.000000	
  2.386680	 -4.382450	  0.265060	  0.000000	
  2.386750	 -4.380620	  0.264600	  0.000000	
  2.386020	 -4.379100	  0.264740	  0.000000	
  2.384100	 -4.378690	  0.266090	  0.000000	
  2.384710	 -4.377290	  0.265550	  0.000000	
  2.385910	 -4.374240	  0.263920	  0.000000	
  2.383370	 -4.378970	  0.268040	  0.000000	
  2.384160	 -4.374100	  0.268520	  0.000000	
  2.380710	 -4.373740	  0.268520	  0.000000	
  2.380950	 -4.374910	  0.270400	  0.000000	
  2.381450	 -4.377170	  0.270830	  0.000000	
  2.379830	 -4.376090	  0.271580	  0.000000	
  2.381160	 -4.377980	  0.272060	  0.000000	
  2.388980	 -4.373730	  0.263340	  0.000000	
  2.390050	 -4.371090	  0.261630	  0.000000	
  2.391810	 -4.368620	  0.262540	  0.000000	
  2.395350	 -4.361850	  0.261930	  0.000000	
  2.393370	 -4.364890	  0.262260	  0.000000	
  2.382170	 -4.369920	  0.263620	  0.000000	
  2.380400	 -4.370690	  0.263530	  0.000000	
  2.380640	 -4.368250	  0.262450	  0.000000	
  2.393820	 -4.374000	  0.267990	  0.000000	
  2.392700	 -4.373240	  0.264730	  0.000000	
  2.395110	 -4.372560	  0.268830	  0.000000	
  2.397020	 -4.371630	  0.270290	  0.000000	
  2.383150	 -4.372890	  0.267990	  0.000000	
  2.381970	 -4.372230	  0.266700	  0.000000	
  2.380520	 -4.372330	  0.267340	  0.000000	
  2.384990	 -4.368520	  0.267110	  0.000000	
  2.382860	 -4.373700	  0.269230	  0.000000	
  2.382040	 -4.372160	  0.268690	  0.000000	
  2.399640	 -4.382750	  0.285720	  0.000000	
  2.402320	 -4.381680	  0.289850	  0.000000	
  2.401310	 -4.382070	  0.286480	  0.000000	
  2.401670	 -4.378400	  0.290190	  0.000000	
  2.403110	 -4.363980	  0.273810	  0.000000	
  2.401100	 -4.367230	  0.274100	  0.000000	
  2.398410	 -4.375810	  0.285780	  0.000000	
  2.399420	 -4.370760	  0.288360	  0.000000	
  2.402830	 -4.364320	  0.288460	  0.000000	
  2.387040	 -4.388760	  0.274300	  0.000000	
  2.387850	 -4.388520	  0.275650	  0.000000	
  2.387420	 -4.389590	  0.276850	  0.000000	
  2.389950	 -4.384930	  0.272760	  0.000000	
  2.387600	 -4.387420	  0.273800	  0.000000	
  2.388770	 -4.386250	  0.273950	  0.000000	
  2.389990	 -4.385080	  0.276050	  0.000000	
  2.389170	 -4.387080	  0.277150	  0.000000	
  2.386840	 -4.391030	  0.277350	  0.000000	
  2.386960	 -4.390830	  0.279340	  0.000000	
  2.387130	 -4.388980	  0.279550	  0.000000	
  2.391140	 -4.384150	  0.278160	  0.000000	
  2.389240	 -4.387130	  0.279780	  0.000000	
  2.387660	 -4.386190	  0.280530	  0.000000	
  2.393040	 -4.381130	  0.273870	  0.000000	
  2.395940	 -4.379500	  0.276730	  0.000000	
  2.392000	 -4.381940	  0.275090	  0.000000	
  2.392980	 -4.381620	  0.277790	  0.000000	
  2.391490	 -4.383630	  0.281510	  0.000000	
  2.385080	 -4.390140	  0.273480	  0.000000	
  2.383790	 -4.390060	  0.274780	  0.000000	
  2.383690	 -4.388520	  0.273630	  0.000000	
  2.386170	 -4.390820	  0.275410	  0.000000	
  2.382480	 -4.391530	  0.275930	  0.000000	
  2.382460	 -4.390110	  0.276740	  0.000000	
  2.381910	 -4.387700	  0.273020	  0.000000	
  2.382010	 -4.389270	  0.275500	  0.000000	
  2.381220	 -4.384660	  0.276630	  0.000000	
  2.380560	 -4.383300	  0.277420	  0.000000	
  2.385080	 -4.390490	  0.277400	  0.000000	
  2.385020	 -4.389100	  0.278180	  0.000000	
  2.385570	 -4.387910	  0.278970	  0.000000	
  2.384190	 -4.387740	  0.278310	  0.000000	
  2.383070	 -4.388750	  0.277540	  0.000000	
  2.384970	 -4.387640	  0.280320	  0.000000	
  2.383450	 -4.386150	  0.279150	  0.000000	
  2.386160	 -4.386570	  0.280470	  0.000000	
  2.384430	 -4.385760	  0.280520	  0.000000	
  2.381820	 -4.383410	  0.278750	  0.000000	
  2.380010	 -4.384630	  0.278590	  0.000000	
  2.379310	 -4.382760	  0.278120	  0.000000	
  2.382620	 -4.385080	  0.280570	  0.000000	
  2.381480	 -4.384280	  0.279980	  0.000000	
  2.382450	 -4.383740	  0.281350	  0.000000	
  2.380870	 -4.382700	  0.280140	  0.000000	
  2.379250	 -4.383110	  0.280090	  0.000000	
  2.379350	 -4.380610	  0.273750	  0.000000	
  2.380450	 -4.381930	  0.281530	  0.000000	
  2.390030	 -4.385540	  0.283260	  0.000000	
  2.391170	 -4.384430	  0.282740	  0.000000	
  2.389420	 -4.386940	  0.282430	  0.000000	
  2.395620	 -4.380790	  0.283880	  0.000000	
  2.396390	 -4.379060	  0.284740	  0.000000	
  2.396620	 -4.377110	  0.285620	  0.000000	
  2.394720	 -4.379700	  0.285310	  0.000000	
  2.392570	 -4.382970	  0.283580	  0.000000	
  2.391350	 -4.382620	  0.284910	  0.000000	
  2.389620	 -4.383460	  0.284160	  0.000000	
  2.395270	 -4.378510	  0.286110	  0.000000	
  2.395940	 -4.377120	  0.288930	  0.000000	
  2.393870	 -4.378700	  0.290040	  0.000000	
  2.391180	 -4.379940	  0.286540	  0.000000	
  2.392160	 -4.379370	  0.287950	  0.000000	
  2.391540	 -4.377830	  0.289440	  0.000000	
  2.393350	 -4.376710	  0.290230	  0.000000	
  2.387450	 -4.386860	  0.282420	  0.000000	
  2.386850	 -4.385120	  0.282590	  0.000000	
  2.383220	 -4.383820	  0.282700	  0.000000	
  2.381490	 -4.384520	  0.282570	  0.000000	
  2.382030	 -4.383290	  0.284030	  0.000000	
  2.379940	 -4.383270	  0.282690	  0.000000	
  2.380380	 -4.384180	  0.283940	  0.000000	
  2.380300	 -4.382510	  0.284120	  0.000000	
  2.381510	 -4.384670	  0.285200	  0.000000	
  2.380700	 -4.383590	  0.285960	  0.000000	
  2.383800	 -4.384290	  0.286600	  0.000000	
  2.382840	 -4.383300	  0.287370	  0.000000	
  2.381390	 -4.383730	  0.287300	  0.000000	
  2.379120	 -4.383860	  0.286570	  0.000000	
  2.380050	 -4.383460	  0.288610	  0.000000	
  2.382070	 -4.383610	  0.289280	  0.000000	
  2.379800	 -4.382580	  0.290020	  0.000000	
  2.385850	 -4.382710	  0.284830	  0.000000	
  2.379340	 -4.381310	  0.282890	  0.000000	
  2.379360	 -4.381380	  0.284890	  0.000000	
  2.387570	 -4.379100	  0.290570	  0.000000	
  2.379850	 -4.382200	  0.287430	  0.000000	
  2.378720	 -4.373350	  0.269870	  0.000000	
  2.378000	 -4.375150	  0.270980	  0.000000	
  2.377900	 -4.367720	  0.263790	  0.000000	
  2.378350	 -4.370470	  0.266180	  0.000000	
  2.377370	 -4.369190	  0.266290	  0.000000	
  2.378780	 -4.371200	  0.267430	  0.000000	
  2.379100	 -4.372410	  0.268640	  0.000000	
  2.374380	 -4.366780	  0.273140	  0.000000	
  2.374920	 -4.365370	  0.271310	  0.000000	
  2.375280	 -4.362950	  0.272880	  0.000000	
  2.377930	 -4.382630	  0.277460	  0.000000	
  2.378160	 -4.382170	  0.279490	  0.000000	
  2.378650	 -4.379100	  0.275210	  0.000000	
  2.375880	 -4.377000	  0.274080	  0.000000	
  2.372960	 -4.377320	  0.277320	  0.000000	
  2.373580	 -4.372570	  0.275180	  0.000000	
  2.374510	 -4.376800	  0.276050	  0.000000	
  2.377870	 -4.381210	  0.278280	  0.000000	
  2.377070	 -4.379820	  0.279080	  0.000000	
  2.375560	 -4.379750	  0.279050	  0.000000	
  2.378380	 -4.381850	  0.281520	  0.000000	
  2.375230	 -4.380620	  0.280280	  0.000000	
  2.376400	 -4.379760	  0.281060	  0.000000	
  2.375300	 -4.378960	  0.281790	  0.000000	
  2.374610	 -4.378620	  0.279820	  0.000000	
  2.374030	 -4.378290	  0.281170	  0.000000	
  2.373150	 -4.377200	  0.281930	  0.000000	
  2.372620	 -4.376780	  0.279990	  0.000000	
  2.373370	 -4.376460	  0.278710	  0.000000	
  2.378130	 -4.382760	  0.286040	  0.000000	
  2.378310	 -4.382570	  0.288700	  0.000000	
  2.377210	 -4.382030	  0.290730	  0.000000	
  2.377320	 -4.381090	  0.282880	  0.000000	
  2.375840	 -4.381160	  0.282220	  0.000000	
  2.376310	 -4.380170	  0.283650	  0.000000	
  2.378520	 -4.380170	  0.284320	  0.000000	
  2.377310	 -4.381370	  0.286170	  0.000000	
  2.374960	 -4.380010	  0.284950	  0.000000	
  2.375590	 -4.378610	  0.286440	  0.000000	
  2.374300	 -4.377790	  0.283230	  0.000000	
  2.372040	 -4.376830	  0.283300	  0.000000	
  2.372870	 -4.378050	  0.283830	  0.000000	
  2.373980	 -4.378740	  0.285090	  0.000000	
  2.373880	 -4.377340	  0.285900	  0.000000	
  2.371650	 -4.376170	  0.286010	  0.000000	
  2.377710	 -4.380580	  0.287560	  0.000000	
  2.376040	 -4.381150	  0.287510	  0.000000	
  2.375110	 -4.379890	  0.288270	  0.000000	
  2.378310	 -4.381020	  0.289540	  0.000000	
  2.375990	 -4.381360	  0.289430	  0.000000	
  2.375730	 -4.380290	  0.290880	  0.000000	
  2.374200	 -4.378340	  0.287120	  0.000000	
  2.374730	 -4.377210	  0.288570	  0.000000	
  2.373110	 -4.377870	  0.288480	  0.000000	
  2.373890	 -4.379290	  0.289640	  0.000000	
  2.374300	 -4.378460	  0.291070	  0.000000	
  2.372740	 -4.377250	  0.289860	  0.000000	
  2.371430	 -4.375220	  0.290710	  0.000000	
  2.371040	 -4.374350	  0.288830	  0.000000	
  2.374880	 -4.363990	  0.274080	  0.000000	
  2.374010	 -4.364600	  0.278660	  0.000000	
  2.375150	 -4.361760	  0.276990	  0.000000	
  2.374740	 -4.362870	  0.278190	  0.000000	
  2.403040	 -4.378490	  0.291550	  0.000000	
  2.403270	 -4.376470	  0.293090	  0.000000	
  2.403370	 -4.374750	  0.293970	  0.000000	
  2.403660	 -4.372280	  0.294250	  0.000000	
  2.402610	 -4.371040	  0.291030	  0.000000	
  2.403560	 -4.370640	  0.292440	  0.000000	
  2.402820	 -4.370820	  0.294390	  0.000000	
  2.403060	 -4.375590	  0.295870	  0.000000	
  2.403010	 -4.373890	  0.295390	  0.000000	
  2.391710	 -4.377570	  0.291470	  0.000000	
  2.392920	 -4.376290	  0.291610	  0.000000	
  2.389750	 -4.377320	  0.292120	  0.000000	
  2.391660	 -4.376220	  0.292950	  0.000000	
  2.389250	 -4.377000	  0.294140	  0.000000	
  2.390110	 -4.375250	  0.297650	  0.000000	
  2.381180	 -4.382840	  0.291340	  0.000000	
  2.381250	 -4.382780	  0.293340	  0.000000	
  2.387000	 -4.378910	  0.293210	  0.000000	
  2.384790	 -4.380960	  0.294250	  0.000000	
  2.386120	 -4.379420	  0.294460	  0.000000	
  2.387310	 -4.378310	  0.294610	  0.000000	
  2.383320	 -4.382550	  0.292750	  0.000000	
  2.379430	 -4.381780	  0.291430	  0.000000	
  2.383110	 -4.381600	  0.294160	  0.000000	
  2.379660	 -4.381420	  0.294120	  0.000000	
  2.384850	 -4.381000	  0.296250	  0.000000	
  2.386250	 -4.379290	  0.297120	  0.000000	
  2.386540	 -4.378800	  0.298520	  0.000000	
  2.384800	 -4.379470	  0.297760	  0.000000	
  2.388800	 -4.376830	  0.298110	  0.000000	
  2.387880	 -4.377300	  0.299390	  0.000000	
  2.389410	 -4.375430	  0.298970	  0.000000	
  2.384710	 -4.378180	  0.299200	  0.000000	
  2.382670	 -4.381360	  0.296170	  0.000000	
  2.382690	 -4.379700	  0.297020	  0.000000	
  2.381920	 -4.379590	  0.295710	  0.000000	
  2.381080	 -4.378230	  0.296510	  0.000000	
  2.383270	 -4.378440	  0.298510	  0.000000	
  2.380530	 -4.379740	  0.298310	  0.000000	
  2.381690	 -4.378700	  0.299120	  0.000000	
  2.383360	 -4.376500	  0.299390	  0.000000	
  2.388910	 -4.375000	  0.300320	  0.000000	
  2.387560	 -4.374950	  0.300990	  0.000000	
  2.385310	 -4.376850	  0.300030	  0.000000	
  2.385370	 -4.375380	  0.300870	  0.000000	
  2.380750	 -4.379350	  0.300330	  0.000000	
  2.380400	 -4.378660	  0.301750	  0.000000	
  2.383800	 -4.375500	  0.300850	  0.000000	
  2.382060	 -4.378080	  0.301170	  0.000000	
  2.381880	 -4.376750	  0.301990	  0.000000	
  2.384330	 -4.376220	  0.302090	  0.000000	
  2.382090	 -4.374730	  0.302900	  0.000000	
  2.394950	 -4.374640	  0.291170	  0.000000	
  2.393540	 -4.374900	  0.292440	  0.000000	
  2.392850	 -4.373590	  0.295230	  0.000000	
  2.392020	 -4.370920	  0.299540	  0.000000	
  2.377910	 -4.382230	  0.292670	  0.000000	
  2.375720	 -4.382200	  0.291330	  0.000000	
  2.379280	 -4.380620	  0.292880	  0.000000	
  2.376410	 -4.380670	  0.292820	  0.000000	
  2.375850	 -4.378400	  0.291760	  0.000000	
  2.377520	 -4.381540	  0.294080	  0.000000	
  2.375280	 -4.379980	  0.294220	  0.000000	
  2.376480	 -4.380720	  0.295480	  0.000000	
  2.373320	 -4.377580	  0.291800	  0.000000	
  2.374750	 -4.379270	  0.292310	  0.000000	
  2.374540	 -4.378000	  0.293100	  0.000000	
  2.374590	 -4.378040	  0.295090	  0.000000	
  2.372400	 -4.376770	  0.293860	  0.000000	
  2.372430	 -4.376490	  0.291270	  0.000000	
  2.372210	 -4.375360	  0.292720	  0.000000	
  2.371810	 -4.374560	  0.294100	  0.000000	
  2.372020	 -4.376010	  0.295280	  0.000000	
  2.372040	 -4.372370	  0.293710	  0.000000	
  2.378640	 -4.380740	  0.295520	  0.000000	
  2.379370	 -4.380740	  0.297500	  0.000000	
  2.375540	 -4.379450	  0.295620	  0.000000	
  2.377370	 -4.380450	  0.296860	  0.000000	
  2.376040	 -4.380050	  0.297530	  0.000000	
  2.377310	 -4.378850	  0.297700	  0.000000	
  2.379260	 -4.381150	  0.299420	  0.000000	
  2.377710	 -4.379790	  0.298910	  0.000000	
  2.376250	 -4.377990	  0.298440	  0.000000	
  2.377550	 -4.376660	  0.299950	  0.000000	
  2.376890	 -4.374790	  0.299480	  0.000000	
  2.372860	 -4.375880	  0.296620	  0.000000	
  2.375890	 -4.373660	  0.299580	  0.000000	
  2.378740	 -4.379060	  0.300320	  0.000000	
  2.380350	 -4.377130	  0.301260	  0.000000	
  2.378870	 -4.375470	  0.301420	  0.000000	
  2.380390	 -4.375330	  0.302110	  0.000000	
  2.377940	 -4.374130	  0.300890	  0.000000	
  2.371900	 -4.370760	  0.291900	  0.000000	
  2.377140	 -4.372390	  0.301090	  0.000000	
  2.378570	 -4.372660	  0.301750	  0.000000	
  2.408360	 -4.528230	  0.181540	  0.000000	
  2.407350	 -4.526940	  0.182790	  0.000000	
  2.406100	 -4.525350	  0.183340	  0.000000	
  2.407370	 -4.524700	  0.182670	  0.000000	
  2.405790	 -4.523870	  0.183950	  0.000000	
  2.405930	 -4.521610	  0.183830	  0.000000	
  2.405000	 -4.521660	  0.185170	  0.000000	
  2.404670	 -4.520050	  0.185750	  0.000000	
  2.403540	 -4.518600	  0.187000	  0.000000	
  2.404470	 -4.517360	  0.185570	  0.000000	
  2.403280	 -4.517020	  0.186910	  0.000000	
  2.403000	 -4.514400	  0.187430	  0.000000	
  2.401510	 -4.513580	  0.187980	  0.000000	
  2.402030	 -4.512240	  0.188620	  0.000000	
  2.401620	 -4.510700	  0.189190	  0.000000	
  2.401200	 -4.509030	  0.189770	  0.000000	
  2.400130	 -4.507660	  0.190320	  0.000000	
  2.399920	 -4.506090	  0.190930	  0.000000	
  2.399950	 -4.504980	  0.192240	  0.000000	
  2.384190	 -4.458190	  0.213630	  0.000000	
  2.380250	 -4.444510	  0.220520	  0.000000	
  2.380020	 -4.443010	  0.221060	  0.000000	
  2.379490	 -4.441310	  0.222270	  0.000000	
  2.379340	 -4.439010	  0.224110	  0.000000	
  2.377180	 -4.435360	  0.224380	  0.000000	
  2.376810	 -4.432600	  0.226160	  0.000000	
  2.375470	 -4.429930	  0.227210	  0.000000	
  2.376070	 -4.430690	  0.228640	  0.000000	
  2.376080	 -4.428710	  0.228510	  0.000000	
  2.377530	 -4.428570	  0.229230	  0.000000	
  2.376190	 -4.425780	  0.228960	  0.000000	
  2.376260	 -4.429890	  0.229940	  0.000000	
  2.377450	 -4.427320	  0.230470	  0.000000	
  2.375160	 -4.428550	  0.231120	  0.000000	
  2.376010	 -4.427770	  0.229750	  0.000000	
  2.378980	 -4.428180	  0.231320	  0.000000	
  2.406350	 -4.528960	  0.181730	  0.000000	
  2.397550	 -4.507260	  0.192000	  0.000000	
  2.397170	 -4.505900	  0.193020	  0.000000	
  2.399590	 -4.508110	  0.191790	  0.000000	
  2.386900	 -4.470640	  0.209630	  0.000000	
  2.385570	 -4.468990	  0.210230	  0.000000	
  2.384800	 -4.467000	  0.211280	  0.000000	
  2.383250	 -4.466400	  0.211940	  0.000000	
  2.383250	 -4.463170	  0.213340	  0.000000	
  2.382660	 -4.461140	  0.214360	  0.000000	
  2.382200	 -4.459810	  0.214890	  0.000000	
  2.384030	 -4.460160	  0.214640	  0.000000	
  2.379890	 -4.456760	  0.216570	  0.000000	
  2.379960	 -4.454620	  0.217520	  0.000000	
  2.379360	 -4.449610	  0.219930	  0.000000	
  2.383110	 -4.458300	  0.215730	  0.000000	
  2.379050	 -4.447540	  0.220910	  0.000000	
  2.378000	 -4.446320	  0.222000	  0.000000	
  2.378730	 -4.444040	  0.222840	  0.000000	
  2.377050	 -4.442040	  0.224520	  0.000000	
  2.379500	 -4.440640	  0.224140	  0.000000	
  2.378170	 -4.438990	  0.225260	  0.000000	
  2.378590	 -4.436150	  0.226100	  0.000000	
  2.379190	 -4.437520	  0.225580	  0.000000	
  2.378310	 -4.434720	  0.227120	  0.000000	
  2.377890	 -4.432720	  0.227570	  0.000000	
  2.379290	 -4.433310	  0.227430	  0.000000	
  2.378840	 -4.431880	  0.228450	  0.000000	
  2.377190	 -4.431350	  0.227610	  0.000000	
  2.378730	 -4.429740	  0.227850	  0.000000	
  2.378590	 -4.429810	  0.229400	  0.000000	
  2.380170	 -4.430860	  0.227710	  0.000000	
  2.378450	 -4.427710	  0.228310	  0.000000	
  2.373650	 -4.416560	  0.237210	  0.000000	
  2.374070	 -4.415410	  0.238120	  0.000000	
  2.371860	 -4.411340	  0.240820	  0.000000	
  2.372390	 -4.412740	  0.239810	  0.000000	
  2.373970	 -4.413230	  0.239070	  0.000000	
  2.371620	 -4.409760	  0.241840	  0.000000	
  2.404730	 -4.516390	  0.187180	  0.000000	
