  2.345550	 -4.720140	  0.303990	  0.000000	
  2.348240	 -4.716410	  0.298850	  0.000000	
  2.348640	 -4.711020	  0.296860	  0.000000	
  2.348330	 -4.711880	  0.298520	  0.000000	
  2.348980	 -4.714240	  0.297060	  0.000000	
  2.349450	 -4.717330	  0.298880	  0.000000	
  2.347400	 -4.718920	  0.300650	  0.000000	
  2.349240	 -4.717940	  0.300570	  0.000000	
  2.346870	 -4.720400	  0.302390	  0.000000	
  2.349340	 -4.722980	  0.302520	  0.000000	
  2.349400	 -4.722730	  0.304130	  0.000000	
  2.343170	 -4.722260	  0.305800	  0.000000	
  2.344960	 -4.721870	  0.305740	  0.000000	
  2.344190	 -4.724030	  0.309170	  0.000000	
  2.344820	 -4.722210	  0.307390	  0.000000	
  2.347210	 -4.723790	  0.309120	  0.000000	
  2.348820	 -4.724320	  0.309140	  0.000000	
  2.343950	 -4.724670	  0.310830	  0.000000	
  2.345470	 -4.724350	  0.310800	  0.000000	
  2.347150	 -4.723810	  0.310730	  0.000000	
  2.345660	 -4.723680	  0.312370	  0.000000	
  2.348950	 -4.723760	  0.312350	  0.000000	
  2.347860	 -4.721950	  0.305720	  0.000000	
  2.349340	 -4.722900	  0.305780	  0.000000	
  2.347800	 -4.721970	  0.307370	  0.000000	
  2.351140	 -4.722350	  0.307360	  0.000000	
  2.350830	 -4.723210	  0.309020	  0.000000	
  2.349110	 -4.723300	  0.310700	  0.000000	
  2.350920	 -4.722890	  0.310630	  0.000000	
  2.352880	 -4.722370	  0.310560	  0.000000	
  2.351190	 -4.722090	  0.312190	  0.000000	
  2.352900	 -4.722270	  0.312210	  0.000000	
  2.352890	 -4.722240	  0.313820	  0.000000	
  2.354750	 -4.721630	  0.313750	  0.000000	
  2.346910	 -4.724420	  0.314030	  0.000000	
  2.348820	 -4.724100	  0.314000	  0.000000	
  2.350930	 -4.722750	  0.313890	  0.000000	
  2.350470	 -4.724060	  0.315590	  0.000000	
  2.356810	 -4.715510	  0.308420	  0.000000	
  2.358800	 -4.714920	  0.308350	  0.000000	
  2.358580	 -4.715490	  0.310010	  0.000000	
  2.358400	 -4.716070	  0.311670	  0.000000	
  2.358440	 -4.715900	  0.313280	  0.000000	
  2.360170	 -4.716150	  0.313290	  0.000000	
  2.360480	 -4.715290	  0.311600	  0.000000	
  2.358580	 -4.715370	  0.314880	  0.000000	
  2.360490	 -4.715200	  0.314850	  0.000000	
  2.360430	 -4.715320	  0.316470	  0.000000	
  2.362060	 -4.715920	  0.316490	  0.000000	
  2.361830	 -4.716560	  0.318150	  0.000000	
  2.349570	 -4.739380	  0.289890	  0.000000	
  2.346420	 -4.737910	  0.289120	  0.000000	
  2.350310	 -4.737840	  0.289680	  0.000000	
  2.347230	 -4.742990	  0.291670	  0.000000	
  2.348100	 -4.741310	  0.290830	  0.000000	
  2.349010	 -4.737240	  0.290940	  0.000000	
  2.350210	 -4.739630	  0.291500	  0.000000	
  2.351610	 -4.738890	  0.291810	  0.000000	
  2.350450	 -4.737770	  0.291320	  0.000000	
  2.351610	 -4.737140	  0.292240	  0.000000	
  2.352240	 -4.748910	  0.296480	  0.000000	
  2.344810	 -4.730510	  0.289920	  0.000000	
  2.349500	 -4.736330	  0.289120	  0.000000	
  2.348350	 -4.734400	  0.288560	  0.000000	
  2.347750	 -4.735390	  0.289850	  0.000000	
  2.347020	 -4.733140	  0.288660	  0.000000	
  2.348630	 -4.732900	  0.288980	  0.000000	
  2.348100	 -4.733840	  0.290240	  0.000000	
  2.348800	 -4.729530	  0.288130	  0.000000	
  2.347020	 -4.731110	  0.288520	  0.000000	
  2.348380	 -4.731110	  0.289430	  0.000000	
  2.348280	 -4.729290	  0.289850	  0.000000	
  2.349330	 -4.735210	  0.290730	  0.000000	
  2.349680	 -4.733700	  0.290550	  0.000000	
  2.351710	 -4.734580	  0.291460	  0.000000	
  2.352900	 -4.735880	  0.291960	  0.000000	
  2.350910	 -4.732370	  0.291390	  0.000000	
  2.353850	 -4.734050	  0.291670	  0.000000	
  2.353150	 -4.732550	  0.291640	  0.000000	
  2.347300	 -4.730300	  0.291220	  0.000000	
  2.349050	 -4.732090	  0.291110	  0.000000	
  2.349330	 -4.730580	  0.291500	  0.000000	
  2.348280	 -4.728730	  0.291500	  0.000000	
  2.353740	 -4.730270	  0.291360	  0.000000	
  2.350030	 -4.728900	  0.291810	  0.000000	
  2.351920	 -4.729250	  0.291570	  0.000000	
  2.351360	 -4.727680	  0.292100	  0.000000	
  2.349010	 -4.727010	  0.292970	  0.000000	
  2.353150	 -4.726200	  0.292270	  0.000000	
  2.351750	 -4.725640	  0.293010	  0.000000	
  2.353810	 -4.723930	  0.293110	  0.000000	
  2.352870	 -4.719930	  0.297460	  0.000000	
  2.352800	 -4.719970	  0.299140	  0.000000	
  2.354060	 -4.719330	  0.298330	  0.000000	
  2.349050	 -4.721890	  0.301000	  0.000000	
  2.346950	 -4.722980	  0.301980	  0.000000	
  2.346210	 -4.718950	  0.302330	  0.000000	
  2.347750	 -4.718740	  0.302640	  0.000000	
  2.348800	 -4.720070	  0.303700	  0.000000	
  2.351120	 -4.721510	  0.300650	  0.000000	
  2.354060	 -4.721160	  0.299600	  0.000000	
  2.353040	 -4.721120	  0.300890	  0.000000	
  2.351290	 -4.722000	  0.302360	  0.000000	
  2.353180	 -4.722240	  0.302080	  0.000000	
  2.353040	 -4.722310	  0.303800	  0.000000	
  2.350490	 -4.719830	  0.303420	  0.000000	
  2.352520	 -4.720770	  0.303770	  0.000000	
  2.341620	 -4.720140	  0.305970	  0.000000	
  2.342950	 -4.719470	  0.305130	  0.000000	
  2.344530	 -4.719230	  0.305450	  0.000000	
  2.343370	 -4.719830	  0.306820	  0.000000	
  2.345090	 -4.719510	  0.307060	  0.000000	
  2.346880	 -4.719190	  0.305060	  0.000000	
  2.349360	 -4.719830	  0.305870	  0.000000	
  2.347720	 -4.718770	  0.306600	  0.000000	
  2.351780	 -4.721160	  0.305030	  0.000000	
  2.354100	 -4.723050	  0.305940	  0.000000	
  2.353250	 -4.721580	  0.305380	  0.000000	
  2.350060	 -4.718770	  0.304540	  0.000000	
  2.351540	 -4.719930	  0.306080	  0.000000	
  2.352760	 -4.720630	  0.307060	  0.000000	
  2.353920	 -4.720070	  0.307970	  0.000000	
  2.340570	 -4.716850	  0.296270	  0.000000	
  2.342810	 -4.716990	  0.295950	  0.000000	
  2.343300	 -4.718040	  0.297070	  0.000000	
  2.344810	 -4.716600	  0.296160	  0.000000	
  2.344490	 -4.714850	  0.296090	  0.000000	
  2.343370	 -4.716000	  0.298020	  0.000000	
  2.345050	 -4.714570	  0.298790	  0.000000	
  2.343720	 -4.712180	  0.295990	  0.000000	
  2.344880	 -4.710920	  0.296270	  0.000000	
  2.344490	 -4.715440	  0.300090	  0.000000	
  2.345160	 -4.717760	  0.302960	  0.000000	
  2.345790	 -4.712920	  0.295740	  0.000000	
  2.346980	 -4.711690	  0.296580	  0.000000	
  2.346100	 -4.709770	  0.296580	  0.000000	
  2.345960	 -4.714110	  0.297490	  0.000000	
  2.347440	 -4.712780	  0.297700	  0.000000	
  2.346950	 -4.711130	  0.298230	  0.000000	
  2.345470	 -4.710640	  0.298400	  0.000000	
  2.345510	 -4.716250	  0.301100	  0.000000	
  2.347540	 -4.715860	  0.301310	  0.000000	
  2.346600	 -4.717020	  0.302120	  0.000000	
  2.348870	 -4.717620	  0.302360	  0.000000	
  2.344770	 -4.708080	  0.296650	  0.000000	
  2.346560	 -4.718210	  0.303910	  0.000000	
  2.348520	 -4.718350	  0.304190	  0.000000	
  2.349780	 -4.717690	  0.306750	  0.000000	
  2.351680	 -4.716740	  0.306920	  0.000000	
  2.352800	 -4.718670	  0.306360	  0.000000	
  2.353430	 -4.717720	  0.307870	  0.000000	
  2.353780	 -4.716250	  0.307130	  0.000000	
  2.351680	 -4.715580	  0.309090	  0.000000	
  2.353880	 -4.715620	  0.308740	  0.000000	
  2.352450	 -4.714600	  0.310000	  0.000000	
  2.354100	 -4.713800	  0.310250	  0.000000	
  2.353010	 -4.713730	  0.311550	  0.000000	
  2.353010	 -4.744180	  0.329980	  0.000000	
  2.354130	 -4.742990	  0.329110	  0.000000	
  2.353710	 -4.741380	  0.329600	  0.000000	
  2.354100	 -4.738120	  0.327560	  0.000000	
  2.352730	 -4.713870	  0.313260	  0.000000	
  2.353430	 -4.714110	  0.314880	  0.000000	
  2.359600	 -4.741340	  0.294200	  0.000000	
  2.354410	 -4.738580	  0.291920	  0.000000	
  2.354480	 -4.736790	  0.292340	  0.000000	
  2.357710	 -4.736860	  0.292410	  0.000000	
  2.357110	 -4.739100	  0.293250	  0.000000	
  2.361950	 -4.738930	  0.293640	  0.000000	
  2.361140	 -4.740540	  0.294440	  0.000000	
  2.360650	 -4.737210	  0.293670	  0.000000	
  2.362930	 -4.737170	  0.293920	  0.000000	
  2.360300	 -4.756030	  0.308250	  0.000000	
  2.362190	 -4.758590	  0.312700	  0.000000	
  2.365060	 -4.755820	  0.311440	  0.000000	
  2.364540	 -4.756660	  0.312740	  0.000000	
  2.366260	 -4.755150	  0.312320	  0.000000	
  2.356020	 -4.748560	  0.296440	  0.000000	
  2.357710	 -4.748320	  0.296720	  0.000000	
  2.356300	 -4.746780	  0.296230	  0.000000	
  2.358130	 -4.746360	  0.296480	  0.000000	
  2.360260	 -4.746290	  0.296720	  0.000000	
  2.366330	 -4.750880	  0.303490	  0.000000	
  2.367590	 -4.747900	  0.301350	  0.000000	
  2.365980	 -4.749900	  0.302330	  0.000000	
  2.366190	 -4.748630	  0.303350	  0.000000	
  2.365450	 -4.746500	  0.303840	  0.000000	
  2.367410	 -4.746710	  0.302960	  0.000000	
  2.367760	 -4.745870	  0.300610	  0.000000	
  2.368180	 -4.749300	  0.303070	  0.000000	
  2.369060	 -4.747690	  0.302220	  0.000000	
  2.354310	 -4.745300	  0.297000	  0.000000	
  2.357140	 -4.743800	  0.295320	  0.000000	
  2.357710	 -4.744080	  0.296930	  0.000000	
  2.358340	 -4.742610	  0.295600	  0.000000	
  2.361740	 -4.744950	  0.296410	  0.000000	
  2.359490	 -4.741970	  0.296480	  0.000000	
  2.362090	 -4.743100	  0.296760	  0.000000	
  2.361670	 -4.741380	  0.296690	  0.000000	
  2.362680	 -4.739140	  0.295780	  0.000000	
  2.362540	 -4.737380	  0.295670	  0.000000	
  2.365560	 -4.741870	  0.296690	  0.000000	
  2.365560	 -4.742920	  0.299030	  0.000000	
  2.367480	 -4.743100	  0.299320	  0.000000	
  2.367870	 -4.741200	  0.297950	  0.000000	
  2.364570	 -4.740470	  0.296720	  0.000000	
  2.366150	 -4.740260	  0.296480	  0.000000	
  2.364540	 -4.738150	  0.295990	  0.000000	
  2.364960	 -4.736680	  0.296930	  0.000000	
  2.365770	 -4.738650	  0.296970	  0.000000	
  2.366780	 -4.739280	  0.297980	  0.000000	
  2.366500	 -4.737100	  0.297280	  0.000000	
  2.368960	 -4.740050	  0.298820	  0.000000	
  2.368360	 -4.737280	  0.298120	  0.000000	
  2.369030	 -4.738080	  0.299210	  0.000000	
  2.366750	 -4.745270	  0.302960	  0.000000	
  2.367130	 -4.743270	  0.302750	  0.000000	
  2.369200	 -4.743940	  0.300230	  0.000000	
  2.369270	 -4.745060	  0.301420	  0.000000	
  2.368670	 -4.741270	  0.300090	  0.000000	
  2.369660	 -4.741940	  0.301100	  0.000000	
  2.368390	 -4.743830	  0.302010	  0.000000	
  2.368710	 -4.742470	  0.302990	  0.000000	
  2.370600	 -4.742120	  0.303770	  0.000000	
  2.367450	 -4.737210	  0.300510	  0.000000	
  2.368430	 -4.739030	  0.301070	  0.000000	
  2.369030	 -4.737490	  0.301420	  0.000000	
  2.369030	 -4.740570	  0.301660	  0.000000	
  2.370320	 -4.740400	  0.302570	  0.000000	
  2.371790	 -4.740150	  0.303420	  0.000000	
  2.370220	 -4.738750	  0.301870	  0.000000	
  2.372000	 -4.737840	  0.302640	  0.000000	
  2.370710	 -4.737210	  0.301660	  0.000000	
  2.362650	 -4.753510	  0.305970	  0.000000	
  2.364640	 -4.753050	  0.304500	  0.000000	
  2.364080	 -4.750910	  0.304960	  0.000000	
  2.364360	 -4.753190	  0.307380	  0.000000	
  2.366360	 -4.753370	  0.307620	  0.000000	
  2.364150	 -4.751470	  0.306710	  0.000000	
  2.365280	 -4.750280	  0.307550	  0.000000	
  2.366260	 -4.751580	  0.308080	  0.000000	
  2.367970	 -4.751890	  0.307830	  0.000000	
  2.369830	 -4.751510	  0.307520	  0.000000	
  2.363980	 -4.749230	  0.304290	  0.000000	
  2.363700	 -4.749970	  0.306080	  0.000000	
  2.365030	 -4.748630	  0.305200	  0.000000	
  2.367550	 -4.745970	  0.305130	  0.000000	
  2.366220	 -4.749190	  0.306180	  0.000000	
  2.366990	 -4.749370	  0.308320	  0.000000	
  2.367030	 -4.746880	  0.306430	  0.000000	
  2.368500	 -4.746810	  0.306750	  0.000000	
  2.371970	 -4.746110	  0.307830	  0.000000	
  2.364570	 -4.751820	  0.308360	  0.000000	
  2.365840	 -4.750560	  0.309160	  0.000000	
  2.369380	 -4.752910	  0.311060	  0.000000	
  2.367760	 -4.753190	  0.312490	  0.000000	
  2.371720	 -4.750490	  0.312180	  0.000000	
  2.369730	 -4.749050	  0.308990	  0.000000	
  2.371200	 -4.748250	  0.309270	  0.000000	
  2.367870	 -4.744640	  0.304430	  0.000000	
  2.369690	 -4.743690	  0.304610	  0.000000	
  2.368820	 -4.745300	  0.306010	  0.000000	
  2.371830	 -4.741970	  0.304710	  0.000000	
  2.371550	 -4.744500	  0.306640	  0.000000	
  2.371650	 -4.737350	  0.304330	  0.000000	
  2.373200	 -4.739420	  0.303700	  0.000000	
  2.372600	 -4.750600	  0.306990	  0.000000	
  2.373900	 -4.749900	  0.307270	  0.000000	
  2.373340	 -4.750770	  0.308570	  0.000000	
  2.372810	 -4.749300	  0.308530	  0.000000	
  2.373510	 -4.749510	  0.310110	  0.000000	
  2.375160	 -4.748630	  0.308670	  0.000000	
  2.372670	 -4.746880	  0.308920	  0.000000	
  2.375160	 -4.746780	  0.309620	  0.000000	
  2.373760	 -4.748770	  0.311690	  0.000000	
  2.375020	 -4.748110	  0.312560	  0.000000	
  2.373860	 -4.746250	  0.312600	  0.000000	
  2.375650	 -4.747130	  0.311270	  0.000000	
  2.375750	 -4.745790	  0.312250	  0.000000	
  2.376840	 -4.747130	  0.308810	  0.000000	
  2.377120	 -4.745720	  0.309790	  0.000000	
  2.373060	 -4.742470	  0.305660	  0.000000	
  2.374460	 -4.741690	  0.305940	  0.000000	
  2.374040	 -4.743830	  0.307310	  0.000000	
  2.375190	 -4.742540	  0.307030	  0.000000	
  2.376100	 -4.743340	  0.308080	  0.000000	
  2.376320	 -4.741310	  0.307870	  0.000000	
  2.373650	 -4.740470	  0.304850	  0.000000	
  2.374910	 -4.739140	  0.305660	  0.000000	
  2.373970	 -4.738440	  0.304610	  0.000000	
  2.373130	 -4.737240	  0.305200	  0.000000	
  2.374770	 -4.736930	  0.305480	  0.000000	
  2.376070	 -4.739730	  0.306640	  0.000000	
  2.376460	 -4.739520	  0.308250	  0.000000	
  2.374210	 -4.736650	  0.307240	  0.000000	
  2.374460	 -4.738190	  0.306780	  0.000000	
  2.376000	 -4.737910	  0.306500	  0.000000	
  2.375650	 -4.738120	  0.308250	  0.000000	
  2.374040	 -4.744990	  0.308530	  0.000000	
  2.375650	 -4.744710	  0.308810	  0.000000	
  2.376350	 -4.742610	  0.309620	  0.000000	
  2.375610	 -4.744150	  0.312700	  0.000000	
  2.377260	 -4.743870	  0.309020	  0.000000	
  2.377960	 -4.742920	  0.309970	  0.000000	
  2.379750	 -4.741940	  0.310140	  0.000000	
  2.377510	 -4.744320	  0.310710	  0.000000	
  2.377720	 -4.742470	  0.311650	  0.000000	
  2.375190	 -4.736720	  0.309340	  0.000000	
  2.376420	 -4.737700	  0.310320	  0.000000	
  2.376000	 -4.739770	  0.312250	  0.000000	
  2.375580	 -4.738150	  0.312740	  0.000000	
  2.375230	 -4.736680	  0.312110	  0.000000	
  2.377540	 -4.740080	  0.309230	  0.000000	
  2.378490	 -4.739000	  0.310110	  0.000000	
  2.377470	 -4.738440	  0.308530	  0.000000	
  2.377510	 -4.740680	  0.311510	  0.000000	
  2.379120	 -4.741100	  0.311300	  0.000000	
  2.377860	 -4.738260	  0.311270	  0.000000	
  2.377120	 -4.736750	  0.311270	  0.000000	
  2.356830	 -4.735000	  0.292410	  0.000000	
  2.356370	 -4.733390	  0.291780	  0.000000	
  2.357490	 -4.732160	  0.291530	  0.000000	
  2.358650	 -4.735180	  0.292690	  0.000000	
  2.357780	 -4.733320	  0.292690	  0.000000	
  2.359980	 -4.735630	  0.293670	  0.000000	
  2.360890	 -4.734610	  0.294580	  0.000000	
  2.362020	 -4.735910	  0.293950	  0.000000	
  2.360580	 -4.733600	  0.293430	  0.000000	
  2.359980	 -4.732160	  0.293950	  0.000000	
  2.361530	 -4.732550	  0.294300	  0.000000	
  2.358510	 -4.731040	  0.291850	  0.000000	
  2.356090	 -4.729710	  0.291530	  0.000000	
  2.355360	 -4.728170	  0.291530	  0.000000	
  2.357950	 -4.729390	  0.291780	  0.000000	
  2.357210	 -4.728450	  0.292970	  0.000000	
  2.359600	 -4.730480	  0.293320	  0.000000	
  2.361350	 -4.730790	  0.294200	  0.000000	
  2.359210	 -4.728060	  0.293180	  0.000000	
  2.360330	 -4.728830	  0.294200	  0.000000	
  2.359140	 -4.728100	  0.294860	  0.000000	
  2.354620	 -4.726550	  0.292060	  0.000000	
  2.356130	 -4.725780	  0.292340	  0.000000	
  2.358410	 -4.727260	  0.291570	  0.000000	
  2.358300	 -4.726620	  0.293220	  0.000000	
  2.357740	 -4.725570	  0.294340	  0.000000	
  2.356130	 -4.723360	  0.293290	  0.000000	
  2.357040	 -4.724770	  0.293250	  0.000000	
  2.357530	 -4.723290	  0.294200	  0.000000	
  2.359530	 -4.725990	  0.294650	  0.000000	
  2.355430	 -4.721790	  0.293810	  0.000000	
  2.356620	 -4.721160	  0.294720	  0.000000	
  2.361770	 -4.733560	  0.295460	  0.000000	
  2.362860	 -4.732410	  0.296340	  0.000000	
  2.360610	 -4.731810	  0.295490	  0.000000	
  2.362190	 -4.731010	  0.295780	  0.000000	
  2.360610	 -4.727990	  0.295780	  0.000000	
  2.361240	 -4.729600	  0.295250	  0.000000	
  2.361770	 -4.729360	  0.296830	  0.000000	
  2.363070	 -4.731150	  0.297320	  0.000000	
  2.360720	 -4.727920	  0.297420	  0.000000	
  2.362960	 -4.728730	  0.297700	  0.000000	
  2.362160	 -4.727850	  0.298890	  0.000000	
  2.362680	 -4.729430	  0.299490	  0.000000	
  2.363910	 -4.735530	  0.296440	  0.000000	
  2.364260	 -4.734050	  0.295710	  0.000000	
  2.365100	 -4.734900	  0.297320	  0.000000	
  2.366820	 -4.735140	  0.298190	  0.000000	
  2.364260	 -4.732830	  0.297280	  0.000000	
  2.365350	 -4.732270	  0.298750	  0.000000	
  2.366260	 -4.733670	  0.297600	  0.000000	
  2.366470	 -4.734160	  0.299280	  0.000000	
  2.367130	 -4.732550	  0.298510	  0.000000	
  2.367870	 -4.736400	  0.299240	  0.000000	
  2.364120	 -4.730580	  0.298230	  0.000000	
  2.365730	 -4.730340	  0.299070	  0.000000	
  2.364570	 -4.729080	  0.298610	  0.000000	
  2.363770	 -4.727680	  0.298610	  0.000000	
  2.366820	 -4.735110	  0.300440	  0.000000	
  2.366400	 -4.732270	  0.300260	  0.000000	
  2.368530	 -4.736050	  0.301350	  0.000000	
  2.368150	 -4.734400	  0.301280	  0.000000	
  2.370110	 -4.735810	  0.301100	  0.000000	
  2.368530	 -4.732480	  0.301070	  0.000000	
  2.370080	 -4.733980	  0.301520	  0.000000	
  2.370600	 -4.736090	  0.302710	  0.000000	
  2.370990	 -4.734760	  0.303660	  0.000000	
  2.369270	 -4.733250	  0.302710	  0.000000	
  2.370600	 -4.733110	  0.303590	  0.000000	
  2.365170	 -4.730060	  0.300820	  0.000000	
  2.367170	 -4.731290	  0.301170	  0.000000	
  2.364150	 -4.728100	  0.300260	  0.000000	
  2.365800	 -4.728450	  0.300050	  0.000000	
  2.367130	 -4.728410	  0.301520	  0.000000	
  2.367240	 -4.730090	  0.302190	  0.000000	
  2.364710	 -4.728380	  0.302430	  0.000000	
  2.366960	 -4.728520	  0.303240	  0.000000	
  2.368460	 -4.731180	  0.302080	  0.000000	
  2.369240	 -4.731430	  0.303660	  0.000000	
  2.368360	 -4.728940	  0.303590	  0.000000	
  2.358440	 -4.725850	  0.295920	  0.000000	
  2.357670	 -4.724420	  0.295390	  0.000000	
  2.357850	 -4.724310	  0.297040	  0.000000	
  2.358020	 -4.724770	  0.298720	  0.000000	
  2.359490	 -4.726660	  0.296970	  0.000000	
  2.361000	 -4.726480	  0.296160	  0.000000	
  2.360750	 -4.726620	  0.298440	  0.000000	
  2.359460	 -4.724700	  0.297350	  0.000000	
  2.356060	 -4.722070	  0.297110	  0.000000	
  2.357530	 -4.722660	  0.295810	  0.000000	
  2.355360	 -4.720490	  0.295990	  0.000000	
  2.357490	 -4.720070	  0.295640	  0.000000	
  2.356130	 -4.722730	  0.298860	  0.000000	
  2.355500	 -4.721090	  0.298260	  0.000000	
  2.358160	 -4.722940	  0.297980	  0.000000	
  2.357530	 -4.723260	  0.299810	  0.000000	
  2.356440	 -4.723190	  0.303310	  0.000000	
  2.360610	 -4.726690	  0.300160	  0.000000	
  2.362230	 -4.726480	  0.299880	  0.000000	
  2.361420	 -4.725640	  0.301070	  0.000000	
  2.363140	 -4.726030	  0.301380	  0.000000	
  2.359210	 -4.724140	  0.300160	  0.000000	
  2.360680	 -4.724030	  0.301590	  0.000000	
  2.362120	 -4.727220	  0.301630	  0.000000	
  2.362650	 -4.725610	  0.303100	  0.000000	
  2.359140	 -4.723650	  0.301800	  0.000000	
  2.360680	 -4.724030	  0.303280	  0.000000	
  2.362330	 -4.723860	  0.303590	  0.000000	
  2.354760	 -4.722730	  0.300750	  0.000000	
  2.356720	 -4.722420	  0.300960	  0.000000	
  2.355010	 -4.722590	  0.302360	  0.000000	
  2.357990	 -4.722380	  0.301910	  0.000000	
  2.357880	 -4.722450	  0.303590	  0.000000	
  2.360050	 -4.722630	  0.303280	  0.000000	
  2.364960	 -4.726410	  0.301140	  0.000000	
  2.364010	 -4.726900	  0.302430	  0.000000	
  2.365840	 -4.727220	  0.302190	  0.000000	
  2.366220	 -4.727010	  0.303770	  0.000000	
  2.363870	 -4.724380	  0.302260	  0.000000	
  2.365210	 -4.724940	  0.303770	  0.000000	
  2.364010	 -4.722980	  0.303800	  0.000000	
  2.371480	 -4.735070	  0.305310	  0.000000	
  2.370780	 -4.733600	  0.305270	  0.000000	
  2.371860	 -4.732480	  0.305590	  0.000000	
  2.371510	 -4.733210	  0.307380	  0.000000	
  2.366920	 -4.727850	  0.304850	  0.000000	
  2.367410	 -4.728270	  0.306500	  0.000000	
  2.367550	 -4.728200	  0.308150	  0.000000	
  2.369690	 -4.729990	  0.304610	  0.000000	
  2.368180	 -4.730200	  0.305410	  0.000000	
  2.370850	 -4.731250	  0.304540	  0.000000	
  2.369970	 -4.731040	  0.305760	  0.000000	
  2.369310	 -4.730160	  0.306920	  0.000000	
  2.371090	 -4.731710	  0.306750	  0.000000	
  2.370640	 -4.730690	  0.307870	  0.000000	
  2.369130	 -4.727990	  0.306180	  0.000000	
  2.371970	 -4.732410	  0.310040	  0.000000	
  2.371410	 -4.734510	  0.312530	  0.000000	
  2.370080	 -4.732230	  0.311440	  0.000000	
  2.371830	 -4.733040	  0.312350	  0.000000	
  2.366570	 -4.728690	  0.310040	  0.000000	
  2.367060	 -4.729040	  0.312770	  0.000000	
  2.369310	 -4.730160	  0.310280	  0.000000	
  2.370920	 -4.731220	  0.309550	  0.000000	
  2.368430	 -4.728900	  0.309200	  0.000000	
  2.369410	 -4.727820	  0.308390	  0.000000	
  2.371300	 -4.729110	  0.308740	  0.000000	
  2.368430	 -4.731180	  0.312740	  0.000000	
  2.369450	 -4.730090	  0.311930	  0.000000	
  2.368360	 -4.728940	  0.311440	  0.000000	
  2.363070	 -4.724800	  0.305200	  0.000000	
  2.362820	 -4.723610	  0.307410	  0.000000	
  2.354760	 -4.722730	  0.304120	  0.000000	
  2.355920	 -4.722100	  0.306110	  0.000000	
  2.354450	 -4.721610	  0.306320	  0.000000	
  2.357350	 -4.721370	  0.306390	  0.000000	
  2.358300	 -4.722240	  0.308010	  0.000000	
  2.356760	 -4.720420	  0.307550	  0.000000	
  2.360370	 -4.722450	  0.304890	  0.000000	
  2.361980	 -4.722730	  0.304680	  0.000000	
  2.360260	 -4.722520	  0.306600	  0.000000	
  2.362330	 -4.721960	  0.306780	  0.000000	
  2.361700	 -4.721120	  0.307940	  0.000000	
  2.358830	 -4.720630	  0.307240	  0.000000	
  2.356440	 -4.720560	  0.309300	  0.000000	
  2.356440	 -4.718740	  0.308570	  0.000000	
  2.357560	 -4.719370	  0.309580	  0.000000	
  2.359210	 -4.721120	  0.309440	  0.000000	
  2.360790	 -4.720950	  0.309200	  0.000000	
  2.362820	 -4.722280	  0.308430	  0.000000	
  2.361880	 -4.722210	  0.309690	  0.000000	
  2.359460	 -4.719020	  0.309790	  0.000000	
  2.359390	 -4.721020	  0.311090	  0.000000	
  2.360860	 -4.721540	  0.310920	  0.000000	
  2.363000	 -4.722840	  0.310670	  0.000000	
  2.362190	 -4.722070	  0.312420	  0.000000	
  2.359530	 -4.718980	  0.311480	  0.000000	
  2.360610	 -4.720390	  0.312530	  0.000000	
  2.362260	 -4.720180	  0.311690	  0.000000	
  2.363870	 -4.726310	  0.304080	  0.000000	
  2.365420	 -4.726170	  0.304960	  0.000000	
  2.364750	 -4.724520	  0.305480	  0.000000	
  2.365980	 -4.725850	  0.306530	  0.000000	
  2.367380	 -4.726410	  0.306920	  0.000000	
  2.366050	 -4.725820	  0.308180	  0.000000	
  2.365140	 -4.723720	  0.307030	  0.000000	
  2.363240	 -4.722700	  0.305590	  0.000000	
  2.364190	 -4.722870	  0.308250	  0.000000	
  2.366820	 -4.726690	  0.309270	  0.000000	
  2.366330	 -4.725680	  0.310350	  0.000000	
  2.365100	 -4.723750	  0.309300	  0.000000	
  2.365910	 -4.726590	  0.311650	  0.000000	
  2.367620	 -4.727470	  0.310880	  0.000000	
  2.366150	 -4.727610	  0.312810	  0.000000	
  2.367340	 -4.726410	  0.312530	  0.000000	
  2.365240	 -4.724910	  0.311060	  0.000000	
  2.364360	 -4.723470	  0.311620	  0.000000	
  2.365770	 -4.724630	  0.312630	  0.000000	
  2.364010	 -4.721680	  0.311550	  0.000000	
  2.372570	 -4.736230	  0.302990	  0.000000	
  2.374210	 -4.735350	  0.304330	  0.000000	
  2.374390	 -4.735250	  0.305970	  0.000000	
  2.372570	 -4.733910	  0.305030	  0.000000	
  2.372780	 -4.736090	  0.307410	  0.000000	
  2.375750	 -4.736440	  0.306960	  0.000000	
  2.374600	 -4.734540	  0.307550	  0.000000	
  2.373200	 -4.734160	  0.306640	  0.000000	
  2.373620	 -4.733350	  0.308180	  0.000000	
  2.372280	 -4.731670	  0.307690	  0.000000	
  2.373480	 -4.734580	  0.309410	  0.000000	
  2.375860	 -4.735110	  0.308530	  0.000000	
  2.374530	 -4.735810	  0.310460	  0.000000	
  2.372250	 -4.733490	  0.308950	  0.000000	
  2.373760	 -4.733280	  0.310390	  0.000000	
  2.375260	 -4.734190	  0.309650	  0.000000	
  2.373340	 -4.734650	  0.311690	  0.000000	
  2.355080	 -4.716880	  0.308080	  0.000000	
  2.357140	 -4.717720	  0.309510	  0.000000	
  2.357040	 -4.716500	  0.310530	  0.000000	
  2.355430	 -4.715410	  0.309020	  0.000000	
  2.356340	 -4.714360	  0.309930	  0.000000	
  2.358370	 -4.717760	  0.310990	  0.000000	
  2.357630	 -4.714250	  0.312530	  0.000000	
  2.359390	 -4.717230	  0.312460	  0.000000	
  2.355390	 -4.713690	  0.311130	  0.000000	
  2.355430	 -4.713100	  0.312770	  0.000000	
  2.358370	 -4.763600	  0.321110	  0.000000	
  2.361700	 -4.760130	  0.314600	  0.000000	
  2.362580	 -4.760160	  0.316170	  0.000000	
  2.362510	 -4.758410	  0.314320	  0.000000	
  2.363140	 -4.756830	  0.314100	  0.000000	
  2.361950	 -4.758060	  0.316660	  0.000000	
  2.358650	 -4.763420	  0.319360	  0.000000	
  2.361700	 -4.760650	  0.317500	  0.000000	
  2.360930	 -4.761080	  0.319360	  0.000000	
  2.363000	 -4.761110	  0.319010	  0.000000	
  2.362400	 -4.759710	  0.319010	  0.000000	
  2.360370	 -4.763180	  0.320200	  0.000000	
  2.358830	 -4.761670	  0.320310	  0.000000	
  2.360750	 -4.762300	  0.321780	  0.000000	
  2.361530	 -4.760760	  0.320940	  0.000000	
  2.363000	 -4.758130	  0.318210	  0.000000	
  2.361950	 -4.758060	  0.319500	  0.000000	
  2.362720	 -4.755920	  0.318070	  0.000000	
  2.363100	 -4.758690	  0.320480	  0.000000	
  2.362790	 -4.757010	  0.320410	  0.000000	
  2.362260	 -4.758550	  0.321750	  0.000000	
  2.362930	 -4.755780	  0.321390	  0.000000	
  2.363490	 -4.757890	  0.312980	  0.000000	
  2.364500	 -4.757360	  0.314490	  0.000000	
  2.365240	 -4.755120	  0.313610	  0.000000	
  2.363280	 -4.758620	  0.315930	  0.000000	
  2.365060	 -4.755820	  0.315400	  0.000000	
  2.364120	 -4.755710	  0.317220	  0.000000	
  2.366330	 -4.755710	  0.316870	  0.000000	
  2.364680	 -4.759040	  0.317430	  0.000000	
  2.364820	 -4.757780	  0.318450	  0.000000	
  2.364820	 -4.754770	  0.318170	  0.000000	
  2.364220	 -4.756240	  0.319540	  0.000000	
  2.365420	 -4.756200	  0.318210	  0.000000	
  2.366540	 -4.755010	  0.318490	  0.000000	
  2.365350	 -4.757500	  0.320590	  0.000000	
  2.364470	 -4.754940	  0.320520	  0.000000	
  2.357040	 -4.764970	  0.322620	  0.000000	
  2.358060	 -4.763770	  0.322900	  0.000000	
  2.360160	 -4.759670	  0.323320	  0.000000	
  2.361740	 -4.757570	  0.322900	  0.000000	
  2.363100	 -4.756830	  0.323180	  0.000000	
  2.364050	 -4.754590	  0.322240	  0.000000	
  2.367590	 -4.753300	  0.315330	  0.000000	
  2.365940	 -4.754170	  0.316240	  0.000000	
  2.367030	 -4.752380	  0.317050	  0.000000	
  2.368460	 -4.752800	  0.314030	  0.000000	
  2.369900	 -4.751470	  0.314250	  0.000000	
  2.369240	 -4.751230	  0.316030	  0.000000	
  2.371480	 -4.749370	  0.315510	  0.000000	
  2.365770	 -4.753050	  0.317850	  0.000000	
  2.366500	 -4.752660	  0.319400	  0.000000	
  2.367520	 -4.750880	  0.318520	  0.000000	
  2.364990	 -4.753470	  0.320310	  0.000000	
  2.364430	 -4.751860	  0.321360	  0.000000	
  2.366430	 -4.752070	  0.321080	  0.000000	
  2.367270	 -4.749190	  0.319540	  0.000000	
  2.365240	 -4.748490	  0.320940	  0.000000	
  2.366360	 -4.749690	  0.320870	  0.000000	
  2.363980	 -4.747270	  0.321600	  0.000000	
  2.365380	 -4.745970	  0.320690	  0.000000	
  2.367380	 -4.747370	  0.319920	  0.000000	
  2.369590	 -4.749760	  0.317540	  0.000000	
  2.368500	 -4.748530	  0.318730	  0.000000	
  2.369800	 -4.746670	  0.318350	  0.000000	
  2.368460	 -4.746110	  0.319080	  0.000000	
  2.371860	 -4.746150	  0.317400	  0.000000	
  2.372110	 -4.744180	  0.315510	  0.000000	
  2.371510	 -4.743830	  0.317260	  0.000000	
  2.367830	 -4.741690	  0.317120	  0.000000	
  2.370950	 -4.742430	  0.316100	  0.000000	
  2.366220	 -4.738960	  0.317150	  0.000000	
  2.365770	 -4.736860	  0.317050	  0.000000	
  2.370530	 -4.736680	  0.314560	  0.000000	
  2.371830	 -4.740120	  0.315750	  0.000000	
  2.370040	 -4.741100	  0.316700	  0.000000	
  2.369130	 -4.736860	  0.315930	  0.000000	
  2.370570	 -4.737870	  0.315790	  0.000000	
  2.365980	 -4.742150	  0.318030	  0.000000	
  2.367480	 -4.741380	  0.318840	  0.000000	
  2.366050	 -4.744500	  0.320450	  0.000000	
  2.367550	 -4.742400	  0.320590	  0.000000	
  2.368850	 -4.744670	  0.318910	  0.000000	
  2.368890	 -4.742330	  0.318140	  0.000000	
  2.369690	 -4.741270	  0.319010	  0.000000	
  2.370850	 -4.743060	  0.318420	  0.000000	
  2.371720	 -4.742010	  0.317610	  0.000000	
  2.368600	 -4.741270	  0.320310	  0.000000	
  2.364080	 -4.739520	  0.318100	  0.000000	
  2.365800	 -4.739770	  0.318420	  0.000000	
  2.366010	 -4.737910	  0.318770	  0.000000	
  2.367550	 -4.737700	  0.319050	  0.000000	
  2.364540	 -4.741060	  0.321530	  0.000000	
  2.366570	 -4.740680	  0.320060	  0.000000	
  2.367200	 -4.739000	  0.319780	  0.000000	
  2.366990	 -4.741030	  0.321710	  0.000000	
  2.365560	 -4.739310	  0.321220	  0.000000	
  2.364990	 -4.736650	  0.319960	  0.000000	
  2.363940	 -4.737170	  0.321290	  0.000000	
  2.365350	 -4.737700	  0.321110	  0.000000	
  2.367380	 -4.737770	  0.321360	  0.000000	
  2.368110	 -4.739210	  0.317960	  0.000000	
  2.363140	 -4.746600	  0.323390	  0.000000	
  2.362960	 -4.748390	  0.325280	  0.000000	
  2.360890	 -4.746570	  0.326020	  0.000000	
  2.361950	 -4.746670	  0.324720	  0.000000	
  2.358410	 -4.746710	  0.328160	  0.000000	
  2.360260	 -4.748670	  0.326860	  0.000000	
  2.359810	 -4.746500	  0.327320	  0.000000	
  2.365350	 -4.752630	  0.322410	  0.000000	
  2.364500	 -4.753750	  0.323780	  0.000000	
  2.365140	 -4.750320	  0.322240	  0.000000	
  2.366540	 -4.750740	  0.322620	  0.000000	
  2.366190	 -4.752170	  0.323950	  0.000000	
  2.364360	 -4.750740	  0.324690	  0.000000	
  2.366570	 -4.750740	  0.324300	  0.000000	
  2.367690	 -4.750140	  0.323500	  0.000000	
  2.363420	 -4.748810	  0.322410	  0.000000	
  2.364960	 -4.748000	  0.323220	  0.000000	
  2.364960	 -4.745620	  0.322450	  0.000000	
  2.367030	 -4.745650	  0.322100	  0.000000	
  2.360020	 -4.744740	  0.326020	  0.000000	
  2.362860	 -4.744880	  0.324410	  0.000000	
  2.362230	 -4.743590	  0.324970	  0.000000	
  2.359740	 -4.742360	  0.325850	  0.000000	
  2.361490	 -4.742040	  0.324970	  0.000000	
  2.358580	 -4.738260	  0.326230	  0.000000	
  2.357950	 -4.736680	  0.325640	  0.000000	
  2.362680	 -4.739660	  0.323430	  0.000000	
  2.362750	 -4.737240	  0.322620	  0.000000	
  2.362400	 -4.737980	  0.323880	  0.000000	
  2.361490	 -4.736720	  0.323920	  0.000000	
  2.360720	 -4.738890	  0.324790	  0.000000	
  2.361670	 -4.740220	  0.324760	  0.000000	
  2.359600	 -4.737140	  0.325430	  0.000000	
  2.358620	 -4.744880	  0.328510	  0.000000	
  2.357600	 -4.743520	  0.328020	  0.000000	
  2.356300	 -4.742430	  0.328120	  0.000000	
  2.358620	 -4.741800	  0.327110	  0.000000	
  2.355530	 -4.745160	  0.329630	  0.000000	
  2.355150	 -4.741240	  0.328790	  0.000000	
  2.359740	 -4.743620	  0.327070	  0.000000	
  2.361490	 -4.744530	  0.326300	  0.000000	
  2.356410	 -4.739980	  0.327880	  0.000000	
  2.358200	 -4.739630	  0.327000	  0.000000	
  2.355640	 -4.738540	  0.326760	  0.000000	
  2.355460	 -4.736820	  0.326620	  0.000000	
  2.363770	 -4.743830	  0.323600	  0.000000	
  2.365870	 -4.743940	  0.322130	  0.000000	
  2.364400	 -4.742400	  0.323950	  0.000000	
  2.365280	 -4.741340	  0.323150	  0.000000	
  2.364190	 -4.738890	  0.322550	  0.000000	
  2.364640	 -4.739800	  0.323670	  0.000000	
  2.373580	 -4.748880	  0.313440	  0.000000	
  2.372990	 -4.747300	  0.315050	  0.000000	
  2.373830	 -4.746290	  0.314280	  0.000000	
  2.372780	 -4.745690	  0.316100	  0.000000	
  2.374140	 -4.744360	  0.313510	  0.000000	
  2.373020	 -4.744950	  0.314320	  0.000000	
  2.372880	 -4.743130	  0.314740	  0.000000	
  2.373550	 -4.741620	  0.314490	  0.000000	
  2.374460	 -4.742920	  0.313890	  0.000000	
  2.376030	 -4.742750	  0.313050	  0.000000	
  2.375370	 -4.741240	  0.313610	  0.000000	
  2.374770	 -4.745200	  0.315160	  0.000000	
  2.374350	 -4.740120	  0.313650	  0.000000	
  2.373480	 -4.739240	  0.314840	  0.000000	
  2.372920	 -4.736650	  0.313610	  0.000000	
  2.374350	 -4.738220	  0.314070	  0.000000	
  2.363070	 -4.732860	  0.319400	  0.000000	
  2.362890	 -4.733530	  0.321710	  0.000000	
  2.362930	 -4.730580	  0.318070	  0.000000	
  2.363100	 -4.731110	  0.320340	  0.000000	
  2.362440	 -4.732020	  0.321680	  0.000000	
  2.362440	 -4.730160	  0.321500	  0.000000	
  2.365770	 -4.732580	  0.314980	  0.000000	
  2.366400	 -4.734760	  0.317290	  0.000000	
  2.365170	 -4.732340	  0.316730	  0.000000	
  2.366780	 -4.733950	  0.316070	  0.000000	
  2.370810	 -4.735390	  0.313820	  0.000000	
  2.369970	 -4.734650	  0.315020	  0.000000	
  2.369760	 -4.733000	  0.313230	  0.000000	
  2.369170	 -4.733280	  0.315050	  0.000000	
  2.368390	 -4.732510	  0.314000	  0.000000	
  2.371550	 -4.733840	  0.314140	  0.000000	
  2.368010	 -4.734470	  0.315330	  0.000000	
  2.366330	 -4.730580	  0.314140	  0.000000	
  2.365140	 -4.728760	  0.314740	  0.000000	
  2.364780	 -4.730230	  0.316070	  0.000000	
  2.366260	 -4.731180	  0.315890	  0.000000	
  2.366640	 -4.732130	  0.317050	  0.000000	
  2.363980	 -4.728170	  0.317150	  0.000000	
  2.370430	 -4.731460	  0.313020	  0.000000	
  2.366470	 -4.735880	  0.318520	  0.000000	
  2.365770	 -4.734510	  0.319080	  0.000000	
  2.365100	 -4.732930	  0.318490	  0.000000	
  2.363520	 -4.735670	  0.320100	  0.000000	
  2.364820	 -4.735560	  0.321010	  0.000000	
  2.364680	 -4.733810	  0.320310	  0.000000	
  2.364150	 -4.732270	  0.321390	  0.000000	
  2.364990	 -4.731250	  0.317780	  0.000000	
  2.363310	 -4.729080	  0.318450	  0.000000	
  2.364890	 -4.727680	  0.318630	  0.000000	
  2.363590	 -4.729570	  0.320130	  0.000000	
  2.364470	 -4.727890	  0.320410	  0.000000	
  2.363000	 -4.721650	  0.314490	  0.000000	
  2.362090	 -4.720280	  0.313400	  0.000000	
  2.361210	 -4.718770	  0.312880	  0.000000	
  2.362260	 -4.720180	  0.315050	  0.000000	
  2.361390	 -4.718700	  0.314530	  0.000000	
  2.362960	 -4.719190	  0.316000	  0.000000	
  2.362960	 -4.722210	  0.321290	  0.000000	
  2.363000	 -4.720420	  0.321150	  0.000000	
  2.364960	 -4.725710	  0.313400	  0.000000	
  2.366680	 -4.725500	  0.313650	  0.000000	
  2.365870	 -4.727180	  0.314490	  0.000000	
  2.364360	 -4.724100	  0.313370	  0.000000	
  2.364680	 -4.724560	  0.315020	  0.000000	
  2.366190	 -4.724420	  0.314770	  0.000000	
  2.365350	 -4.726170	  0.316170	  0.000000	
  2.363980	 -4.723650	  0.316210	  0.000000	
  2.365310	 -4.724240	  0.317150	  0.000000	
  2.363770	 -4.722420	  0.313330	  0.000000	
  2.364290	 -4.720980	  0.313120	  0.000000	
  2.364850	 -4.722520	  0.314840	  0.000000	
  2.364610	 -4.720280	  0.314700	  0.000000	
  2.363420	 -4.721960	  0.316140	  0.000000	
  2.365310	 -4.722280	  0.316420	  0.000000	
  2.364080	 -4.720530	  0.316490	  0.000000	
  2.365700	 -4.720250	  0.317290	  0.000000	
  2.365240	 -4.726240	  0.319010	  0.000000	
  2.363940	 -4.724940	  0.318560	  0.000000	
  2.364260	 -4.726730	  0.321460	  0.000000	
  2.364780	 -4.724490	  0.320060	  0.000000	
  2.363940	 -4.724910	  0.321360	  0.000000	
  2.364150	 -4.722870	  0.317780	  0.000000	
  2.365210	 -4.722350	  0.319260	  0.000000	
  2.363700	 -4.721820	  0.319470	  0.000000	
  2.364150	 -4.719830	  0.318100	  0.000000	
  2.363700	 -4.718810	  0.319190	  0.000000	
  2.364360	 -4.722770	  0.320550	  0.000000	
  2.357000	 -4.734860	  0.325640	  0.000000	
  2.356130	 -4.733460	  0.325670	  0.000000	
  2.358160	 -4.732410	  0.324090	  0.000000	
  2.360860	 -4.735140	  0.323320	  0.000000	
  2.362470	 -4.734970	  0.322480	  0.000000	
  2.360650	 -4.733530	  0.323780	  0.000000	
  2.361950	 -4.733420	  0.323010	  0.000000	
  2.359910	 -4.735630	  0.324650	  0.000000	
  2.359250	 -4.734260	  0.324650	  0.000000	
  2.360440	 -4.731880	  0.322550	  0.000000	
  2.360190	 -4.730690	  0.323600	  0.000000	
  2.362190	 -4.729080	  0.322590	  0.000000	
  2.362790	 -4.726830	  0.322270	  0.000000	
  2.357530	 -4.714320	  0.314210	  0.000000	
  2.355010	 -4.714460	  0.316310	  0.000000	
  2.357070	 -4.714530	  0.317120	  0.000000	
  2.359350	 -4.717270	  0.314180	  0.000000	
  2.361460	 -4.717340	  0.313260	  0.000000	
  2.361700	 -4.716670	  0.314840	  0.000000	
  2.358970	 -4.714220	  0.313400	  0.000000	
  2.362610	 -4.717410	  0.315890	  0.000000	
  2.358930	 -4.714920	  0.316280	  0.000000	
  2.356130	 -4.713310	  0.314350	  0.000000	
  2.357110	 -4.712820	  0.313050	  0.000000	
  2.358090	 -4.715340	  0.318140	  0.000000	
  2.363100	 -4.717790	  0.318100	  0.000000	
  2.359630	 -4.715160	  0.317890	  0.000000	
  2.360330	 -4.716070	  0.318980	  0.000000	
  2.361600	 -4.714780	  0.317500	  0.000000	
  2.362510	 -4.718110	  0.320450	  0.000000	
  2.363210	 -4.716460	  0.317400	  0.000000	
  2.354710	 -4.718920	  0.307160	  0.000000	
  2.350590	 -4.729840	  0.289340	  0.000000	
  2.353490	 -4.728880	  0.290830	  0.000000	
  2.350460	 -4.731560	  0.289440	  0.000000	
  2.358650	 -4.721610	  0.293580	  0.000000	
  2.356680	 -4.720430	  0.297000	  0.000000	
  2.363270	 -4.729110	  0.295310	  0.000000	
  2.362670	 -4.727370	  0.296980	  0.000000	
  2.359470	 -4.732120	  0.292300	  0.000000	
  2.363240	 -4.739610	  0.294120	  0.000000	
  2.364610	 -4.740910	  0.294100	  0.000000	
  2.365150	 -4.735440	  0.295520	  0.000000	
  2.367080	 -4.743530	  0.297460	  0.000000	
  2.369030	 -4.742820	  0.298970	  0.000000	
  2.355970	 -4.720590	  0.300410	  0.000000	
  2.355280	 -4.720740	  0.302140	  0.000000	
  2.363590	 -4.719490	  0.313380	  0.000000	
  2.366720	 -4.725550	  0.316840	  0.000000	
  2.366570	 -4.729200	  0.315360	  0.000000	
  2.366150	 -4.727570	  0.316990	  0.000000	
  2.366100	 -4.729310	  0.317050	  0.000000	
  2.369260	 -4.730150	  0.308490	  0.000000	
  2.371530	 -4.743600	  0.303920	  0.000000	
  2.369460	 -4.746170	  0.302470	  0.000000	
  2.368740	 -4.746350	  0.304230	  0.000000	
  2.367260	 -4.735860	  0.315630	  0.000000	
  2.377160	 -4.745130	  0.312080	  0.000000	
  2.369820	 -4.743790	  0.317520	  0.000000	
  2.365340	 -4.718770	  0.318290	  0.000000	
  2.366490	 -4.720210	  0.320000	  0.000000	
  2.366810	 -4.723800	  0.318460	  0.000000	
  2.348410	 -4.735840	  0.288040	  0.000000	
  2.352560	 -4.739680	  0.289660	  0.000000	
  2.354590	 -4.735430	  0.291060	  0.000000	
  2.354470	 -4.740710	  0.291300	  0.000000	
  2.359980	 -4.740720	  0.292670	  0.000000	
  2.355150	 -4.742340	  0.291340	  0.000000	
  2.364470	 -4.746070	  0.297730	  0.000000	
  2.368260	 -4.748220	  0.304340	  0.000000	
  2.368100	 -4.748230	  0.306020	  0.000000	
  2.374120	 -4.751230	  0.305800	  0.000000	
  2.366180	 -4.753680	  0.311440	  0.000000	
  2.371960	 -4.751850	  0.309320	  0.000000	
  2.368400	 -4.751240	  0.314570	  0.000000	
  2.368400	 -4.752770	  0.318010	  0.000000	
  2.366540	 -4.757070	  0.314970	  0.000000	
  2.365560	 -4.757340	  0.316710	  0.000000	
  2.365230	 -4.746930	  0.324700	  0.000000	
  2.366780	 -4.748270	  0.321280	  0.000000	
  2.366620	 -4.748280	  0.322970	  0.000000	
  2.358370	 -4.723840	  0.290790	  0.000000	
  2.358630	 -4.725480	  0.290740	  0.000000	
  2.361900	 -4.730940	  0.292760	  0.000000	
  2.357280	 -4.730420	  0.290750	  0.000000	
  2.359850	 -4.728030	  0.291780	  0.000000	
  2.356150	 -4.719120	  0.293440	  0.000000	
  2.355340	 -4.724870	  0.288640	  0.000000	
  2.353620	 -4.726600	  0.285180	  0.000000	
  2.353880	 -4.728140	  0.286320	  0.000000	
  2.353360	 -4.724940	  0.287590	  0.000000	
  2.353040	 -4.727460	  0.287560	  0.000000	
  2.352390	 -4.728510	  0.288790	  0.000000	
  2.351340	 -4.727810	  0.286510	  0.000000	
  2.357290	 -4.724540	  0.289690	  0.000000	
  2.356900	 -4.721170	  0.292140	  0.000000	
  2.357290	 -4.726210	  0.290830	  0.000000	
  2.354960	 -4.726010	  0.289820	  0.000000	
  2.354550	 -4.728460	  0.289840	  0.000000	
  2.356310	 -4.734320	  0.288380	  0.000000	
  2.362540	 -4.732780	  0.292660	  0.000000	
  2.361400	 -4.734870	  0.292730	  0.000000	
  2.355760	 -4.732340	  0.289670	  0.000000	
  2.359460	 -4.733510	  0.291730	  0.000000	
  2.355520	 -4.735160	  0.293190	  0.000000	
  2.359950	 -4.742960	  0.292680	  0.000000	
  2.356710	 -4.740650	  0.291780	  0.000000	
  2.352380	 -4.729970	  0.287590	  0.000000	
  2.351310	 -4.733870	  0.288800	  0.000000	
  2.352490	 -4.737600	  0.291010	  0.000000	
  2.373100	 -4.740110	  0.301140	  0.000000	
  2.374230	 -4.740900	  0.302240	  0.000000	
  2.369570	 -4.750580	  0.310700	  0.000000	
  2.370170	 -4.752430	  0.309440	  0.000000	
  2.368210	 -4.752550	  0.309580	  0.000000	
  2.370470	 -4.746660	  0.315450	  0.000000	
  2.369130	 -4.729690	  0.301710	  0.000000	
  2.359120	 -4.724250	  0.294310	  0.000000	
  2.363030	 -4.731730	  0.293820	  0.000000	
  2.356200	 -4.718980	  0.298200	  0.000000	
  2.357630	 -4.719980	  0.299290	  0.000000	
  2.357780	 -4.721510	  0.299230	  0.000000	
  2.357220	 -4.716450	  0.306540	  0.000000	
  2.359440	 -4.719510	  0.305100	  0.000000	
  2.358490	 -4.718730	  0.307580	  0.000000	
  2.364350	 -4.736950	  0.294820	  0.000000	
  2.369970	 -4.742320	  0.297820	  0.000000	
  2.370120	 -4.743960	  0.297760	  0.000000	
  2.367790	 -4.742320	  0.296810	  0.000000	
  2.365420	 -4.739150	  0.294670	  0.000000	
  2.362380	 -4.741640	  0.294890	  0.000000	
  2.370980	 -4.738610	  0.300180	  0.000000	
  2.370450	 -4.739650	  0.299020	  0.000000	
  2.363690	 -4.734950	  0.293730	  0.000000	
  2.358130	 -4.740030	  0.294070	  0.000000	
  2.367010	 -4.751640	  0.310910	  0.000000	
  2.360750	 -4.714160	  0.313430	  0.000000	
  2.359470	 -4.713150	  0.314760	  0.000000	
  2.368790	 -4.746940	  0.314390	  0.000000	
  2.367600	 -4.747540	  0.315670	  0.000000	
  2.368720	 -4.749930	  0.311980	  0.000000	
  2.369260	 -4.748860	  0.313140	  0.000000	
  2.366830	 -4.749860	  0.313310	  0.000000	
  2.367060	 -4.748610	  0.314510	  0.000000	
  2.367060	 -4.751460	  0.315630	  0.000000	
  2.368370	 -4.745110	  0.316830	  0.000000	
  2.369300	 -4.747200	  0.316720	  0.000000	
  2.366560	 -4.746690	  0.318150	  0.000000	
  2.368030	 -4.743160	  0.319310	  0.000000	
  2.367620	 -4.748920	  0.316840	  0.000000	
  2.367780	 -4.750420	  0.316790	  0.000000	
  2.364210	 -4.738710	  0.320930	  0.000000	
  2.356980	 -4.737840	  0.327510	  0.000000	
  2.362840	 -4.742260	  0.323330	  0.000000	
  2.367840	 -4.750240	  0.321510	  0.000000	
  2.367120	 -4.749620	  0.325140	  0.000000	
  2.366200	 -4.748870	  0.326420	  0.000000	
  2.363730	 -4.748640	  0.326650	  0.000000	
  2.362470	 -4.746120	  0.328030	  0.000000	
  2.369700	 -4.753710	  0.308250	  0.000000	
  2.366640	 -4.757170	  0.310780	  0.000000	
  2.367600	 -4.756610	  0.311900	  0.000000	
  2.365610	 -4.760470	  0.315560	  0.000000	
  2.368130	 -4.753790	  0.316680	  0.000000	
  2.367360	 -4.757420	  0.317840	  0.000000	
  2.357020	 -4.754850	  0.302190	  0.000000	
  2.351380	 -4.752320	  0.301520	  0.000000	
  2.350330	 -4.752940	  0.302760	  0.000000	
  2.364210	 -4.754400	  0.306310	  0.000000	
  2.361390	 -4.755110	  0.304180	  0.000000	
  2.362570	 -4.755890	  0.306430	  0.000000	
  2.359670	 -4.756640	  0.304300	  0.000000	
  2.358890	 -4.754780	  0.303210	  0.000000	
  2.357340	 -4.756550	  0.303290	  0.000000	
  2.357500	 -4.758050	  0.304430	  0.000000	
  2.361050	 -4.756260	  0.305360	  0.000000	
  2.360720	 -4.757340	  0.306550	  0.000000	
  2.360570	 -4.758790	  0.305340	  0.000000	
  2.363890	 -4.755340	  0.307530	  0.000000	
  2.366410	 -4.754420	  0.309700	  0.000000	
  2.365320	 -4.752060	  0.309850	  0.000000	
  2.364300	 -4.758440	  0.308610	  0.000000	
  2.362450	 -4.757140	  0.307600	  0.000000	
  2.363250	 -4.756280	  0.308750	  0.000000	
  2.362030	 -4.759710	  0.308770	  0.000000	
  2.365430	 -4.757790	  0.309710	  0.000000	
  2.363590	 -4.759240	  0.309830	  0.000000	
  2.364980	 -4.758830	  0.310900	  0.000000	
  2.361020	 -4.758990	  0.307680	  0.000000	
  2.352180	 -4.755780	  0.303740	  0.000000	
  2.359700	 -4.759540	  0.306610	  0.000000	
  2.357400	 -4.759470	  0.305610	  0.000000	
  2.356530	 -4.760180	  0.306840	  0.000000	
  2.363540	 -4.760710	  0.310980	  0.000000	
  2.362400	 -4.761360	  0.309870	  0.000000	
  2.359460	 -4.760810	  0.308950	  0.000000	
  2.357900	 -4.759720	  0.307940	  0.000000	
  2.357320	 -4.760680	  0.309130	  0.000000	
  2.357760	 -4.762370	  0.307880	  0.000000	
  2.355910	 -4.762600	  0.308050	  0.000000	
  2.360020	 -4.761120	  0.311280	  0.000000	
  2.358330	 -4.761320	  0.310220	  0.000000	
  2.355590	 -4.762250	  0.310440	  0.000000	
  2.356970	 -4.763300	  0.309110	  0.000000	
  2.357470	 -4.763550	  0.311440	  0.000000	
  2.356040	 -4.763990	  0.310380	  0.000000	
  2.352920	 -4.757660	  0.304830	  0.000000	
  2.354580	 -4.758860	  0.305840	  0.000000	
  2.351280	 -4.760680	  0.308470	  0.000000	
  2.352280	 -4.761350	  0.309560	  0.000000	
  2.354080	 -4.763890	  0.311710	  0.000000	
  2.351650	 -4.762220	  0.310790	  0.000000	
  2.352080	 -4.763810	  0.311880	  0.000000	
  2.346560	 -4.750310	  0.301940	  0.000000	
  2.344530	 -4.748910	  0.299750	  0.000000	
  2.342910	 -4.749220	  0.301080	  0.000000	
  2.346230	 -4.751530	  0.303130	  0.000000	
  2.341150	 -4.749410	  0.301210	  0.000000	
  2.340120	 -4.748630	  0.302500	  0.000000	
  2.366880	 -4.754570	  0.314390	  0.000000	
  2.366250	 -4.756790	  0.313210	  0.000000	
  2.363730	 -4.759260	  0.312180	  0.000000	
  2.365710	 -4.759270	  0.313190	  0.000000	
  2.365040	 -4.758760	  0.314440	  0.000000	
  2.367030	 -4.754440	  0.320300	  0.000000	
  2.364170	 -4.759270	  0.319240	  0.000000	
  2.363770	 -4.760470	  0.320430	  0.000000	
  2.363990	 -4.760910	  0.313310	  0.000000	
  2.362730	 -4.761480	  0.312210	  0.000000	
  2.361130	 -4.761870	  0.312340	  0.000000	
  2.362480	 -4.762770	  0.313390	  0.000000	
  2.361880	 -4.763820	  0.312230	  0.000000	
  2.360300	 -4.764030	  0.312360	  0.000000	
  2.363470	 -4.761930	  0.314500	  0.000000	
  2.362080	 -4.763860	  0.314570	  0.000000	
  2.362920	 -4.763010	  0.315730	  0.000000	
  2.361470	 -4.764830	  0.313450	  0.000000	
  2.359390	 -4.766210	  0.314770	  0.000000	
  2.361370	 -4.764670	  0.315800	  0.000000	
  2.360380	 -4.766880	  0.315870	  0.000000	
  2.358550	 -4.764290	  0.312500	  0.000000	
  2.357610	 -4.763580	  0.313780	  0.000000	
  2.355550	 -4.764910	  0.312750	  0.000000	
  2.354570	 -4.765510	  0.314020	  0.000000	
  2.358570	 -4.764240	  0.314880	  0.000000	
  2.357640	 -4.766260	  0.316100	  0.000000	
  2.356400	 -4.765430	  0.315040	  0.000000	
  2.354620	 -4.767010	  0.315160	  0.000000	
  2.355660	 -4.766220	  0.316270	  0.000000	
  2.364290	 -4.761000	  0.316840	  0.000000	
  2.363770	 -4.762010	  0.318030	  0.000000	
  2.362820	 -4.764310	  0.316900	  0.000000	
  2.364220	 -4.762210	  0.320360	  0.000000	
  2.362280	 -4.762400	  0.319350	  0.000000	
  2.361810	 -4.766450	  0.316930	  0.000000	
  2.361280	 -4.764500	  0.318190	  0.000000	
  2.359420	 -4.766100	  0.318310	  0.000000	
  2.360400	 -4.765360	  0.319420	  0.000000	
  2.359400	 -4.767390	  0.319480	  0.000000	
  2.359860	 -4.766330	  0.320640	  0.000000	
  2.360390	 -4.768060	  0.320540	  0.000000	
  2.357240	 -4.767250	  0.318470	  0.000000	
  2.357740	 -4.767500	  0.320810	  0.000000	
  2.353460	 -4.764670	  0.315310	  0.000000	
  2.365500	 -4.754710	  0.321620	  0.000000	
  2.364040	 -4.752130	  0.324160	  0.000000	
  2.364280	 -4.757920	  0.321640	  0.000000	
  2.365600	 -4.757410	  0.322740	  0.000000	
  2.363020	 -4.759830	  0.322900	  0.000000	
  2.365330	 -4.757110	  0.325130	  0.000000	
  2.363020	 -4.756850	  0.325350	  0.000000	
  2.363790	 -4.758840	  0.324050	  0.000000	
  2.362150	 -4.759140	  0.324180	  0.000000	
  2.362990	 -4.752740	  0.325430	  0.000000	
  2.363130	 -4.761380	  0.321650	  0.000000	
  2.361640	 -4.761770	  0.322970	  0.000000	
  2.360380	 -4.763670	  0.323040	  0.000000	
  2.359900	 -4.764870	  0.321850	  0.000000	
  2.358870	 -4.765530	  0.323120	  0.000000	
  2.358350	 -4.767870	  0.323100	  0.000000	
  2.358200	 -4.769450	  0.318360	  0.000000	
  2.355710	 -4.767730	  0.317410	  0.000000	
  2.357320	 -4.768660	  0.321990	  0.000000	
  2.362690	 -4.752230	  0.300580	  0.000000	
  2.364470	 -4.756330	  0.310110	  0.000000	
  2.362250	 -4.759370	  0.310720	  0.000000	
  2.366050	 -4.744190	  0.296170	  0.000000	
  2.363920	 -4.746040	  0.295310	  0.000000	
  2.364630	 -4.744690	  0.296070	  0.000000	
  2.364360	 -4.744190	  0.297790	  0.000000	
  2.371670	 -4.737780	  0.298330	  0.000000	
  2.373640	 -4.735020	  0.298770	  0.000000	
  2.366380	 -4.741480	  0.298790	  0.000000	
  2.378100	 -4.747300	  0.306870	  0.000000	
  2.373860	 -4.746020	  0.304650	  0.000000	
  2.374560	 -4.744740	  0.305400	  0.000000	
  2.375660	 -4.747620	  0.307290	  0.000000	
  2.375290	 -4.746010	  0.306360	  0.000000	
  2.374060	 -4.737030	  0.301350	  0.000000	
  2.374320	 -4.736600	  0.303090	  0.000000	
  2.376600	 -4.740720	  0.304340	  0.000000	
  2.374640	 -4.743300	  0.304460	  0.000000	
  2.376900	 -4.737680	  0.304760	  0.000000	
  2.375690	 -4.736410	  0.304310	  0.000000	
  2.365530	 -4.748820	  0.301140	  0.000000	
  2.363200	 -4.750000	  0.299770	  0.000000	
  2.364320	 -4.750060	  0.300920	  0.000000	
  2.364560	 -4.748470	  0.300050	  0.000000	
  2.363630	 -4.746850	  0.299100	  0.000000	
  2.364330	 -4.751220	  0.301900	  0.000000	
  2.362950	 -4.750600	  0.301350	  0.000000	
  2.364590	 -4.748570	  0.302810	  0.000000	
  2.366730	 -4.744220	  0.300140	  0.000000	
  2.365120	 -4.746250	  0.299790	  0.000000	
  2.369250	 -4.744150	  0.306960	  0.000000	
  2.371790	 -4.740100	  0.300280	  0.000000	
  2.371070	 -4.741900	  0.306220	  0.000000	
  2.371860	 -4.740350	  0.307560	  0.000000	
  2.375390	 -4.734530	  0.302860	  0.000000	
  2.378800	 -4.730250	  0.302980	  0.000000	
  2.379630	 -4.744440	  0.307880	  0.000000	
  2.377640	 -4.746030	  0.308140	  0.000000	
  2.377330	 -4.746790	  0.310850	  0.000000	
  2.378680	 -4.745110	  0.310010	  0.000000	
  2.375250	 -4.746180	  0.308040	  0.000000	
  2.374310	 -4.744240	  0.309930	  0.000000	
  2.374050	 -4.747310	  0.311190	  0.000000	
  2.374380	 -4.745410	  0.310900	  0.000000	
  2.380450	 -4.742890	  0.308670	  0.000000	
  2.381400	 -4.741120	  0.309520	  0.000000	
  2.374440	 -4.742910	  0.311260	  0.000000	
  2.375700	 -4.739170	  0.309590	  0.000000	
  2.374510	 -4.737970	  0.310260	  0.000000	
  2.372430	 -4.748030	  0.311580	  0.000000	
  2.371100	 -4.749400	  0.311340	  0.000000	
  2.372810	 -4.744940	  0.311480	  0.000000	
  2.370910	 -4.749900	  0.313510	  0.000000	
  2.372640	 -4.747670	  0.313330	  0.000000	
  2.371300	 -4.741540	  0.308520	  0.000000	
  2.372640	 -4.740350	  0.309850	  0.000000	
  2.373790	 -4.739420	  0.310590	  0.000000	
  2.358330	 -4.742480	  0.288870	  0.000000	
  2.357200	 -4.741260	  0.288980	  0.000000	
  2.358940	 -4.743600	  0.289860	  0.000000	
  2.356040	 -4.741160	  0.290060	  0.000000	
  2.355400	 -4.739550	  0.285780	  0.000000	
  2.357590	 -4.739090	  0.287050	  0.000000	
  2.357670	 -4.737760	  0.287780	  0.000000	
  2.355110	 -4.738980	  0.287540	  0.000000	
  2.356320	 -4.737740	  0.286600	  0.000000	
  2.358300	 -4.740250	  0.289160	  0.000000	
  2.355570	 -4.740670	  0.288430	  0.000000	
  2.354500	 -4.737620	  0.285430	  0.000000	
  2.351970	 -4.736200	  0.284980	  0.000000	
  2.353630	 -4.735590	  0.285670	  0.000000	
  2.352400	 -4.731870	  0.285540	  0.000000	
  2.351320	 -4.732810	  0.284840	  0.000000	
  2.354020	 -4.738680	  0.286420	  0.000000	
  2.353900	 -4.740330	  0.287890	  0.000000	
  2.352920	 -4.738450	  0.287540	  0.000000	
  2.353560	 -4.737060	  0.286610	  0.000000	
  2.350840	 -4.737340	  0.287040	  0.000000	
  2.354040	 -4.738790	  0.288620	  0.000000	
  2.353950	 -4.740330	  0.289570	  0.000000	
  2.355070	 -4.739220	  0.289750	  0.000000	
  2.351790	 -4.738220	  0.289740	  0.000000	
  2.352340	 -4.737020	  0.288260	  0.000000	
  2.352310	 -4.735640	  0.286760	  0.000000	
  2.351200	 -4.735590	  0.288400	  0.000000	
  2.351050	 -4.734610	  0.286840	  0.000000	
  2.351380	 -4.732820	  0.287080	  0.000000	
  2.349350	 -4.733270	  0.287520	  0.000000	
  2.351450	 -4.730110	  0.285750	  0.000000	
  2.350400	 -4.731120	  0.287250	  0.000000	
  2.350660	 -4.729320	  0.287500	  0.000000	
  2.358960	 -4.751300	  0.295540	  0.000000	
  2.360940	 -4.751020	  0.298990	  0.000000	
  2.358620	 -4.752030	  0.297090	  0.000000	
  2.359260	 -4.750920	  0.298970	  0.000000	
  2.355940	 -4.752390	  0.295840	  0.000000	
  2.357360	 -4.750830	  0.295560	  0.000000	
  2.354160	 -4.753440	  0.295640	  0.000000	
  2.355450	 -4.750840	  0.295470	  0.000000	
  2.354030	 -4.751440	  0.295900	  0.000000	
  2.357190	 -4.751330	  0.298260	  0.000000	
  2.353750	 -4.753170	  0.297340	  0.000000	
  2.353720	 -4.752180	  0.298570	  0.000000	
  2.355400	 -4.751140	  0.298770	  0.000000	
  2.352600	 -4.752020	  0.295800	  0.000000	
  2.352390	 -4.753540	  0.296120	  0.000000	
  2.351230	 -4.752390	  0.296780	  0.000000	
  2.352820	 -4.750420	  0.295450	  0.000000	
  2.350320	 -4.751620	  0.295760	  0.000000	
  2.349260	 -4.752530	  0.296700	  0.000000	
  2.350580	 -4.749780	  0.295450	  0.000000	
  2.352320	 -4.752680	  0.297910	  0.000000	
  2.352990	 -4.750270	  0.299370	  0.000000	
  2.351750	 -4.751500	  0.299150	  0.000000	
  2.350290	 -4.753130	  0.298350	  0.000000	
  2.350490	 -4.751430	  0.298000	  0.000000	
  2.348580	 -4.750240	  0.295890	  0.000000	
  2.347060	 -4.749490	  0.297020	  0.000000	
  2.347370	 -4.751400	  0.297920	  0.000000	
  2.347960	 -4.752940	  0.298840	  0.000000	
  2.347450	 -4.750180	  0.299180	  0.000000	
  2.355560	 -4.762020	  0.305660	  0.000000	
  2.355390	 -4.760050	  0.304790	  0.000000	
  2.354110	 -4.759050	  0.304350	  0.000000	
  2.355200	 -4.759420	  0.307110	  0.000000	
  2.352320	 -4.762720	  0.307080	  0.000000	
  2.354640	 -4.761710	  0.307860	  0.000000	
  2.352550	 -4.761160	  0.307330	  0.000000	
  2.353060	 -4.758790	  0.307110	  0.000000	
  2.360940	 -4.751130	  0.300670	  0.000000	
  2.358700	 -4.750950	  0.300600	  0.000000	
  2.360530	 -4.753190	  0.302600	  0.000000	
  2.361610	 -4.752110	  0.301660	  0.000000	
  2.360820	 -4.751460	  0.302840	  0.000000	
  2.358640	 -4.753480	  0.302480	  0.000000	
  2.356300	 -4.758130	  0.303440	  0.000000	
  2.353780	 -4.757100	  0.301810	  0.000000	
  2.354170	 -4.757680	  0.303400	  0.000000	
  2.353410	 -4.755280	  0.302030	  0.000000	
  2.353760	 -4.755890	  0.303630	  0.000000	
  2.356700	 -4.752460	  0.300330	  0.000000	
  2.357440	 -4.753490	  0.301320	  0.000000	
  2.355880	 -4.754180	  0.301160	  0.000000	
  2.356550	 -4.750180	  0.300630	  0.000000	
  2.354190	 -4.752490	  0.300230	  0.000000	
  2.355520	 -4.752290	  0.301420	  0.000000	
  2.354000	 -4.750620	  0.300460	  0.000000	
  2.357690	 -4.751760	  0.301570	  0.000000	
  2.354280	 -4.753600	  0.301730	  0.000000	
  2.359330	 -4.758000	  0.305810	  0.000000	
  2.357730	 -4.756600	  0.304810	  0.000000	
  2.362140	 -4.752320	  0.303890	  0.000000	
  2.354760	 -4.756560	  0.304690	  0.000000	
  2.356130	 -4.758640	  0.306140	  0.000000	
  2.353660	 -4.757610	  0.306180	  0.000000	
  2.351340	 -4.758480	  0.304850	  0.000000	
  2.350620	 -4.760000	  0.305740	  0.000000	
  2.351400	 -4.762200	  0.308230	  0.000000	
  2.350800	 -4.758540	  0.307040	  0.000000	
  2.349490	 -4.761220	  0.308290	  0.000000	
  2.348910	 -4.760040	  0.306770	  0.000000	
  2.346050	 -4.759480	  0.305630	  0.000000	
  2.348030	 -4.758210	  0.306420	  0.000000	
  2.347630	 -4.759070	  0.307970	  0.000000	
  2.346010	 -4.759720	  0.307800	  0.000000	
  2.345180	 -4.757700	  0.306960	  0.000000	
  2.352150	 -4.754390	  0.301550	  0.000000	
  2.351060	 -4.754410	  0.303190	  0.000000	
  2.349210	 -4.756830	  0.303900	  0.000000	
  2.349230	 -4.754320	  0.303140	  0.000000	
  2.352880	 -4.752900	  0.301250	  0.000000	
  2.349260	 -4.751570	  0.300170	  0.000000	
  2.351100	 -4.750380	  0.300400	  0.000000	
  2.349120	 -4.751900	  0.301790	  0.000000	
  2.346130	 -4.754120	  0.301380	  0.000000	
  2.347660	 -4.753710	  0.302030	  0.000000	
  2.346010	 -4.753260	  0.302610	  0.000000	
  2.347870	 -4.751930	  0.300630	  0.000000	
  2.345890	 -4.752070	  0.299990	  0.000000	
  2.345220	 -4.752150	  0.301620	  0.000000	
  2.345270	 -4.750640	  0.300710	  0.000000	
  2.348190	 -4.752760	  0.303320	  0.000000	
  2.344680	 -4.752040	  0.303280	  0.000000	
  2.350970	 -4.756900	  0.303960	  0.000000	
  2.350930	 -4.757070	  0.305600	  0.000000	
  2.349830	 -4.758150	  0.305950	  0.000000	
  2.349650	 -4.756010	  0.305150	  0.000000	
  2.347810	 -4.755880	  0.304540	  0.000000	
  2.348330	 -4.756310	  0.306140	  0.000000	
  2.347190	 -4.757210	  0.305430	  0.000000	
  2.346840	 -4.755640	  0.306180	  0.000000	
  2.346260	 -4.755380	  0.304560	  0.000000	
  2.345760	 -4.753820	  0.304190	  0.000000	
  2.346500	 -4.753710	  0.305880	  0.000000	
  2.346620	 -4.757340	  0.308180	  0.000000	
  2.345650	 -4.755460	  0.307270	  0.000000	
  2.344680	 -4.756310	  0.308240	  0.000000	
  2.344700	 -4.753530	  0.306390	  0.000000	
  2.344520	 -4.754030	  0.308530	  0.000000	
  2.344640	 -4.752210	  0.304930	  0.000000	
  2.345800	 -4.751210	  0.304550	  0.000000	
  2.345370	 -4.752240	  0.307150	  0.000000	
  2.343940	 -4.753380	  0.301410	  0.000000	
  2.343510	 -4.751870	  0.301040	  0.000000	
  2.343530	 -4.750740	  0.302310	  0.000000	
  2.342850	 -4.749830	  0.303520	  0.000000	
  2.342160	 -4.748780	  0.302530	  0.000000	
  2.342930	 -4.753410	  0.306900	  0.000000	
  2.343960	 -4.751300	  0.306140	  0.000000	
  2.344090	 -4.749830	  0.304670	  0.000000	
  2.343070	 -4.748230	  0.304290	  0.000000	
  2.342980	 -4.749670	  0.305760	  0.000000	
  2.341870	 -4.749510	  0.304640	  0.000000	
  2.344230	 -4.752040	  0.308270	  0.000000	
  2.342250	 -4.751300	  0.308290	  0.000000	
  2.342430	 -4.748530	  0.307000	  0.000000	
  2.340760	 -4.748110	  0.307020	  0.000000	
  2.341150	 -4.748700	  0.308620	  0.000000	
  2.354240	 -4.769780	  0.316670	  0.000000	
  2.352830	 -4.767990	  0.315210	  0.000000	
  2.353490	 -4.767940	  0.316910	  0.000000	
  2.351930	 -4.767610	  0.316360	  0.000000	
  2.356220	 -4.769350	  0.319030	  0.000000	
  2.354500	 -4.769350	  0.318410	  0.000000	
  2.354070	 -4.768090	  0.319130	  0.000000	
  2.351910	 -4.767810	  0.319090	  0.000000	
  2.354050	 -4.770350	  0.319890	  0.000000	
  2.353870	 -4.771840	  0.321330	  0.000000	
  2.355310	 -4.768980	  0.320170	  0.000000	
  2.352230	 -4.769450	  0.319950	  0.000000	
  2.352840	 -4.769540	  0.321650	  0.000000	
  2.353600	 -4.767950	  0.320790	  0.000000	
  2.354500	 -4.769670	  0.322230	  0.000000	
  2.353200	 -4.771110	  0.322540	  0.000000	
  2.351850	 -4.770420	  0.322580	  0.000000	
  2.352590	 -4.767800	  0.322990	  0.000000	
  2.350950	 -4.768740	  0.321110	  0.000000	
  2.351470	 -4.768950	  0.322770	  0.000000	
  2.359780	 -4.765520	  0.310880	  0.000000	
  2.359780	 -4.762800	  0.309590	  0.000000	
  2.359470	 -4.762580	  0.312370	  0.000000	
  2.357640	 -4.761680	  0.311870	  0.000000	
  2.354450	 -4.764400	  0.309710	  0.000000	
  2.353240	 -4.763490	  0.309780	  0.000000	
  2.353800	 -4.765790	  0.311130	  0.000000	
  2.352140	 -4.765870	  0.312710	  0.000000	
  2.356310	 -4.759540	  0.308240	  0.000000	
  2.356200	 -4.763450	  0.312670	  0.000000	
  2.353770	 -4.762540	  0.311030	  0.000000	
  2.357530	 -4.764350	  0.316480	  0.000000	
  2.352980	 -4.766490	  0.314330	  0.000000	
  2.356050	 -4.763920	  0.315930	  0.000000	
  2.350800	 -4.764760	  0.310060	  0.000000	
  2.349670	 -4.763220	  0.309680	  0.000000	
  2.348390	 -4.764700	  0.310520	  0.000000	
  2.349920	 -4.765310	  0.311630	  0.000000	
  2.350640	 -4.766430	  0.312580	  0.000000	
  2.350080	 -4.763670	  0.311280	  0.000000	
  2.348360	 -4.764870	  0.312720	  0.000000	
  2.348300	 -4.762630	  0.310810	  0.000000	
  2.350460	 -4.761640	  0.309380	  0.000000	
  2.348790	 -4.760480	  0.309470	  0.000000	
  2.346680	 -4.762360	  0.310790	  0.000000	
  2.347590	 -4.762990	  0.312400	  0.000000	
  2.345840	 -4.762950	  0.312880	  0.000000	
  2.347280	 -4.761040	  0.309340	  0.000000	
  2.346270	 -4.759300	  0.309550	  0.000000	
  2.347620	 -4.759250	  0.310700	  0.000000	
  2.344480	 -4.757980	  0.309640	  0.000000	
  2.345630	 -4.758320	  0.310760	  0.000000	
  2.347330	 -4.761180	  0.312630	  0.000000	
  2.347080	 -4.759170	  0.312360	  0.000000	
  2.345470	 -4.760950	  0.310930	  0.000000	
  2.345500	 -4.761060	  0.312580	  0.000000	
  2.345020	 -4.759580	  0.311650	  0.000000	
  2.344660	 -4.757790	  0.312470	  0.000000	
  2.350560	 -4.765500	  0.313810	  0.000000	
  2.350500	 -4.766840	  0.314720	  0.000000	
  2.349020	 -4.765950	  0.314240	  0.000000	
  2.348080	 -4.763380	  0.315120	  0.000000	
  2.351280	 -4.765390	  0.316070	  0.000000	
  2.350620	 -4.766710	  0.316960	  0.000000	
  2.350090	 -4.764090	  0.317330	  0.000000	
  2.348920	 -4.766260	  0.315860	  0.000000	
  2.349440	 -4.764070	  0.315640	  0.000000	
  2.348280	 -4.763090	  0.316830	  0.000000	
  2.347020	 -4.763150	  0.314030	  0.000000	
  2.346370	 -4.760690	  0.313780	  0.000000	
  2.346440	 -4.761870	  0.314720	  0.000000	
  2.345980	 -4.758940	  0.313450	  0.000000	
  2.344660	 -4.757900	  0.314120	  0.000000	
  2.345360	 -4.759160	  0.315070	  0.000000	
  2.347580	 -4.760860	  0.316020	  0.000000	
  2.346050	 -4.761530	  0.316410	  0.000000	
  2.346730	 -4.758870	  0.316820	  0.000000	
  2.343970	 -4.759420	  0.316100	  0.000000	
  2.344720	 -4.757870	  0.315800	  0.000000	
  2.345030	 -4.758690	  0.317330	  0.000000	
  2.346570	 -4.757500	  0.309790	  0.000000	
  2.345100	 -4.756760	  0.310400	  0.000000	
  2.344400	 -4.755780	  0.311610	  0.000000	
  2.345440	 -4.756350	  0.313820	  0.000000	
  2.344440	 -4.756030	  0.316580	  0.000000	
  2.355520	 -4.766280	  0.318880	  0.000000	
  2.354210	 -4.766520	  0.317690	  0.000000	
  2.352800	 -4.767090	  0.318120	  0.000000	
  2.352590	 -4.766530	  0.320400	  0.000000	
  2.351720	 -4.765880	  0.317700	  0.000000	
  2.350740	 -4.766660	  0.319200	  0.000000	
  2.350220	 -4.765240	  0.318830	  0.000000	
  2.348970	 -4.764030	  0.318380	  0.000000	
  2.350660	 -4.765720	  0.320430	  0.000000	
  2.351890	 -4.765790	  0.321580	  0.000000	
  2.350200	 -4.764030	  0.320660	  0.000000	
  2.348940	 -4.763140	  0.320170	  0.000000	
  2.348810	 -4.764570	  0.321640	  0.000000	
  2.348350	 -4.760800	  0.318830	  0.000000	
  2.348550	 -4.760500	  0.320540	  0.000000	
  2.349050	 -4.761850	  0.321510	  0.000000	
  2.347920	 -4.762750	  0.318520	  0.000000	
  2.346920	 -4.762530	  0.320760	  0.000000	
  2.347810	 -4.763190	  0.321780	  0.000000	
  2.347230	 -4.761660	  0.317570	  0.000000	
  2.346520	 -4.761980	  0.319160	  0.000000	
  2.346720	 -4.759000	  0.318470	  0.000000	
  2.345630	 -4.760010	  0.318850	  0.000000	
  2.344590	 -4.761030	  0.319750	  0.000000	
  2.344230	 -4.757900	  0.318540	  0.000000	
  2.346560	 -4.760750	  0.320430	  0.000000	
  2.345510	 -4.759220	  0.320600	  0.000000	
  2.346140	 -4.758000	  0.321360	  0.000000	
  2.351170	 -4.767250	  0.322440	  0.000000	
  2.351300	 -4.765780	  0.323250	  0.000000	
  2.350710	 -4.764490	  0.322290	  0.000000	
  2.350720	 -4.764530	  0.323930	  0.000000	
  2.350760	 -4.763120	  0.323030	  0.000000	
  2.349250	 -4.763750	  0.322890	  0.000000	
  2.348600	 -4.762880	  0.324110	  0.000000	
  2.349620	 -4.761930	  0.323170	  0.000000	
  2.349070	 -4.760860	  0.324410	  0.000000	
  2.347700	 -4.764690	  0.324340	  0.000000	
  2.346930	 -4.762780	  0.324580	  0.000000	
  2.348010	 -4.761730	  0.322590	  0.000000	
  2.346510	 -4.759680	  0.322810	  0.000000	
  2.347740	 -4.759930	  0.323930	  0.000000	
  2.347740	 -4.758720	  0.325230	  0.000000	
  2.346120	 -4.760580	  0.324890	  0.000000	
  2.346230	 -4.757630	  0.318100	  0.000000	
  2.344580	 -4.757420	  0.321970	  0.000000	
  2.344960	 -4.755320	  0.321160	  0.000000	
  2.345700	 -4.753800	  0.320860	  0.000000	
  2.346570	 -4.756010	  0.323910	  0.000000	
  2.344630	 -4.756080	  0.323270	  0.000000	
  2.345540	 -4.754340	  0.324120	  0.000000	
  2.347790	 -4.757210	  0.324330	  0.000000	
  2.347100	 -4.755060	  0.325190	  0.000000	
  2.345560	 -4.755620	  0.325030	  0.000000	
  2.345590	 -4.751550	  0.323950	  0.000000	
  2.346470	 -4.752490	  0.324980	  0.000000	
  2.346210	 -4.750330	  0.324750	  0.000000	
  2.343530	 -4.753530	  0.309690	  0.000000	
  2.342420	 -4.754640	  0.310060	  0.000000	
  2.342270	 -4.752680	  0.309760	  0.000000	
  2.342870	 -4.756160	  0.310960	  0.000000	
  2.343130	 -4.755730	  0.312700	  0.000000	
  2.343330	 -4.754140	  0.311830	  0.000000	
  2.343440	 -4.752810	  0.312560	  0.000000	
  2.342280	 -4.752710	  0.311440	  0.000000	
  2.342030	 -4.753310	  0.312990	  0.000000	
  2.343380	 -4.751530	  0.309420	  0.000000	
  2.342190	 -4.750370	  0.310090	  0.000000	
  2.340660	 -4.751000	  0.310480	  0.000000	
  2.341500	 -4.748110	  0.310360	  0.000000	
  2.342490	 -4.751050	  0.311650	  0.000000	
  2.341660	 -4.750460	  0.312830	  0.000000	
  2.341740	 -4.748960	  0.311930	  0.000000	
  2.341620	 -4.748090	  0.313160	  0.000000	
  2.338800	 -4.748530	  0.310750	  0.000000	
  2.340170	 -4.749650	  0.312320	  0.000000	
  2.344080	 -4.756650	  0.314810	  0.000000	
  2.343480	 -4.755220	  0.315000	  0.000000	
  2.343900	 -4.753120	  0.314190	  0.000000	
  2.342340	 -4.753990	  0.314590	  0.000000	
  2.342440	 -4.752660	  0.315320	  0.000000	
  2.343050	 -4.755010	  0.317220	  0.000000	
  2.343110	 -4.753680	  0.316320	  0.000000	
  2.340810	 -4.753490	  0.315680	  0.000000	
  2.342310	 -4.751550	  0.313830	  0.000000	
  2.342050	 -4.749810	  0.314610	  0.000000	
  2.341650	 -4.748130	  0.315400	  0.000000	
  2.343310	 -4.752150	  0.317090	  0.000000	
  2.342920	 -4.750500	  0.316230	  0.000000	
  2.341430	 -4.751100	  0.315500	  0.000000	
  2.341800	 -4.751580	  0.317130	  0.000000	
  2.342340	 -4.749390	  0.317440	  0.000000	
  2.340620	 -4.748830	  0.314130	  0.000000	
  2.339910	 -4.747910	  0.315340	  0.000000	
  2.344380	 -4.756260	  0.318230	  0.000000	
  2.343650	 -4.755100	  0.318920	  0.000000	
  2.342900	 -4.753120	  0.318600	  0.000000	
  2.344010	 -4.753270	  0.319760	  0.000000	
  2.342930	 -4.754350	  0.320660	  0.000000	
  2.344720	 -4.753200	  0.322010	  0.000000	
  2.343090	 -4.751590	  0.318850	  0.000000	
  2.343720	 -4.750260	  0.317960	  0.000000	
  2.342190	 -4.748490	  0.318710	  0.000000	
  2.343140	 -4.751630	  0.320520	  0.000000	
  2.343510	 -4.749560	  0.320840	  0.000000	
  2.336880	 -4.751860	  0.320780	  0.000000	
  2.344380	 -4.751560	  0.322800	  0.000000	
  2.344650	 -4.748700	  0.322660	  0.000000	
  2.344540	 -4.750130	  0.323570	  0.000000	
  2.337100	 -4.752740	  0.322870	  0.000000	
  2.339230	 -4.748450	  0.322470	  0.000000	
  2.338000	 -4.750920	  0.322640	  0.000000	
  2.359820	 -4.744430	  0.291450	  0.000000	
  2.359480	 -4.742540	  0.291150	  0.000000	
  2.362860	 -4.742320	  0.292940	  0.000000	
  2.358330	 -4.741490	  0.291220	  0.000000	
  2.357370	 -4.741250	  0.293450	  0.000000	
  2.354880	 -4.743720	  0.294190	  0.000000	
  2.354910	 -4.742340	  0.293240	  0.000000	
  2.360920	 -4.748580	  0.295990	  0.000000	
  2.362420	 -4.746820	  0.296260	  0.000000	
  2.358790	 -4.749190	  0.295280	  0.000000	
  2.360240	 -4.749930	  0.296320	  0.000000	
  2.360220	 -4.746360	  0.295140	  0.000000	
  2.362020	 -4.748880	  0.298750	  0.000000	
  2.360330	 -4.749910	  0.298000	  0.000000	
  2.363210	 -4.744030	  0.294990	  0.000000	
  2.360270	 -4.743860	  0.295460	  0.000000	
  2.354830	 -4.748660	  0.295180	  0.000000	
  2.355070	 -4.747070	  0.295390	  0.000000	
  2.358710	 -4.744370	  0.295330	  0.000000	
  2.353050	 -4.747450	  0.294750	  0.000000	
  2.353450	 -4.745350	  0.294470	  0.000000	
  2.350340	 -4.745190	  0.293820	  0.000000	
  2.351440	 -4.746790	  0.294770	  0.000000	
  2.353760	 -4.743240	  0.292500	  0.000000	
  2.352570	 -4.742010	  0.292650	  0.000000	
  2.352700	 -4.744180	  0.293480	  0.000000	
  2.351270	 -4.743300	  0.293560	  0.000000	
  2.350710	 -4.741950	  0.293160	  0.000000	
  2.351460	 -4.740400	  0.292830	  0.000000	
  2.348130	 -4.744510	  0.294940	  0.000000	
  2.349550	 -4.740330	  0.292740	  0.000000	
  2.349420	 -4.743180	  0.293510	  0.000000	
  2.349030	 -4.741460	  0.293700	  0.000000	
  2.346640	 -4.743980	  0.294430	  0.000000	
  2.347470	 -4.742300	  0.294090	  0.000000	
  2.347450	 -4.739850	  0.293300	  0.000000	
  2.346070	 -4.741460	  0.294170	  0.000000	
  2.350160	 -4.748270	  0.295640	  0.000000	
  2.350090	 -4.745780	  0.295410	  0.000000	
  2.348590	 -4.747660	  0.295650	  0.000000	
  2.348700	 -4.746150	  0.295860	  0.000000	
  2.346550	 -4.747750	  0.295570	  0.000000	
  2.346650	 -4.747660	  0.297250	  0.000000	
  2.345100	 -4.747290	  0.296700	  0.000000	
  2.347230	 -4.746400	  0.295240	  0.000000	
  2.347090	 -4.744360	  0.296060	  0.000000	
  2.346360	 -4.745810	  0.296390	  0.000000	
  2.345200	 -4.747170	  0.298380	  0.000000	
  2.349780	 -4.743940	  0.295070	  0.000000	
  2.345970	 -4.743000	  0.295640	  0.000000	
  2.352700	 -4.740290	  0.291180	  0.000000	
  2.348860	 -4.738220	  0.292460	  0.000000	
  2.348600	 -4.736240	  0.292160	  0.000000	
  2.347800	 -4.737920	  0.293570	  0.000000	
  2.346310	 -4.738560	  0.294000	  0.000000	
  2.347780	 -4.735550	  0.293300	  0.000000	
  2.346770	 -4.736430	  0.294280	  0.000000	
  2.348200	 -4.734550	  0.291790	  0.000000	
  2.347620	 -4.733300	  0.292470	  0.000000	
  2.347820	 -4.731630	  0.292160	  0.000000	
  2.361830	 -4.748250	  0.301070	  0.000000	
  2.360530	 -4.749620	  0.299740	  0.000000	
  2.359970	 -4.749640	  0.301370	  0.000000	
  2.362780	 -4.749940	  0.303110	  0.000000	
  2.357780	 -4.750250	  0.299540	  0.000000	
  2.345860	 -4.745950	  0.300260	  0.000000	
  2.349760	 -4.715500	  0.299410	  0.000000	
  2.350390	 -4.716720	  0.300400	  0.000000	
  2.345040	 -4.739970	  0.294870	  0.000000	
  2.344900	 -4.745250	  0.296960	  0.000000	
  2.343290	 -4.746220	  0.298440	  0.000000	
  2.344490	 -4.746250	  0.299600	  0.000000	
  2.343390	 -4.744710	  0.298090	  0.000000	
  2.342480	 -4.745430	  0.299660	  0.000000	
  2.342690	 -4.743660	  0.299340	  0.000000	
  2.344470	 -4.742430	  0.296210	  0.000000	
  2.344500	 -4.743670	  0.297150	  0.000000	
  2.344030	 -4.739610	  0.296030	  0.000000	
  2.344010	 -4.740910	  0.296970	  0.000000	
  2.342120	 -4.740850	  0.297440	  0.000000	
  2.343030	 -4.742930	  0.297760	  0.000000	
  2.342480	 -4.741610	  0.299040	  0.000000	
  2.342000	 -4.739990	  0.298680	  0.000000	
  2.341220	 -4.742840	  0.299390	  0.000000	
  2.341050	 -4.740660	  0.299680	  0.000000	
  2.344260	 -4.736250	  0.292560	  0.000000	
  2.345080	 -4.737390	  0.294670	  0.000000	
  2.345580	 -4.735020	  0.293860	  0.000000	
  2.346010	 -4.734200	  0.295110	  0.000000	
  2.344220	 -4.737940	  0.296800	  0.000000	
  2.344510	 -4.735960	  0.295950	  0.000000	
  2.342080	 -4.737200	  0.298510	  0.000000	
  2.343220	 -4.736170	  0.297570	  0.000000	
  2.344780	 -4.734160	  0.296200	  0.000000	
  2.341000	 -4.738210	  0.299450	  0.000000	
  2.340510	 -4.736760	  0.299610	  0.000000	
  2.342090	 -4.734800	  0.299390	  0.000000	
  2.344550	 -4.747490	  0.300540	  0.000000	
  2.342430	 -4.748070	  0.299830	  0.000000	
  2.342050	 -4.747630	  0.301550	  0.000000	
  2.341650	 -4.745910	  0.301220	  0.000000	
  2.341390	 -4.743930	  0.300920	  0.000000	
  2.342180	 -4.742310	  0.300620	  0.000000	
  2.339860	 -4.744560	  0.301350	  0.000000	
  2.338680	 -4.743080	  0.302050	  0.000000	
  2.340230	 -4.743870	  0.303130	  0.000000	
  2.340790	 -4.745320	  0.304050	  0.000000	
  2.340510	 -4.741860	  0.300600	  0.000000	
  2.339420	 -4.741590	  0.301720	  0.000000	
  2.338920	 -4.740140	  0.301920	  0.000000	
  2.340310	 -4.742500	  0.303870	  0.000000	
  2.339500	 -4.740400	  0.303550	  0.000000	
  2.343620	 -4.747140	  0.305570	  0.000000	
  2.341410	 -4.747930	  0.304270	  0.000000	
  2.341230	 -4.745880	  0.306210	  0.000000	
  2.342490	 -4.745780	  0.305160	  0.000000	
  2.342090	 -4.744060	  0.304820	  0.000000	
  2.341460	 -4.744150	  0.306450	  0.000000	
  2.342530	 -4.747020	  0.306660	  0.000000	
  2.341400	 -4.746890	  0.308300	  0.000000	
  2.342890	 -4.745090	  0.306930	  0.000000	
  2.341950	 -4.740570	  0.305850	  0.000000	
  2.340040	 -4.745810	  0.308410	  0.000000	
  2.340030	 -4.744580	  0.306910	  0.000000	
  2.339470	 -4.743190	  0.308760	  0.000000	
  2.341230	 -4.741990	  0.305070	  0.000000	
  2.339580	 -4.742740	  0.305460	  0.000000	
  2.339880	 -4.740840	  0.305180	  0.000000	
  2.340130	 -4.739220	  0.305980	  0.000000	
  2.338730	 -4.741990	  0.304440	  0.000000	
  2.339550	 -4.738990	  0.304320	  0.000000	
  2.338480	 -4.740080	  0.305780	  0.000000	
  2.340440	 -4.741060	  0.307400	  0.000000	
  2.341120	 -4.742360	  0.307800	  0.000000	
  2.340700	 -4.739330	  0.307650	  0.000000	
  2.341090	 -4.734370	  0.300510	  0.000000	
  2.339310	 -4.738110	  0.301630	  0.000000	
  2.340050	 -4.735420	  0.301450	  0.000000	
  2.340150	 -4.736530	  0.302980	  0.000000	
  2.339890	 -4.734550	  0.302680	  0.000000	
  2.340790	 -4.732700	  0.302410	  0.000000	
  2.340920	 -4.733810	  0.303950	  0.000000	
  2.340970	 -4.730850	  0.303220	  0.000000	
  2.339760	 -4.730920	  0.304310	  0.000000	
  2.340360	 -4.736170	  0.304730	  0.000000	
  2.339060	 -4.737720	  0.305600	  0.000000	
  2.339020	 -4.735030	  0.305400	  0.000000	
  2.340500	 -4.737360	  0.307900	  0.000000	
  2.339660	 -4.736570	  0.306880	  0.000000	
  2.339570	 -4.732520	  0.304620	  0.000000	
  2.338470	 -4.733600	  0.305000	  0.000000	
  2.338610	 -4.731250	  0.305320	  0.000000	
  2.339560	 -4.734010	  0.306680	  0.000000	
  2.338860	 -4.732060	  0.308040	  0.000000	
  2.340850	 -4.731400	  0.307640	  0.000000	
  2.340990	 -4.729860	  0.308410	  0.000000	
  2.337720	 -4.734240	  0.306560	  0.000000	
  2.336780	 -4.733850	  0.307710	  0.000000	
  2.335800	 -4.734520	  0.308720	  0.000000	
  2.337270	 -4.732720	  0.305630	  0.000000	
  2.338110	 -4.729620	  0.305550	  0.000000	
  2.335840	 -4.730570	  0.308700	  0.000000	
  2.343550	 -4.715140	  0.294720	  0.000000	
  2.343230	 -4.713220	  0.294950	  0.000000	
  2.346840	 -4.717160	  0.297390	  0.000000	
  2.347220	 -4.717820	  0.299020	  0.000000	
  2.346250	 -4.716130	  0.296360	  0.000000	
  2.346850	 -4.714800	  0.295990	  0.000000	
  2.345620	 -4.716390	  0.298020	  0.000000	
  2.346770	 -4.716300	  0.299180	  0.000000	
  2.342920	 -4.715150	  0.296390	  0.000000	
  2.343090	 -4.713550	  0.296600	  0.000000	
  2.343400	 -4.713060	  0.298940	  0.000000	
  2.344610	 -4.723420	  0.302680	  0.000000	
  2.345550	 -4.721470	  0.302420	  0.000000	
  2.342320	 -4.728110	  0.303090	  0.000000	
  2.342890	 -4.725680	  0.303430	  0.000000	
  2.340690	 -4.729040	  0.304040	  0.000000	
  2.341450	 -4.726430	  0.303850	  0.000000	
  2.342640	 -4.724020	  0.303650	  0.000000	
  2.344200	 -4.721770	  0.303440	  0.000000	
  2.341080	 -4.723400	  0.304260	  0.000000	
  2.342180	 -4.721120	  0.304020	  0.000000	
  2.340260	 -4.727780	  0.304760	  0.000000	
  2.339550	 -4.729300	  0.305090	  0.000000	
  2.339620	 -4.725280	  0.305630	  0.000000	
  2.342480	 -4.729610	  0.308500	  0.000000	
  2.347630	 -4.721100	  0.300290	  0.000000	
  2.340540	 -4.720640	  0.304600	  0.000000	
  2.338670	 -4.727260	  0.305890	  0.000000	
  2.337470	 -4.728430	  0.306800	  0.000000	
  2.338240	 -4.725500	  0.306680	  0.000000	
  2.336640	 -4.728880	  0.308400	  0.000000	
  2.336880	 -4.727110	  0.308080	  0.000000	
  2.337290	 -4.724980	  0.307830	  0.000000	
  2.338950	 -4.723910	  0.305230	  0.000000	
  2.337860	 -4.723650	  0.306350	  0.000000	
  2.339200	 -4.722110	  0.304910	  0.000000	
  2.341150	 -4.746400	  0.310590	  0.000000	
  2.341410	 -4.745970	  0.312330	  0.000000	
  2.340320	 -4.744120	  0.309780	  0.000000	
  2.339840	 -4.745180	  0.310730	  0.000000	
  2.340090	 -4.747340	  0.312650	  0.000000	
  2.340340	 -4.744230	  0.311980	  0.000000	
  2.338720	 -4.743680	  0.312000	  0.000000	
  2.340030	 -4.742170	  0.310600	  0.000000	
  2.339660	 -4.740450	  0.309140	  0.000000	
  2.339770	 -4.740290	  0.310860	  0.000000	
  2.339900	 -4.738720	  0.309950	  0.000000	
  2.340750	 -4.742170	  0.312290	  0.000000	
  2.340120	 -4.739740	  0.312600	  0.000000	
  2.342240	 -4.746870	  0.313910	  0.000000	
  2.341480	 -4.746020	  0.315130	  0.000000	
  2.342470	 -4.746620	  0.316740	  0.000000	
  2.341730	 -4.744320	  0.317620	  0.000000	
  2.340510	 -4.746590	  0.313900	  0.000000	
  2.340580	 -4.745080	  0.313550	  0.000000	
  2.339420	 -4.743600	  0.313690	  0.000000	
  2.341000	 -4.745800	  0.316790	  0.000000	
  2.337410	 -4.743020	  0.317080	  0.000000	
  2.341060	 -4.741610	  0.314070	  0.000000	
  2.341130	 -4.738890	  0.313870	  0.000000	
  2.340960	 -4.740600	  0.315300	  0.000000	
  2.339560	 -4.739760	  0.315380	  0.000000	
  2.341700	 -4.742900	  0.315590	  0.000000	
  2.340790	 -4.742310	  0.316740	  0.000000	
  2.341110	 -4.740370	  0.317020	  0.000000	
  2.339250	 -4.741700	  0.315670	  0.000000	
  2.338870	 -4.741290	  0.317360	  0.000000	
  2.340420	 -4.736390	  0.310290	  0.000000	
  2.340370	 -4.737830	  0.311760	  0.000000	
  2.341260	 -4.734810	  0.311670	  0.000000	
  2.341910	 -4.732250	  0.310370	  0.000000	
  2.338740	 -4.731270	  0.309830	  0.000000	
  2.341950	 -4.732290	  0.312050	  0.000000	
  2.339930	 -4.737660	  0.314010	  0.000000	
  2.341200	 -4.733880	  0.313460	  0.000000	
  2.341640	 -4.733060	  0.314720	  0.000000	
  2.337050	 -4.733360	  0.309460	  0.000000	
  2.336580	 -4.731770	  0.309690	  0.000000	
  2.342390	 -4.746920	  0.318920	  0.000000	
  2.342450	 -4.745450	  0.318610	  0.000000	
  2.342370	 -4.744510	  0.319840	  0.000000	
  2.344420	 -4.745480	  0.322010	  0.000000	
  2.342690	 -4.747600	  0.320520	  0.000000	
  2.343280	 -4.746480	  0.321830	  0.000000	
  2.342920	 -4.744730	  0.321500	  0.000000	
  2.342750	 -4.742340	  0.318500	  0.000000	
  2.342550	 -4.740300	  0.319880	  0.000000	
  2.342060	 -4.742530	  0.320100	  0.000000	
  2.343060	 -4.743200	  0.321190	  0.000000	
  2.340820	 -4.743830	  0.320450	  0.000000	
  2.340730	 -4.745300	  0.321880	  0.000000	
  2.341310	 -4.740080	  0.318760	  0.000000	
  2.343340	 -4.727930	  0.309320	  0.000000	
  2.341520	 -4.727710	  0.309870	  0.000000	
  2.342580	 -4.729590	  0.310740	  0.000000	
  2.342740	 -4.726360	  0.310080	  0.000000	
  2.340270	 -4.729190	  0.309620	  0.000000	
  2.342890	 -4.729070	  0.312520	  0.000000	
  2.343160	 -4.727020	  0.312840	  0.000000	
  2.342060	 -4.725800	  0.312940	  0.000000	
  2.340810	 -4.728280	  0.311430	  0.000000	
  2.341930	 -4.729640	  0.314090	  0.000000	
  2.336520	 -4.727940	  0.309630	  0.000000	
  2.336780	 -4.726070	  0.309350	  0.000000	
  2.330580	 -4.754770	  0.295640	  0.000000	
  2.331520	 -4.753120	  0.295350	  0.000000	
  2.365980	 -4.644860	  0.285300	  0.000000	
  2.367380	 -4.642930	  0.284950	  0.000000	
  2.367480	 -4.641140	  0.284810	  0.000000	
  2.366920	 -4.638940	  0.284740	  0.000000	
  2.368430	 -4.639430	  0.284530	  0.000000	
  2.370880	 -4.634280	  0.283230	  0.000000	
  2.371970	 -4.631610	  0.283440	  0.000000	
  2.373160	 -4.631540	  0.282140	  0.000000	
  2.374140	 -4.630030	  0.281900	  0.000000	
  2.375540	 -4.629400	  0.282180	  0.000000	
  2.376030	 -4.627370	  0.281410	  0.000000	
  2.377610	 -4.625650	  0.280490	  0.000000	
  2.377610	 -4.623870	  0.280920	  0.000000	
  2.378700	 -4.622810	  0.280670	  0.000000	
  2.380350	 -4.622080	  0.279830	  0.000000	
  2.350850	 -4.697660	  0.294290	  0.000000	
  2.350950	 -4.699240	  0.294270	  0.000000	
  2.381340	 -4.618100	  0.277630	  0.000000	
  2.385090	 -4.610190	  0.276250	  0.000000	
  2.382970	 -4.613170	  0.276440	  0.000000	
  2.393820	 -4.594540	  0.271630	  0.000000	
  2.391310	 -4.598390	  0.271130	  0.000000	
  2.397250	 -4.588770	  0.271130	  0.000000	
  2.395280	 -4.591320	  0.269610	  0.000000	
  2.396250	 -4.590890	  0.271470	  0.000000	
  2.394920	 -4.592260	  0.271290	  0.000000	
  2.398470	 -4.587610	  0.270680	  0.000000	
  2.394790	 -4.594080	  0.273500	  0.000000	
  2.388310	 -4.606120	  0.274380	  0.000000	
  2.390660	 -4.601190	  0.273800	  0.000000	
  2.389200	 -4.604270	  0.274010	  0.000000	
  2.388470	 -4.602960	  0.272950	  0.000000	
  2.389480	 -4.602400	  0.274260	  0.000000	
  2.385030	 -4.608660	  0.274010	  0.000000	
  2.386220	 -4.607800	  0.275350	  0.000000	
  2.391510	 -4.598060	  0.272980	  0.000000	
  2.392700	 -4.596960	  0.273130	  0.000000	
  2.399220	 -4.586230	  0.273880	  0.000000	
  2.354900	 -4.677800	  0.289020	  0.000000	
  2.354980	 -4.678980	  0.290030	  0.000000	
  2.352610	 -4.683940	  0.290470	  0.000000	
  2.353870	 -4.681330	  0.290270	  0.000000	
  2.353260	 -4.679900	  0.290430	  0.000000	
  2.355300	 -4.675600	  0.289300	  0.000000	
  2.356290	 -4.673550	  0.289000	  0.000000	
  2.356580	 -4.671610	  0.288120	  0.000000	
  2.362880	 -4.654130	  0.284630	  0.000000	
  2.364500	 -4.653580	  0.285320	  0.000000	
  2.363820	 -4.652240	  0.285490	  0.000000	
  2.367100	 -4.646570	  0.282750	  0.000000	
  2.367590	 -4.644300	  0.283620	  0.000000	
  2.350890	 -4.690340	  0.291900	  0.000000	
  2.351720	 -4.687240	  0.291740	  0.000000	
  2.350930	 -4.688930	  0.292640	  0.000000	
  2.352050	 -4.685130	  0.291460	  0.000000	
  2.370200	 -4.637430	  0.280970	  0.000000	
  2.375880	 -4.626750	  0.280040	  0.000000	
  2.372740	 -4.633340	  0.280950	  0.000000	
  2.373180	 -4.631140	  0.280620	  0.000000	
  2.375310	 -4.626570	  0.277670	  0.000000	
  2.366880	 -4.642790	  0.278490	  0.000000	
  2.367510	 -4.641500	  0.279250	  0.000000	
  2.369290	 -4.640620	  0.282350	  0.000000	
  2.369740	 -4.638420	  0.282030	  0.000000	
  2.371300	 -4.636490	  0.282310	  0.000000	
  2.368580	 -4.642150	  0.282720	  0.000000	
  2.377910	 -4.622480	  0.278800	  0.000000	
  2.376870	 -4.624630	  0.279100	  0.000000	
  2.379200	 -4.621110	  0.278420	  0.000000	
  2.379780	 -4.619780	  0.277390	  0.000000	
