  2.421920	 -4.643420	  0.652250	  0.000000	
  2.423280	 -4.644290	  0.652310	  0.000000	
  2.427840	 -4.644650	  0.652240	  0.000000	
  2.421300	 -4.645240	  0.655750	  0.000000	
  2.423240	 -4.644290	  0.653920	  0.000000	
  2.422880	 -4.645290	  0.655690	  0.000000	
  2.424730	 -4.644590	  0.653940	  0.000000	
  2.424870	 -4.644010	  0.655470	  0.000000	
  2.422820	 -4.645510	  0.657340	  0.000000	
  2.424690	 -4.644500	  0.657160	  0.000000	
  2.424900	 -4.643810	  0.658650	  0.000000	
  2.425650	 -4.646490	  0.655760	  0.000000	
  2.425670	 -4.646340	  0.657370	  0.000000	
  2.427700	 -4.644990	  0.653890	  0.000000	
  2.427720	 -4.644840	  0.655470	  0.000000	
  2.427630	 -4.645130	  0.657150	  0.000000	
  2.424860	 -4.647070	  0.650940	  0.000000	
  2.423310	 -4.650750	  0.653290	  0.000000	
  2.421980	 -4.649520	  0.653570	  0.000000	
  2.425100	 -4.649280	  0.651820	  0.000000	
  2.425520	 -4.650850	  0.653150	  0.000000	
  2.423520	 -4.647700	  0.652130	  0.000000	
  2.421390	 -4.642760	  0.644280	  0.000000	
  2.425730	 -4.642860	  0.643370	  0.000000	
  2.424580	 -4.642830	  0.644350	  0.000000	
  2.421250	 -4.641110	  0.644040	  0.000000	
  2.421280	 -4.638380	  0.644180	  0.000000	
  2.423700	 -4.641630	  0.643860	  0.000000	
  2.422680	 -4.640440	  0.644040	  0.000000	
  2.425910	 -4.641040	  0.642990	  0.000000	
  2.425350	 -4.641320	  0.644420	  0.000000	
  2.423590	 -4.638310	  0.642740	  0.000000	
  2.424750	 -4.637220	  0.642180	  0.000000	
  2.419140	 -4.642690	  0.645050	  0.000000	
  2.419600	 -4.643040	  0.647930	  0.000000	
  2.425910	 -4.642760	  0.645090	  0.000000	
  2.424260	 -4.642970	  0.646880	  0.000000	
  2.425310	 -4.644680	  0.649190	  0.000000	
  2.422820	 -4.642550	  0.647300	  0.000000	
  2.423450	 -4.643980	  0.648520	  0.000000	
  2.424890	 -4.643810	  0.648000	  0.000000	
  2.418340	 -4.640300	  0.646700	  0.000000	
  2.420090	 -4.641700	  0.646950	  0.000000	
  2.418580	 -4.639180	  0.645270	  0.000000	
  2.417780	 -4.641630	  0.647750	  0.000000	
  2.419140	 -4.640970	  0.648350	  0.000000	
  2.421810	 -4.641390	  0.645690	  0.000000	
  2.424120	 -4.641420	  0.645480	  0.000000	
  2.421600	 -4.639810	  0.644880	  0.000000	
  2.419880	 -4.643950	  0.649790	  0.000000	
  2.421110	 -4.642900	  0.650350	  0.000000	
  2.419700	 -4.643000	  0.651470	  0.000000	
  2.423000	 -4.644750	  0.650590	  0.000000	
  2.424080	 -4.645280	  0.651500	  0.000000	
  2.423520	 -4.643320	  0.650170	  0.000000	
  2.424890	 -4.643250	  0.651470	  0.000000	
  2.424790	 -4.646120	  0.652590	  0.000000	
  2.424190	 -4.642440	  0.653360	  0.000000	
  2.419280	 -4.641490	  0.650170	  0.000000	
  2.420900	 -4.640130	  0.649370	  0.000000	
  2.421560	 -4.641490	  0.651750	  0.000000	
  2.425630	 -4.641180	  0.652630	  0.000000	
  2.421420	 -4.651660	  0.654730	  0.000000	
  2.420400	 -4.652180	  0.657010	  0.000000	
  2.424290	 -4.651450	  0.655460	  0.000000	
  2.420020	 -4.649420	  0.655430	  0.000000	
  2.420470	 -4.650920	  0.656160	  0.000000	
  2.420540	 -4.649700	  0.657110	  0.000000	
  2.421630	 -4.649170	  0.655430	  0.000000	
  2.422510	 -4.647700	  0.654270	  0.000000	
  2.422650	 -4.647140	  0.655920	  0.000000	
  2.421560	 -4.650400	  0.658060	  0.000000	
  2.421740	 -4.648570	  0.657670	  0.000000	
  2.423560	 -4.647170	  0.657390	  0.000000	
  2.419530	 -4.651970	  0.658440	  0.000000	
  2.420090	 -4.650470	  0.658580	  0.000000	
  2.425800	 -4.643390	  0.654130	  0.000000	
  2.425940	 -4.643840	  0.656550	  0.000000	
  2.429660	 -4.650500	  0.646250	  0.000000	
  2.429590	 -4.647070	  0.645090	  0.000000	
  2.429550	 -4.648890	  0.646630	  0.000000	
  2.430080	 -4.650920	  0.647960	  0.000000	
  2.429940	 -4.648120	  0.648140	  0.000000	
  2.428430	 -4.647070	  0.649090	  0.000000	
  2.430850	 -4.649310	  0.648030	  0.000000	
  2.427310	 -4.649420	  0.651080	  0.000000	
  2.429660	 -4.649380	  0.649650	  0.000000	
  2.426400	 -4.648050	  0.650560	  0.000000	
  2.428150	 -4.643910	  0.642110	  0.000000	
  2.429240	 -4.644930	  0.644280	  0.000000	
  2.427410	 -4.643670	  0.643510	  0.000000	
  2.429550	 -4.643250	  0.642670	  0.000000	
  2.430810	 -4.643180	  0.641060	  0.000000	
  2.432390	 -4.642860	  0.642220	  0.000000	
  2.428010	 -4.641740	  0.640600	  0.000000	
  2.426290	 -4.641990	  0.641830	  0.000000	
  2.433510	 -4.642340	  0.640530	  0.000000	
  2.427870	 -4.645600	  0.645440	  0.000000	
  2.428960	 -4.646120	  0.646350	  0.000000	
  2.430430	 -4.646650	  0.646530	  0.000000	
  2.428640	 -4.644720	  0.646810	  0.000000	
  2.427270	 -4.643740	  0.645340	  0.000000	
  2.426290	 -4.643140	  0.646770	  0.000000	
  2.427480	 -4.645280	  0.648520	  0.000000	
  2.426330	 -4.645840	  0.649610	  0.000000	
  2.427900	 -4.642900	  0.656270	  0.000000	
  2.432030	 -4.651190	  0.644450	  0.000000	
  2.431930	 -4.649640	  0.645800	  0.000000	
  2.432900	 -4.650350	  0.646820	  0.000000	
  2.431830	 -4.652350	  0.646820	  0.000000	
  2.431070	 -4.653100	  0.648080	  0.000000	
  2.426870	 -4.653010	  0.648760	  0.000000	
  2.431920	 -4.650880	  0.649350	  0.000000	
  2.431750	 -4.649310	  0.650740	  0.000000	
  2.430580	 -4.649730	  0.652090	  0.000000	
  2.428830	 -4.649770	  0.652360	  0.000000	
  2.423940	 -4.649010	  0.653190	  0.000000	
  2.428300	 -4.646530	  0.653910	  0.000000	
  2.427730	 -4.648890	  0.653820	  0.000000	
  2.425990	 -4.648930	  0.654090	  0.000000	
  2.424980	 -4.648120	  0.655520	  0.000000	
  2.425280	 -4.646790	  0.659210	  0.000000	
  2.424190	 -4.648940	  0.659240	  0.000000	
  2.429130	 -4.651530	  0.649740	  0.000000	
  2.427010	 -4.651480	  0.650060	  0.000000	
  2.424920	 -4.651470	  0.650420	  0.000000	
  2.425080	 -4.653080	  0.650260	  0.000000	
  2.422170	 -4.652210	  0.650770	  0.000000	
  2.424520	 -4.652570	  0.651600	  0.000000	
  2.423690	 -4.653290	  0.652870	  0.000000	
  2.421520	 -4.653190	  0.653220	  0.000000	
  2.423310	 -4.650030	  0.655640	  0.000000	
  2.422900	 -4.652590	  0.655480	  0.000000	
  2.423140	 -4.651310	  0.656750	  0.000000	
  2.422380	 -4.652060	  0.658050	  0.000000	
  2.422990	 -4.654280	  0.654130	  0.000000	
  2.422060	 -4.653460	  0.656780	  0.000000	
  2.420020	 -4.653400	  0.655870	  0.000000	
  2.421130	 -4.654150	  0.658090	  0.000000	
  2.415360	 -4.651170	  0.658010	  0.000000	
  2.425170	 -4.649650	  0.660230	  0.000000	
  2.422750	 -4.650940	  0.659280	  0.000000	
  2.423430	 -4.649910	  0.660470	  0.000000	
  2.421180	 -4.652660	  0.659400	  0.000000	
  2.417540	 -4.652790	  0.658760	  0.000000	
  2.418930	 -4.653790	  0.659670	  0.000000	
  2.415450	 -4.652540	  0.660300	  0.000000	
  2.414480	 -4.651840	  0.659310	  0.000000	
  2.429360	 -4.652420	  0.646330	  0.000000	
  2.429120	 -4.652980	  0.648050	  0.000000	
  2.421620	 -4.650670	  0.651050	  0.000000	
  2.423920	 -4.651030	  0.651860	  0.000000	
  2.421320	 -4.651360	  0.652740	  0.000000	
  2.419750	 -4.650610	  0.652120	  0.000000	
  2.419920	 -4.651690	  0.653760	  0.000000	
  2.419280	 -4.650360	  0.654060	  0.000000	
  2.418180	 -4.651190	  0.655630	  0.000000	
  2.421320	 -4.650650	  0.659990	  0.000000	
  2.418720	 -4.650240	  0.657260	  0.000000	
  2.418150	 -4.651430	  0.658120	  0.000000	
  2.416810	 -4.650390	  0.658270	  0.000000	
  2.417120	 -4.651110	  0.660010	  0.000000	
  2.421930	 -4.650810	  0.661970	  0.000000	
  2.431530	 -4.648200	  0.646530	  0.000000	
  2.431950	 -4.644660	  0.646950	  0.000000	
  2.430880	 -4.642910	  0.646670	  0.000000	
  2.425690	 -4.647050	  0.644250	  0.000000	
  2.427900	 -4.651180	  0.647150	  0.000000	
  2.426120	 -4.646330	  0.645780	  0.000000	
  2.425210	 -4.645810	  0.647110	  0.000000	
  2.426200	 -4.640050	  0.644400	  0.000000	
  2.426520	 -4.638040	  0.644360	  0.000000	
  2.427230	 -4.639280	  0.645390	  0.000000	
  2.423880	 -4.635330	  0.642250	  0.000000	
  2.422560	 -4.635490	  0.641440	  0.000000	
  2.433060	 -4.647750	  0.648100	  0.000000	
  2.430120	 -4.644430	  0.647460	  0.000000	
  2.428340	 -4.650400	  0.648720	  0.000000	
  2.424590	 -4.648370	  0.649500	  0.000000	
  2.423760	 -4.649980	  0.649590	  0.000000	
  2.422530	 -4.648850	  0.650400	  0.000000	
  2.423080	 -4.646560	  0.650500	  0.000000	
  2.420270	 -4.648210	  0.650960	  0.000000	
  2.420590	 -4.646100	  0.650360	  0.000000	
  2.420450	 -4.645020	  0.648720	  0.000000	
  2.421430	 -4.644450	  0.650270	  0.000000	
  2.422750	 -4.641810	  0.649930	  0.000000	
  2.419080	 -4.649130	  0.651200	  0.000000	
  2.419150	 -4.646460	  0.650090	  0.000000	
  2.418700	 -4.647450	  0.651640	  0.000000	
  2.418450	 -4.645500	  0.651550	  0.000000	
  2.417060	 -4.644460	  0.651070	  0.000000	
  2.420480	 -4.649330	  0.653850	  0.000000	
  2.418250	 -4.649650	  0.652870	  0.000000	
  2.417730	 -4.648270	  0.652570	  0.000000	
  2.418770	 -4.648660	  0.653870	  0.000000	
  2.417940	 -4.646630	  0.653100	  0.000000	
  2.416980	 -4.647340	  0.654030	  0.000000	
  2.418420	 -4.649460	  0.655530	  0.000000	
  2.415840	 -4.647180	  0.655260	  0.000000	
  2.416030	 -4.645470	  0.654490	  0.000000	
  2.416140	 -4.645350	  0.656450	  0.000000	
  2.417430	 -4.645220	  0.652800	  0.000000	
  2.416770	 -4.643850	  0.652480	  0.000000	
  2.416840	 -4.642340	  0.652300	  0.000000	
  2.416290	 -4.642150	  0.654210	  0.000000	
  2.415640	 -4.643510	  0.654370	  0.000000	
  2.415510	 -4.643800	  0.656190	  0.000000	
  2.423540	 -4.649800	  0.657960	  0.000000	
  2.420720	 -4.649260	  0.660330	  0.000000	
  2.417380	 -4.649200	  0.657410	  0.000000	
  2.415670	 -4.649060	  0.658510	  0.000000	
  2.416230	 -4.647900	  0.657660	  0.000000	
  2.418350	 -4.649870	  0.659870	  0.000000	
  2.416690	 -4.648290	  0.659500	  0.000000	
  2.416770	 -4.649430	  0.660480	  0.000000	
  2.416060	 -4.646960	  0.659180	  0.000000	
  2.416690	 -4.645780	  0.660250	  0.000000	
  2.416440	 -4.644960	  0.658540	  0.000000	
  2.416610	 -4.643150	  0.657810	  0.000000	
  2.417220	 -4.642030	  0.658840	  0.000000	
  2.423620	 -4.648650	  0.662170	  0.000000	
  2.420430	 -4.648610	  0.661770	  0.000000	
  2.421180	 -4.649780	  0.662800	  0.000000	
  2.420250	 -4.649120	  0.664190	  0.000000	
  2.417800	 -4.649900	  0.661740	  0.000000	
  2.419190	 -4.648400	  0.663000	  0.000000	
  2.417080	 -4.647640	  0.661030	  0.000000	
  2.419050	 -4.650040	  0.663770	  0.000000	
  2.418480	 -4.647520	  0.664460	  0.000000	
  2.394280	 -4.658670	  0.596810	  0.000000	
  2.393860	 -4.659830	  0.598580	  0.000000	
  2.392120	 -4.654740	  0.602860	  0.000000	
  2.390470	 -4.654750	  0.604530	  0.000000	
  2.391910	 -4.655300	  0.604550	  0.000000	
  2.392780	 -4.657530	  0.603190	  0.000000	
  2.393550	 -4.660740	  0.600350	  0.000000	
  2.393420	 -4.661080	  0.602000	  0.000000	
  2.393790	 -4.659940	  0.603460	  0.000000	
  2.392740	 -4.657630	  0.604810	  0.000000	
  2.391720	 -4.655790	  0.606240	  0.000000	
  2.394030	 -4.659110	  0.604980	  0.000000	
  2.392560	 -4.658110	  0.606500	  0.000000	
  2.394240	 -4.658370	  0.606480	  0.000000	
  2.392420	 -4.658450	  0.608190	  0.000000	
  2.393830	 -4.659520	  0.608290	  0.000000	
  2.400750	 -4.670030	  0.602920	  0.000000	
  2.400530	 -4.670510	  0.606220	  0.000000	
  2.399990	 -4.672190	  0.608070	  0.000000	
  2.401990	 -4.671140	  0.606280	  0.000000	
  2.401420	 -4.672790	  0.608130	  0.000000	
  2.404800	 -4.677620	  0.608620	  0.000000	
  2.403720	 -4.675440	  0.608400	  0.000000	
  2.400990	 -4.669260	  0.604450	  0.000000	
  2.393700	 -4.659860	  0.609940	  0.000000	
  2.401190	 -4.673470	  0.609850	  0.000000	
  2.401200	 -4.673370	  0.611430	  0.000000	
  2.402420	 -4.674570	  0.609950	  0.000000	
  2.402560	 -4.674090	  0.611490	  0.000000	
  2.401190	 -4.673290	  0.613040	  0.000000	
  2.402250	 -4.674900	  0.613250	  0.000000	
  2.404840	 -4.677390	  0.610230	  0.000000	
  2.403610	 -4.675710	  0.610050	  0.000000	
  2.403700	 -4.675380	  0.611620	  0.000000	
  2.403240	 -4.676780	  0.613430	  0.000000	
  2.404780	 -4.677560	  0.611880	  0.000000	
  2.404620	 -4.677970	  0.613570	  0.000000	
  2.402390	 -4.674420	  0.614790	  0.000000	
  2.401580	 -4.672040	  0.616140	  0.000000	
  2.401540	 -4.672040	  0.617750	  0.000000	
  2.402660	 -4.673530	  0.616280	  0.000000	
  2.403080	 -4.677250	  0.615130	  0.000000	
  2.404890	 -4.677080	  0.615060	  0.000000	
  2.403270	 -4.676570	  0.616660	  0.000000	
  2.403150	 -4.671970	  0.617690	  0.000000	
  2.406130	 -4.679160	  0.608800	  0.000000	
  2.406050	 -4.679400	  0.610450	  0.000000	
  2.405990	 -4.679470	  0.612100	  0.000000	
  2.388940	 -4.673610	  0.634600	  0.000000	
  2.389230	 -4.672640	  0.636090	  0.000000	
  2.388430	 -4.669650	  0.635720	  0.000000	
  2.388700	 -4.668800	  0.637210	  0.000000	
  2.390910	 -4.667400	  0.636950	  0.000000	
  2.388480	 -4.669360	  0.638940	  0.000000	
  2.393590	 -4.664220	  0.638100	  0.000000	
  2.391400	 -4.665790	  0.638360	  0.000000	
  2.391620	 -4.665090	  0.639890	  0.000000	
  2.393530	 -4.664330	  0.639710	  0.000000	
  2.394580	 -4.671850	  0.629310	  0.000000	
  2.391460	 -4.670930	  0.634150	  0.000000	
  2.391150	 -4.671830	  0.635910	  0.000000	
  2.393960	 -4.667960	  0.635330	  0.000000	
  2.397710	 -4.672560	  0.632570	  0.000000	
  2.392470	 -4.667730	  0.636970	  0.000000	
  2.394530	 -4.666180	  0.636700	  0.000000	
  2.396520	 -4.665440	  0.636530	  0.000000	
  2.396260	 -4.666200	  0.638260	  0.000000	
  2.394710	 -4.665480	  0.639850	  0.000000	
  2.396020	 -4.666840	  0.639990	  0.000000	
  2.394380	 -4.666460	  0.641620	  0.000000	
  2.394490	 -4.665960	  0.643150	  0.000000	
  2.395950	 -4.666980	  0.643250	  0.000000	
  2.398030	 -4.665740	  0.639770	  0.000000	
  2.392720	 -4.665220	  0.592830	  0.000000	
  2.392300	 -4.666060	  0.594270	  0.000000	
  2.391950	 -4.664980	  0.595430	  0.000000	
  2.394330	 -4.666270	  0.593680	  0.000000	
  2.393450	 -4.666690	  0.595180	  0.000000	
  2.394680	 -4.664870	  0.592170	  0.000000	
  2.395350	 -4.666870	  0.594620	  0.000000	
  2.394540	 -4.667250	  0.596720	  0.000000	
  2.392790	 -4.666450	  0.596550	  0.000000	
  2.394190	 -4.665120	  0.595920	  0.000000	
  2.392510	 -4.665330	  0.597670	  0.000000	
  2.393560	 -4.668340	  0.598370	  0.000000	
  2.393380	 -4.666130	  0.598690	  0.000000	
  2.392860	 -4.665150	  0.599880	  0.000000	
  2.395940	 -4.667820	  0.596340	  0.000000	
  2.395070	 -4.668270	  0.597920	  0.000000	
  2.395100	 -4.668800	  0.599740	  0.000000	
  2.397060	 -4.667850	  0.597780	  0.000000	
  2.389950	 -4.660910	  0.588310	  0.000000	
  2.389980	 -4.660880	  0.590660	  0.000000	
  2.389810	 -4.658630	  0.590380	  0.000000	
  2.389950	 -4.660910	  0.592450	  0.000000	
  2.389880	 -4.658600	  0.592130	  0.000000	
  2.389840	 -4.659750	  0.595250	  0.000000	
  2.389980	 -4.656880	  0.593610	  0.000000	
  2.389880	 -4.657510	  0.596090	  0.000000	
  2.389740	 -4.658670	  0.598690	  0.000000	
  2.389250	 -4.656670	  0.597950	  0.000000	
  2.389320	 -4.656640	  0.599700	  0.000000	
  2.389910	 -4.655160	  0.596900	  0.000000	
  2.389250	 -4.654950	  0.598270	  0.000000	
  2.391810	 -4.660000	  0.586420	  0.000000	
  2.394190	 -4.658840	  0.584320	  0.000000	
  2.391840	 -4.661090	  0.588350	  0.000000	
  2.393800	 -4.660740	  0.588240	  0.000000	
  2.392190	 -4.663120	  0.590910	  0.000000	
  2.394150	 -4.663260	  0.590910	  0.000000	
  2.390720	 -4.661650	  0.589370	  0.000000	
  2.390400	 -4.659510	  0.587960	  0.000000	
  2.391530	 -4.658390	  0.588030	  0.000000	
  2.390790	 -4.659930	  0.589680	  0.000000	
  2.391810	 -4.657160	  0.589510	  0.000000	
  2.392090	 -4.663680	  0.592800	  0.000000	
  2.390820	 -4.662170	  0.591190	  0.000000	
  2.391420	 -4.660740	  0.591360	  0.000000	
  2.392120	 -4.662140	  0.592550	  0.000000	
  2.391630	 -4.662840	  0.593990	  0.000000	
  2.390930	 -4.661510	  0.593430	  0.000000	
  2.392020	 -4.660980	  0.594760	  0.000000	
  2.391030	 -4.659190	  0.591260	  0.000000	
  2.390860	 -4.659890	  0.593190	  0.000000	
  2.390720	 -4.657130	  0.591050	  0.000000	
  2.391140	 -4.657480	  0.592730	  0.000000	
  2.390120	 -4.658460	  0.593780	  0.000000	
  2.391030	 -4.658600	  0.595290	  0.000000	
  2.390330	 -4.656140	  0.595150	  0.000000	
  2.391670	 -4.663360	  0.595850	  0.000000	
  2.392020	 -4.662660	  0.597390	  0.000000	
  2.391320	 -4.660770	  0.596160	  0.000000	
  2.392160	 -4.663640	  0.598690	  0.000000	
  2.390890	 -4.660980	  0.598090	  0.000000	
  2.392580	 -4.661330	  0.598200	  0.000000	
  2.391070	 -4.659750	  0.597250	  0.000000	
  2.390790	 -4.658140	  0.597670	  0.000000	
  2.390960	 -4.656390	  0.597360	  0.000000	
  2.390960	 -4.659820	  0.599070	  0.000000	
  2.391420	 -4.655620	  0.592940	  0.000000	
  2.390960	 -4.654670	  0.595320	  0.000000	
  2.389600	 -4.664910	  0.609240	  0.000000	
  2.389980	 -4.665920	  0.611060	  0.000000	
  2.390020	 -4.665220	  0.613300	  0.000000	
  2.389740	 -4.665360	  0.618210	  0.000000	
  2.389280	 -4.675140	  0.628970	  0.000000	
  2.386720	 -4.677030	  0.630720	  0.000000	
  2.388020	 -4.676370	  0.629600	  0.000000	
  2.388200	 -4.675100	  0.631140	  0.000000	
  2.384760	 -4.677980	  0.634540	  0.000000	
  2.386130	 -4.677310	  0.632160	  0.000000	
  2.388090	 -4.676930	  0.631460	  0.000000	
  2.386620	 -4.675840	  0.632370	  0.000000	
  2.387950	 -4.674020	  0.632230	  0.000000	
  2.386900	 -4.677490	  0.633770	  0.000000	
  2.385780	 -4.676860	  0.635240	  0.000000	
  2.388160	 -4.676860	  0.634440	  0.000000	
  2.387530	 -4.674790	  0.633700	  0.000000	
  2.386480	 -4.675320	  0.634750	  0.000000	
  2.389810	 -4.676050	  0.635560	  0.000000	
  2.386550	 -4.672970	  0.631320	  0.000000	
  2.388020	 -4.671670	  0.630020	  0.000000	
  2.388270	 -4.672690	  0.631280	  0.000000	
  2.385500	 -4.671670	  0.631460	  0.000000	
  2.384380	 -4.672830	  0.633240	  0.000000	
  2.384450	 -4.670480	  0.632820	  0.000000	
  2.382690	 -4.673040	  0.634440	  0.000000	
  2.383920	 -4.672440	  0.635140	  0.000000	
  2.382830	 -4.671280	  0.634090	  0.000000	
  2.384240	 -4.669950	  0.634610	  0.000000	
  2.384830	 -4.670860	  0.635770	  0.000000	
  2.386790	 -4.672830	  0.633030	  0.000000	
  2.389250	 -4.672830	  0.632820	  0.000000	
  2.386020	 -4.670270	  0.631670	  0.000000	
  2.385810	 -4.672090	  0.634440	  0.000000	
  2.387570	 -4.673040	  0.635210	  0.000000	
  2.388410	 -4.672060	  0.634190	  0.000000	
  2.387880	 -4.671070	  0.635380	  0.000000	
  2.389740	 -4.671390	  0.635420	  0.000000	
  2.385290	 -4.668800	  0.632260	  0.000000	
  2.383960	 -4.668870	  0.633310	  0.000000	
  2.385220	 -4.668240	  0.634020	  0.000000	
  2.386690	 -4.666830	  0.632090	  0.000000	
  2.387600	 -4.665290	  0.633310	  0.000000	
  2.388090	 -4.665050	  0.631910	  0.000000	
  2.389600	 -4.664870	  0.632580	  0.000000	
  2.386650	 -4.668730	  0.635420	  0.000000	
  2.386130	 -4.665470	  0.634440	  0.000000	
  2.387350	 -4.664870	  0.635140	  0.000000	
  2.388550	 -4.666620	  0.633840	  0.000000	
  2.389810	 -4.665990	  0.634510	  0.000000	
  2.397270	 -4.677170	  0.602160	  0.000000	
  2.399030	 -4.676930	  0.602750	  0.000000	
  2.397660	 -4.675770	  0.603000	  0.000000	
  2.397170	 -4.674820	  0.604190	  0.000000	
  2.398820	 -4.678780	  0.605490	  0.000000	
  2.397800	 -4.679310	  0.606500	  0.000000	
  2.395590	 -4.680960	  0.608680	  0.000000	
  2.396120	 -4.679560	  0.607660	  0.000000	
  2.394890	 -4.678360	  0.608470	  0.000000	
  2.398390	 -4.680120	  0.607620	  0.000000	
  2.394360	 -4.676230	  0.608890	  0.000000	
  2.393170	 -4.673840	  0.608890	  0.000000	
  2.397200	 -4.677210	  0.606360	  0.000000	
  2.396540	 -4.673950	  0.605450	  0.000000	
  2.398530	 -4.675950	  0.605140	  0.000000	
  2.395840	 -4.676680	  0.607900	  0.000000	
  2.395660	 -4.675000	  0.607100	  0.000000	
  2.396780	 -4.675560	  0.608610	  0.000000	
  2.399520	 -4.674820	  0.604650	  0.000000	
  2.394290	 -4.669740	  0.601950	  0.000000	
  2.394400	 -4.669670	  0.603660	  0.000000	
  2.395940	 -4.669530	  0.603770	  0.000000	
  2.393800	 -4.668870	  0.600760	  0.000000	
  2.394400	 -4.667320	  0.600930	  0.000000	
  2.391280	 -4.665290	  0.601000	  0.000000	
  2.394470	 -4.664980	  0.600550	  0.000000	
  2.392750	 -4.666450	  0.601320	  0.000000	
  2.393100	 -4.665010	  0.601560	  0.000000	
  2.392300	 -4.668970	  0.604230	  0.000000	
  2.393420	 -4.667250	  0.602440	  0.000000	
  2.393000	 -4.667460	  0.604370	  0.000000	
  2.393350	 -4.665500	  0.603350	  0.000000	
  2.396470	 -4.669290	  0.602370	  0.000000	
  2.395030	 -4.667600	  0.602540	  0.000000	
  2.392300	 -4.669600	  0.606120	  0.000000	
  2.393800	 -4.669460	  0.605030	  0.000000	
  2.394500	 -4.672580	  0.608850	  0.000000	
  2.392190	 -4.669640	  0.608540	  0.000000	
  2.392470	 -4.670650	  0.607410	  0.000000	
  2.394400	 -4.670860	  0.607410	  0.000000	
  2.396820	 -4.672060	  0.605660	  0.000000	
  2.396400	 -4.670440	  0.605520	  0.000000	
  2.394780	 -4.673630	  0.607130	  0.000000	
  2.395490	 -4.672090	  0.606680	  0.000000	
  2.391530	 -4.667640	  0.605450	  0.000000	
  2.393770	 -4.668240	  0.606640	  0.000000	
  2.391810	 -4.665050	  0.604960	  0.000000	
  2.392300	 -4.666030	  0.606150	  0.000000	
  2.391490	 -4.668200	  0.607340	  0.000000	
  2.392650	 -4.667600	  0.608080	  0.000000	
  2.390720	 -4.664910	  0.607660	  0.000000	
  2.391950	 -4.666200	  0.608080	  0.000000	
  2.396330	 -4.679450	  0.609380	  0.000000	
  2.394750	 -4.679070	  0.610430	  0.000000	
  2.398110	 -4.680260	  0.609520	  0.000000	
  2.397060	 -4.680220	  0.611060	  0.000000	
  2.395660	 -4.679770	  0.611440	  0.000000	
  2.396360	 -4.680010	  0.613060	  0.000000	
  2.396820	 -4.678570	  0.612080	  0.000000	
  2.398960	 -4.679280	  0.612670	  0.000000	
  2.393420	 -4.676720	  0.610460	  0.000000	
  2.393980	 -4.674580	  0.609940	  0.000000	
  2.394050	 -4.676370	  0.612010	  0.000000	
  2.393030	 -4.674510	  0.612040	  0.000000	
  2.394220	 -4.673910	  0.612740	  0.000000	
  2.395910	 -4.677840	  0.609870	  0.000000	
  2.394960	 -4.676470	  0.610530	  0.000000	
  2.394780	 -4.677840	  0.611410	  0.000000	
  2.395590	 -4.676790	  0.612180	  0.000000	
  2.394610	 -4.674890	  0.611580	  0.000000	
  2.395910	 -4.679660	  0.614910	  0.000000	
  2.396850	 -4.678570	  0.613830	  0.000000	
  2.394050	 -4.676930	  0.613900	  0.000000	
  2.392750	 -4.674050	  0.613830	  0.000000	
  2.394360	 -4.675630	  0.614770	  0.000000	
  2.393140	 -4.673840	  0.616070	  0.000000	
  2.394190	 -4.674470	  0.617020	  0.000000	
  2.395700	 -4.677380	  0.614040	  0.000000	
  2.394930	 -4.677100	  0.615440	  0.000000	
  2.396570	 -4.676930	  0.615440	  0.000000	
  2.398710	 -4.677630	  0.614880	  0.000000	
  2.394710	 -4.674190	  0.614420	  0.000000	
  2.397170	 -4.675390	  0.615620	  0.000000	
  2.398710	 -4.674050	  0.615480	  0.000000	
  2.396400	 -4.673980	  0.616840	  0.000000	
  2.399690	 -4.680050	  0.608990	  0.000000	
  2.399450	 -4.675490	  0.614880	  0.000000	
  2.393240	 -4.673180	  0.610570	  0.000000	
  2.392930	 -4.671600	  0.611020	  0.000000	
  2.391770	 -4.670440	  0.610010	  0.000000	
  2.394360	 -4.670340	  0.610950	  0.000000	
  2.393100	 -4.672690	  0.612320	  0.000000	
  2.391600	 -4.670510	  0.611870	  0.000000	
  2.390960	 -4.669600	  0.613130	  0.000000	
  2.393000	 -4.671570	  0.613370	  0.000000	
  2.392580	 -4.669460	  0.612570	  0.000000	
  2.391320	 -4.668270	  0.609200	  0.000000	
  2.391770	 -4.668030	  0.610810	  0.000000	
  2.393420	 -4.668410	  0.610320	  0.000000	
  2.392160	 -4.666100	  0.609800	  0.000000	
  2.391740	 -4.668060	  0.612600	  0.000000	
  2.391630	 -4.666340	  0.611200	  0.000000	
  2.392260	 -4.666660	  0.612810	  0.000000	
  2.391320	 -4.665290	  0.612320	  0.000000	
  2.392260	 -4.672480	  0.614350	  0.000000	
  2.393910	 -4.671670	  0.614880	  0.000000	
  2.391250	 -4.669460	  0.614810	  0.000000	
  2.392750	 -4.669920	  0.614390	  0.000000	
  2.392370	 -4.671880	  0.616000	  0.000000	
  2.393030	 -4.673280	  0.617820	  0.000000	
  2.393800	 -4.672340	  0.616810	  0.000000	
  2.392300	 -4.670160	  0.616350	  0.000000	
  2.391950	 -4.670900	  0.617790	  0.000000	
  2.393590	 -4.670690	  0.617230	  0.000000	
  2.398680	 -4.672230	  0.617580	  0.000000	
  2.392230	 -4.668380	  0.614320	  0.000000	
  2.391000	 -4.667290	  0.614530	  0.000000	
  2.393730	 -4.668870	  0.615090	  0.000000	
  2.392050	 -4.665540	  0.614490	  0.000000	
  2.390540	 -4.664980	  0.614910	  0.000000	
  2.392750	 -4.666410	  0.615620	  0.000000	
  2.392300	 -4.668340	  0.616670	  0.000000	
  2.393700	 -4.668900	  0.617470	  0.000000	
  2.393490	 -4.667180	  0.617300	  0.000000	
  2.391280	 -4.666520	  0.616110	  0.000000	
  2.392120	 -4.665500	  0.616880	  0.000000	
  2.393770	 -4.674090	  0.626690	  0.000000	
  2.393170	 -4.672020	  0.618770	  0.000000	
  2.394120	 -4.669810	  0.618700	  0.000000	
  2.394860	 -4.673000	  0.618380	  0.000000	
  2.397270	 -4.672370	  0.618660	  0.000000	
  2.395450	 -4.669780	  0.619440	  0.000000	
  2.398290	 -4.670690	  0.618660	  0.000000	
  2.392300	 -4.668940	  0.618560	  0.000000	
  2.391600	 -4.667570	  0.617960	  0.000000	
  2.391810	 -4.667460	  0.619680	  0.000000	
  2.393590	 -4.668940	  0.619930	  0.000000	
  2.394290	 -4.667320	  0.620030	  0.000000	
  2.391840	 -4.665010	  0.618660	  0.000000	
  2.392750	 -4.666410	  0.618590	  0.000000	
  2.393980	 -4.665820	  0.619300	  0.000000	
  2.396680	 -4.667990	  0.619930	  0.000000	
  2.398610	 -4.668800	  0.618840	  0.000000	
  2.395980	 -4.666520	  0.619930	  0.000000	
  2.398820	 -4.666940	  0.619650	  0.000000	
  2.397900	 -4.665570	  0.619750	  0.000000	
  2.393660	 -4.670020	  0.626060	  0.000000	
  2.396220	 -4.673460	  0.626370	  0.000000	
  2.395630	 -4.669670	  0.625950	  0.000000	
  2.397620	 -4.668690	  0.623330	  0.000000	
  2.392020	 -4.674400	  0.627320	  0.000000	
  2.390650	 -4.673880	  0.629490	  0.000000	
  2.391700	 -4.675700	  0.630650	  0.000000	
  2.395100	 -4.674020	  0.627430	  0.000000	
  2.392890	 -4.675100	  0.631950	  0.000000	
  2.392890	 -4.672160	  0.627880	  0.000000	
  2.391880	 -4.670900	  0.627390	  0.000000	
  2.393420	 -4.670760	  0.628060	  0.000000	
  2.390090	 -4.671780	  0.629350	  0.000000	
  2.391600	 -4.671640	  0.629420	  0.000000	
  2.389980	 -4.660880	  0.600120	  0.000000	
  2.389180	 -4.660700	  0.603940	  0.000000	
  2.389910	 -4.658560	  0.600400	  0.000000	
  2.388650	 -4.659160	  0.601490	  0.000000	
  2.387810	 -4.656780	  0.601390	  0.000000	
  2.389810	 -4.657550	  0.602050	  0.000000	
  2.387280	 -4.658180	  0.603560	  0.000000	
  2.389180	 -4.658910	  0.603070	  0.000000	
  2.387780	 -4.656810	  0.603210	  0.000000	
  2.389420	 -4.656000	  0.603730	  0.000000	
  2.389980	 -4.663150	  0.605840	  0.000000	
  2.389810	 -4.662070	  0.604540	  0.000000	
  2.389670	 -4.661580	  0.606290	  0.000000	
  2.389670	 -4.662730	  0.607660	  0.000000	
  2.389280	 -4.659440	  0.604890	  0.000000	
  2.389950	 -4.659680	  0.606500	  0.000000	
  2.388720	 -4.657480	  0.604790	  0.000000	
  2.389630	 -4.655900	  0.607200	  0.000000	
  2.387710	 -4.655690	  0.600050	  0.000000	
  2.388900	 -4.655090	  0.600790	  0.000000	
  2.388020	 -4.655510	  0.602330	  0.000000	
  2.389320	 -4.655440	  0.605450	  0.000000	
  2.389210	 -4.653870	  0.605840	  0.000000	
  2.388930	 -4.655620	  0.608570	  0.000000	
  2.389670	 -4.663290	  0.609550	  0.000000	
  2.389140	 -4.657270	  0.609380	  0.000000	
  2.389180	 -4.657230	  0.611130	  0.000000	
  2.389180	 -4.658880	  0.612010	  0.000000	
  2.385150	 -4.664280	  0.635800	  0.000000	
  2.388550	 -4.663820	  0.633380	  0.000000	
  2.386650	 -4.662980	  0.635070	  0.000000	
  2.389390	 -4.663890	  0.634890	  0.000000	
  2.391740	 -4.663850	  0.600650	  0.000000	
  2.390860	 -4.663220	  0.602020	  0.000000	
  2.392750	 -4.662800	  0.600160	  0.000000	
  2.392650	 -4.662870	  0.601980	  0.000000	
  2.391420	 -4.661890	  0.601040	  0.000000	
  2.391000	 -4.660390	  0.601530	  0.000000	
  2.391880	 -4.664350	  0.603030	  0.000000	
  2.391350	 -4.662980	  0.603590	  0.000000	
  2.390470	 -4.661720	  0.602510	  0.000000	
  2.390960	 -4.660950	  0.604010	  0.000000	
  2.390370	 -4.664520	  0.605350	  0.000000	
  2.391910	 -4.664310	  0.606610	  0.000000	
  2.390860	 -4.660980	  0.607620	  0.000000	
  2.392470	 -4.660740	  0.608260	  0.000000	
  2.391030	 -4.658600	  0.605980	  0.000000	
  2.390720	 -4.657690	  0.604750	  0.000000	
  2.391670	 -4.659470	  0.607100	  0.000000	
  2.390400	 -4.658320	  0.607340	  0.000000	
  2.390820	 -4.657060	  0.608190	  0.000000	
  2.390790	 -4.653660	  0.603520	  0.000000	
  2.392680	 -4.652220	  0.602680	  0.000000	
  2.391180	 -4.651340	  0.603630	  0.000000	
  2.390160	 -4.654500	  0.606820	  0.000000	
  2.390680	 -4.664380	  0.610570	  0.000000	
  2.391770	 -4.662770	  0.610570	  0.000000	
  2.390720	 -4.662210	  0.609030	  0.000000	
  2.391770	 -4.661090	  0.609730	  0.000000	
  2.393350	 -4.662000	  0.611130	  0.000000	
  2.391350	 -4.664030	  0.613300	  0.000000	
  2.394120	 -4.660560	  0.611230	  0.000000	
  2.393450	 -4.662450	  0.612950	  0.000000	
  2.393380	 -4.660910	  0.612710	  0.000000	
  2.395100	 -4.660670	  0.612740	  0.000000	
  2.391070	 -4.658560	  0.608960	  0.000000	
  2.392050	 -4.659860	  0.610600	  0.000000	
  2.390720	 -4.658740	  0.610880	  0.000000	
  2.390680	 -4.655930	  0.609830	  0.000000	
  2.391420	 -4.657340	  0.611020	  0.000000	
  2.390790	 -4.659300	  0.613340	  0.000000	
  2.393030	 -4.659370	  0.612010	  0.000000	
  2.392820	 -4.658280	  0.613090	  0.000000	
  2.394220	 -4.657620	  0.613130	  0.000000	
  2.391810	 -4.664350	  0.615580	  0.000000	
  2.392860	 -4.662730	  0.614980	  0.000000	
  2.394190	 -4.661580	  0.614350	  0.000000	
  2.394360	 -4.660420	  0.615300	  0.000000	
  2.390790	 -4.664840	  0.617190	  0.000000	
  2.392750	 -4.662770	  0.616810	  0.000000	
  2.394050	 -4.661650	  0.616810	  0.000000	
  2.395240	 -4.660560	  0.616840	  0.000000	
  2.394080	 -4.659400	  0.613440	  0.000000	
  2.395100	 -4.658910	  0.614840	  0.000000	
  2.396820	 -4.658070	  0.614740	  0.000000	
  2.397340	 -4.658980	  0.616460	  0.000000	
  2.405330	 -4.664280	  0.617680	  0.000000	
  2.392790	 -4.663850	  0.618770	  0.000000	
  2.394050	 -4.663260	  0.620030	  0.000000	
  2.393590	 -4.662380	  0.618280	  0.000000	
  2.395490	 -4.664450	  0.619750	  0.000000	
  2.396780	 -4.663190	  0.619120	  0.000000	
  2.395280	 -4.661050	  0.618700	  0.000000	
  2.396780	 -4.661370	  0.619440	  0.000000	
  2.404810	 -4.664520	  0.619080	  0.000000	
  2.390750	 -4.664840	  0.635210	  0.000000	
  2.385290	 -4.677100	  0.636640	  0.000000	
  2.387430	 -4.676650	  0.636470	  0.000000	
  2.389280	 -4.676300	  0.637590	  0.000000	
  2.387320	 -4.674890	  0.636220	  0.000000	
  2.388200	 -4.673910	  0.636960	  0.000000	
  2.389320	 -4.674510	  0.637910	  0.000000	
  2.387500	 -4.677210	  0.639550	  0.000000	
  2.388930	 -4.675280	  0.639970	  0.000000	
  2.387350	 -4.678430	  0.640430	  0.000000	
  2.385810	 -4.679210	  0.641660	  0.000000	
  2.387280	 -4.678470	  0.642250	  0.000000	
  2.386160	 -4.677280	  0.642460	  0.000000	
  2.386900	 -4.675700	  0.641940	  0.000000	
  2.388970	 -4.674050	  0.641550	  0.000000	
  2.386270	 -4.676610	  0.644110	  0.000000	
  2.388200	 -4.677420	  0.642990	  0.000000	
  2.387180	 -4.674930	  0.643510	  0.000000	
  2.387780	 -4.675840	  0.644670	  0.000000	
  2.390050	 -4.675910	  0.643340	  0.000000	
  2.389950	 -4.673040	  0.638050	  0.000000	
  2.386230	 -4.671280	  0.636570	  0.000000	
  2.387710	 -4.669990	  0.637060	  0.000000	
  2.384170	 -4.665360	  0.636920	  0.000000	
  2.388300	 -4.667920	  0.635940	  0.000000	
  2.389670	 -4.666660	  0.635870	  0.000000	
  2.389770	 -4.665990	  0.637520	  0.000000	
  2.389390	 -4.667390	  0.638500	  0.000000	
  2.390050	 -4.665850	  0.639830	  0.000000	
  2.390020	 -4.673560	  0.640500	  0.000000	
  2.387780	 -4.672900	  0.644180	  0.000000	
  2.388970	 -4.672340	  0.643090	  0.000000	
  2.389490	 -4.670930	  0.642670	  0.000000	
  2.388790	 -4.671280	  0.644770	  0.000000	
  2.389880	 -4.665960	  0.641730	  0.000000	
  2.389950	 -4.665220	  0.643370	  0.000000	
  2.386370	 -4.675350	  0.645050	  0.000000	
  2.388970	 -4.674050	  0.645790	  0.000000	
  2.387850	 -4.672300	  0.645900	  0.000000	
  2.389740	 -4.671950	  0.645790	  0.000000	
  2.389110	 -4.665080	  0.644840	  0.000000	
  2.390860	 -4.674960	  0.636220	  0.000000	
  2.391980	 -4.670300	  0.636290	  0.000000	
  2.391840	 -4.669780	  0.638050	  0.000000	
  2.391460	 -4.672830	  0.638080	  0.000000	
  2.391670	 -4.671600	  0.640220	  0.000000	
  2.391670	 -4.669880	  0.639940	  0.000000	
  2.390160	 -4.668800	  0.637870	  0.000000	
  2.392190	 -4.668340	  0.638890	  0.000000	
  2.392300	 -4.667180	  0.639870	  0.000000	
  2.390440	 -4.672200	  0.641340	  0.000000	
  2.391250	 -4.670650	  0.641410	  0.000000	
  2.390650	 -4.669710	  0.642670	  0.000000	
  2.391420	 -4.668730	  0.641620	  0.000000	
  2.393280	 -4.667820	  0.641450	  0.000000	
  2.392050	 -4.666100	  0.640990	  0.000000	
  2.391460	 -4.665150	  0.642250	  0.000000	
  2.391490	 -4.665150	  0.644630	  0.000000	
  2.390300	 -4.674610	  0.644840	  0.000000	
  2.387040	 -4.663960	  0.636920	  0.000000	
  2.385810	 -4.662840	  0.637130	  0.000000	
  2.387320	 -4.662660	  0.637800	  0.000000	
  2.388900	 -4.664140	  0.636330	  0.000000	
  2.389670	 -4.662660	  0.636990	  0.000000	
  2.389740	 -4.660950	  0.637310	  0.000000	
  2.389770	 -4.663220	  0.638890	  0.000000	
  2.388580	 -4.662030	  0.638470	  0.000000	
  2.389070	 -4.664030	  0.640460	  0.000000	
  2.389700	 -4.662660	  0.640600	  0.000000	
  2.389770	 -4.663190	  0.644910	  0.000000	
  2.390960	 -4.664210	  0.636820	  0.000000	
  2.391180	 -4.664070	  0.638540	  0.000000	
  2.391180	 -4.662520	  0.638890	  0.000000	
  2.391700	 -4.660530	  0.638960	  0.000000	
  2.394080	 -4.664490	  0.641830	  0.000000	
  2.390540	 -4.663820	  0.643550	  0.000000	
  2.391740	 -4.662730	  0.644140	  0.000000	
  2.393100	 -4.661580	  0.644700	  0.000000	
  2.395590	 -4.663750	  0.641800	  0.000000	
  2.396470	 -4.663920	  0.643340	  0.000000	
  2.394780	 -4.661750	  0.644770	  0.000000	
  2.389090	 -4.660280	  0.589430	  0.000000	
  2.392290	 -4.659150	  0.594090	  0.000000	
  2.393110	 -4.660540	  0.595770	  0.000000	
  2.392960	 -4.664190	  0.594310	  0.000000	
  2.394660	 -4.661900	  0.595680	  0.000000	
  2.393680	 -4.662170	  0.597490	  0.000000	
  2.394550	 -4.665420	  0.597610	  0.000000	
  2.393950	 -4.663730	  0.599250	  0.000000	
  2.396040	 -4.666830	  0.599200	  0.000000	
  2.395900	 -4.666810	  0.600920	  0.000000	
  2.389740	 -4.659500	  0.609600	  0.000000	
  2.391070	 -4.659300	  0.602690	  0.000000	
  2.392570	 -4.662330	  0.604360	  0.000000	
  2.392120	 -4.662410	  0.606120	  0.000000	
  2.393910	 -4.669140	  0.608020	  0.000000	
  2.393490	 -4.665380	  0.611230	  0.000000	
  2.393840	 -4.667190	  0.611280	  0.000000	
  2.393680	 -4.667200	  0.613000	  0.000000	
  2.397460	 -4.671650	  0.607790	  0.000000	
  2.395710	 -4.670460	  0.609600	  0.000000	
  2.395710	 -4.672140	  0.609690	  0.000000	
  2.395850	 -4.673760	  0.609780	  0.000000	
  2.397030	 -4.675110	  0.606340	  0.000000	
  2.396980	 -4.676640	  0.609850	  0.000000	
  2.398270	 -4.678100	  0.609770	  0.000000	
  2.398790	 -4.677980	  0.608050	  0.000000	
  2.394700	 -4.668750	  0.612990	  0.000000	
  2.394280	 -4.670810	  0.613170	  0.000000	
  2.395530	 -4.672100	  0.613090	  0.000000	
  2.396210	 -4.671870	  0.614680	  0.000000	
  2.394920	 -4.672350	  0.611500	  0.000000	
  2.395810	 -4.673660	  0.613170	  0.000000	
  2.396450	 -4.673510	  0.611400	  0.000000	
  2.396970	 -4.676640	  0.611530	  0.000000	
  2.395300	 -4.672110	  0.616520	  0.000000	
  2.393100	 -4.670470	  0.638630	  0.000000	
  2.390450	 -4.674620	  0.639230	  0.000000	
  2.402470	 -4.677640	  0.603310	  0.000000	
  2.394460	 -4.663640	  0.593310	  0.000000	
  2.395660	 -4.665970	  0.592950	  0.000000	
  2.387950	 -4.651090	  0.601160	  0.000000	
  2.387580	 -4.652220	  0.602340	  0.000000	
  2.387920	 -4.653930	  0.602180	  0.000000	
  2.388040	 -4.653910	  0.604630	  0.000000	
  2.388850	 -4.657450	  0.606680	  0.000000	
  2.397670	 -4.668680	  0.600980	  0.000000	
  2.397170	 -4.668200	  0.603510	  0.000000	
  2.394220	 -4.663150	  0.600640	  0.000000	
  2.395220	 -4.665330	  0.599130	  0.000000	
  2.393760	 -4.664080	  0.603090	  0.000000	
  2.401500	 -4.672730	  0.603800	  0.000000	
  2.402820	 -4.675060	  0.603440	  0.000000	
  2.401710	 -4.674180	  0.604870	  0.000000	
  2.397620	 -4.669700	  0.606980	  0.000000	
  2.394910	 -4.666370	  0.606410	  0.000000	
  2.393020	 -4.664890	  0.608000	  0.000000	
  2.395150	 -4.667760	  0.608690	  0.000000	
  2.395170	 -4.669030	  0.609830	  0.000000	
  2.391680	 -4.663820	  0.609470	  0.000000	
  2.391370	 -4.661910	  0.612110	  0.000000	
  2.393780	 -4.665250	  0.612740	  0.000000	
  2.392540	 -4.664450	  0.610530	  0.000000	
  2.399940	 -4.672770	  0.606450	  0.000000	
  2.399130	 -4.673650	  0.607720	  0.000000	
  2.399430	 -4.675200	  0.607560	  0.000000	
  2.396640	 -4.670220	  0.608320	  0.000000	
  2.397500	 -4.672370	  0.609230	  0.000000	
  2.395570	 -4.670810	  0.612080	  0.000000	
  2.397180	 -4.673250	  0.614090	  0.000000	
  2.395740	 -4.669290	  0.614580	  0.000000	
  2.387260	 -4.657480	  0.610550	  0.000000	
  2.396620	 -4.668550	  0.615730	  0.000000	
  2.400580	 -4.668580	  0.618780	  0.000000	
  2.390730	 -4.658530	  0.614860	  0.000000	
  2.391070	 -4.660160	  0.614690	  0.000000	
  2.391890	 -4.659370	  0.615850	  0.000000	
  2.392190	 -4.660990	  0.615680	  0.000000	
  2.393450	 -4.660430	  0.617980	  0.000000	
  2.394880	 -4.665930	  0.616180	  0.000000	
  2.393840	 -4.665210	  0.615150	  0.000000	
  2.395800	 -4.666580	  0.617210	  0.000000	
  2.396500	 -4.665490	  0.618390	  0.000000	
  2.400130	 -4.671120	  0.617460	  0.000000	
  2.398600	 -4.671400	  0.615240	  0.000000	
  2.399160	 -4.670410	  0.616440	  0.000000	
  2.394360	 -4.676540	  0.632490	  0.000000	
  2.392710	 -4.677080	  0.631510	  0.000000	
  2.395960	 -4.668480	  0.637730	  0.000000	
  2.396710	 -4.667670	  0.638880	  0.000000	
  2.396580	 -4.671890	  0.634950	  0.000000	
  2.395690	 -4.672680	  0.636220	  0.000000	
  2.395140	 -4.675550	  0.634910	  0.000000	
  2.395960	 -4.674500	  0.636060	  0.000000	
  2.396490	 -4.670400	  0.638720	  0.000000	
  2.396630	 -4.673300	  0.638470	  0.000000	
  2.395970	 -4.672750	  0.639850	  0.000000	
  2.395780	 -4.674170	  0.640960	  0.000000	
  2.394780	 -4.669250	  0.635400	  0.000000	
  2.392830	 -4.677060	  0.633920	  0.000000	
  2.394500	 -4.675050	  0.636250	  0.000000	
  2.393450	 -4.675760	  0.635150	  0.000000	
  2.392330	 -4.676570	  0.636460	  0.000000	
  2.394100	 -4.669760	  0.641560	  0.000000	
  2.394990	 -4.673670	  0.638710	  0.000000	
  2.392780	 -4.675140	  0.637720	  0.000000	
  2.391540	 -4.675870	  0.639070	  0.000000	
  2.393080	 -4.673810	  0.640210	  0.000000	
  2.392060	 -4.674430	  0.641520	  0.000000	
  2.393570	 -4.668030	  0.642990	  0.000000	
  2.394180	 -4.669730	  0.643970	  0.000000	
  2.391890	 -4.675940	  0.643890	  0.000000	
  2.393650	 -4.677800	  0.630080	  0.000000	
  2.392030	 -4.678140	  0.630320	  0.000000	
  2.391880	 -4.679450	  0.629010	  0.000000	
  2.391670	 -4.679210	  0.631510	  0.000000	
  2.392060	 -4.678050	  0.632740	  0.000000	
  2.390960	 -4.677270	  0.631750	  0.000000	
  2.389590	 -4.680590	  0.632930	  0.000000	
  2.390470	 -4.678190	  0.634200	  0.000000	
  2.388950	 -4.680080	  0.634280	  0.000000	
  2.391440	 -4.677480	  0.635310	  0.000000	
  2.390320	 -4.677970	  0.636650	  0.000000	
  2.388080	 -4.679280	  0.636890	  0.000000	
  2.390970	 -4.678340	  0.638980	  0.000000	
  2.389130	 -4.678570	  0.638000	  0.000000	
  2.391410	 -4.677240	  0.640210	  0.000000	
  2.390280	 -4.676350	  0.641640	  0.000000	
  2.388960	 -4.678310	  0.641720	  0.000000	
  2.390590	 -4.679490	  0.642590	  0.000000	
  2.396010	 -4.668070	  0.593470	  0.000000	
  2.393220	 -4.660460	  0.585280	  0.000000	
  2.394490	 -4.659330	  0.586930	  0.000000	
  2.394180	 -4.660170	  0.589800	  0.000000	
  2.393650	 -4.661290	  0.590690	  0.000000	
  2.396100	 -4.664120	  0.592680	  0.000000	
  2.396940	 -4.661270	  0.592910	  0.000000	
  2.395860	 -4.659520	  0.592030	  0.000000	
  2.392700	 -4.661580	  0.586170	  0.000000	
  2.392840	 -4.658670	  0.586350	  0.000000	
  2.392370	 -4.660050	  0.592760	  0.000000	
  2.391690	 -4.655850	  0.591330	  0.000000	
  2.391630	 -4.653610	  0.593790	  0.000000	
  2.400950	 -4.679490	  0.602700	  0.000000	
  2.402580	 -4.680210	  0.605180	  0.000000	
  2.402840	 -4.679830	  0.607200	  0.000000	
  2.401420	 -4.679940	  0.606370	  0.000000	
  2.400640	 -4.678950	  0.604080	  0.000000	
  2.401960	 -4.678780	  0.604880	  0.000000	
  2.404790	 -4.678550	  0.607110	  0.000000	
  2.401240	 -4.677930	  0.606310	  0.000000	
  2.402630	 -4.680360	  0.608890	  0.000000	
  2.401110	 -4.679540	  0.608300	  0.000000	
  2.403940	 -4.679100	  0.608750	  0.000000	
  2.401100	 -4.677170	  0.608350	  0.000000	
  2.403230	 -4.679240	  0.610520	  0.000000	
  2.401600	 -4.678620	  0.609870	  0.000000	
  2.401670	 -4.677360	  0.610850	  0.000000	
  2.402260	 -4.678640	  0.611810	  0.000000	
  2.401160	 -4.675970	  0.610560	  0.000000	
  2.399430	 -4.679980	  0.600540	  0.000000	
  2.400060	 -4.678760	  0.601580	  0.000000	
  2.395950	 -4.669680	  0.594270	  0.000000	
  2.396170	 -4.670670	  0.595910	  0.000000	
  2.396840	 -4.669460	  0.596940	  0.000000	
  2.396390	 -4.666320	  0.597740	  0.000000	
  2.397230	 -4.670150	  0.599270	  0.000000	
  2.396990	 -4.670750	  0.600960	  0.000000	
  2.397380	 -4.671330	  0.602700	  0.000000	
  2.397510	 -4.668210	  0.599200	  0.000000	
  2.397490	 -4.666930	  0.600780	  0.000000	
  2.396580	 -4.666200	  0.602140	  0.000000	
  2.394440	 -4.665540	  0.602100	  0.000000	
  2.400440	 -4.676970	  0.603360	  0.000000	
  2.400140	 -4.676430	  0.604740	  0.000000	
  2.399760	 -4.676160	  0.609720	  0.000000	
  2.400130	 -4.676920	  0.611420	  0.000000	
  2.399750	 -4.675060	  0.611300	  0.000000	
  2.399810	 -4.673200	  0.604340	  0.000000	
  2.399580	 -4.670980	  0.604910	  0.000000	
  2.397710	 -4.670780	  0.604130	  0.000000	
  2.398950	 -4.671240	  0.607280	  0.000000	
  2.399120	 -4.669390	  0.605280	  0.000000	
  2.395570	 -4.669870	  0.607270	  0.000000	
  2.396920	 -4.668440	  0.605310	  0.000000	
  2.395920	 -4.666450	  0.603880	  0.000000	
  2.394900	 -4.667330	  0.604780	  0.000000	
  2.395400	 -4.665070	  0.603580	  0.000000	
  2.394740	 -4.665150	  0.605350	  0.000000	
  2.395700	 -4.668300	  0.606470	  0.000000	
  2.394900	 -4.664930	  0.607310	  0.000000	
  2.399380	 -4.674370	  0.609560	  0.000000	
  2.398150	 -4.670200	  0.608700	  0.000000	
  2.399160	 -4.672190	  0.609510	  0.000000	
  2.399210	 -4.673390	  0.611080	  0.000000	
  2.397910	 -4.672250	  0.611850	  0.000000	
  2.398420	 -4.671120	  0.610370	  0.000000	
  2.396750	 -4.670560	  0.610950	  0.000000	
  2.393810	 -4.665970	  0.608810	  0.000000	
  2.396130	 -4.668990	  0.611320	  0.000000	
  2.395310	 -4.666960	  0.611810	  0.000000	
  2.395440	 -4.664410	  0.594410	  0.000000	
  2.393710	 -4.662710	  0.594680	  0.000000	
  2.396220	 -4.664200	  0.597050	  0.000000	
  2.394620	 -4.663620	  0.597660	  0.000000	
  2.394090	 -4.662230	  0.599220	  0.000000	
  2.395950	 -4.664980	  0.601190	  0.000000	
  2.392070	 -4.659400	  0.596030	  0.000000	
  2.392070	 -4.661300	  0.603030	  0.000000	
  2.390890	 -4.657950	  0.599430	  0.000000	
  2.391320	 -4.651720	  0.595520	  0.000000	
  2.390410	 -4.652440	  0.597120	  0.000000	
  2.391320	 -4.649170	  0.597460	  0.000000	
  2.389290	 -4.653440	  0.598620	  0.000000	
  2.389700	 -4.651060	  0.598690	  0.000000	
  2.389120	 -4.652360	  0.600770	  0.000000	
  2.386690	 -4.652430	  0.600490	  0.000000	
  2.388970	 -4.652790	  0.602520	  0.000000	
  2.388760	 -4.650640	  0.603090	  0.000000	
  2.386050	 -4.652590	  0.603520	  0.000000	
  2.390060	 -4.648960	  0.599280	  0.000000	
  2.393680	 -4.663510	  0.605710	  0.000000	
  2.394010	 -4.664410	  0.609230	  0.000000	
  2.391680	 -4.660860	  0.605600	  0.000000	
  2.393240	 -4.663240	  0.607610	  0.000000	
  2.391810	 -4.662150	  0.607760	  0.000000	
  2.385860	 -4.655630	  0.604560	  0.000000	
  2.388920	 -4.658650	  0.607790	  0.000000	
  2.388040	 -4.656620	  0.607650	  0.000000	
  2.385850	 -4.656870	  0.606730	  0.000000	
  2.387390	 -4.654900	  0.606170	  0.000000	
  2.390360	 -4.661230	  0.610370	  0.000000	
  2.390100	 -4.660410	  0.611810	  0.000000	
  2.386980	 -4.657280	  0.608590	  0.000000	
  2.387880	 -4.655460	  0.609830	  0.000000	
  2.388500	 -4.658410	  0.610320	  0.000000	
  2.388520	 -4.652520	  0.605060	  0.000000	
  2.383570	 -4.654880	  0.602640	  0.000000	
  2.384850	 -4.653510	  0.601900	  0.000000	
  2.383920	 -4.659630	  0.606390	  0.000000	
  2.384220	 -4.657800	  0.605060	  0.000000	
  2.385540	 -4.653680	  0.604440	  0.000000	
  2.403640	 -4.678590	  0.612610	  0.000000	
  2.402210	 -4.678880	  0.613630	  0.000000	
  2.401470	 -4.676720	  0.612890	  0.000000	
  2.401420	 -4.676960	  0.614710	  0.000000	
  2.401550	 -4.675570	  0.615730	  0.000000	
  2.402500	 -4.671350	  0.618900	  0.000000	
  2.404000	 -4.669800	  0.620120	  0.000000	
  2.399940	 -4.676080	  0.612900	  0.000000	
  2.399420	 -4.674480	  0.612680	  0.000000	
  2.399330	 -4.673300	  0.613630	  0.000000	
  2.398190	 -4.674380	  0.613800	  0.000000	
  2.397830	 -4.672730	  0.616130	  0.000000	
  2.397470	 -4.670740	  0.616010	  0.000000	
  2.396600	 -4.669590	  0.613090	  0.000000	
  2.396420	 -4.667300	  0.613740	  0.000000	
  2.395370	 -4.665770	  0.612790	  0.000000	
  2.395080	 -4.666430	  0.614450	  0.000000	
  2.401140	 -4.673920	  0.616760	  0.000000	
  2.400370	 -4.672950	  0.618220	  0.000000	
  2.399740	 -4.671660	  0.619120	  0.000000	
  2.399030	 -4.670570	  0.619990	  0.000000	
  2.400170	 -4.669640	  0.620380	  0.000000	
  2.397430	 -4.669630	  0.617590	  0.000000	
  2.397630	 -4.667790	  0.617480	  0.000000	
  2.396120	 -4.668130	  0.617210	  0.000000	
  2.397720	 -4.669210	  0.620240	  0.000000	
  2.390320	 -4.677970	  0.625680	  0.000000	
  2.389480	 -4.674500	  0.623440	  0.000000	
  2.390600	 -4.673560	  0.625720	  0.000000	
  2.388310	 -4.674360	  0.625260	  0.000000	
  2.387460	 -4.675970	  0.623460	  0.000000	
  2.390820	 -4.678290	  0.627520	  0.000000	
  2.390480	 -4.677920	  0.629460	  0.000000	
  2.390690	 -4.676010	  0.626270	  0.000000	
  2.389450	 -4.673430	  0.626880	  0.000000	
  2.392440	 -4.676370	  0.629510	  0.000000	
  2.389920	 -4.676460	  0.629830	  0.000000	
  2.387550	 -4.675910	  0.625950	  0.000000	
  2.387500	 -4.676150	  0.627770	  0.000000	
  2.387850	 -4.674190	  0.628990	  0.000000	
  2.390320	 -4.671430	  0.623780	  0.000000	
  2.391220	 -4.672410	  0.626760	  0.000000	
  2.394460	 -4.663940	  0.616330	  0.000000	
  2.394760	 -4.663450	  0.617760	  0.000000	
  2.398160	 -4.664290	  0.621020	  0.000000	
  2.397040	 -4.662920	  0.620670	  0.000000	
  2.392170	 -4.661840	  0.613530	  0.000000	
  2.392160	 -4.657880	  0.615260	  0.000000	
  2.393990	 -4.658350	  0.617240	  0.000000	
  2.394640	 -4.674840	  0.633340	  0.000000	
  2.394830	 -4.672930	  0.631420	  0.000000	
  2.395830	 -4.672400	  0.632930	  0.000000	
  2.389870	 -4.679220	  0.630910	  0.000000	
  2.388240	 -4.681310	  0.631370	  0.000000	
  2.387740	 -4.679720	  0.631780	  0.000000	
  2.389980	 -4.679090	  0.632830	  0.000000	
  2.387730	 -4.681100	  0.633240	  0.000000	
  2.389390	 -4.677620	  0.630680	  0.000000	
  2.387240	 -4.678200	  0.631520	  0.000000	
  2.386130	 -4.679210	  0.632350	  0.000000	
  2.386450	 -4.681340	  0.634290	  0.000000	
  2.386580	 -4.679760	  0.634750	  0.000000	
  2.385460	 -4.673980	  0.631930	  0.000000	
  2.384940	 -4.676350	  0.633060	  0.000000	
  2.384480	 -4.674720	  0.633470	  0.000000	
  2.384100	 -4.674170	  0.634840	  0.000000	
  2.387940	 -4.680910	  0.635830	  0.000000	
  2.391230	 -4.676890	  0.637990	  0.000000	
  2.386500	 -4.677560	  0.637910	  0.000000	
  2.385670	 -4.675040	  0.636020	  0.000000	
  2.385700	 -4.673840	  0.637000	  0.000000	
  2.384160	 -4.674180	  0.636730	  0.000000	
  2.386140	 -4.675630	  0.637790	  0.000000	
  2.385170	 -4.675000	  0.639120	  0.000000	
  2.385480	 -4.672950	  0.638490	  0.000000	
  2.388680	 -4.670060	  0.630910	  0.000000	
  2.387790	 -4.680180	  0.640390	  0.000000	
  2.389260	 -4.678480	  0.639830	  0.000000	
  2.388810	 -4.679580	  0.643200	  0.000000	
  2.386840	 -4.675730	  0.640360	  0.000000	
  2.386480	 -4.673770	  0.641530	  0.000000	
  2.385330	 -4.673390	  0.640240	  0.000000	
  2.389540	 -4.678170	  0.644340	  0.000000	
  2.384790	 -4.671830	  0.640650	  0.000000	
  2.385040	 -4.670170	  0.641170	  0.000000	
  2.386490	 -4.671190	  0.642280	  0.000000	
  2.382340	 -4.672680	  0.636340	  0.000000	
  2.383420	 -4.673190	  0.638190	  0.000000	
  2.382540	 -4.671050	  0.636230	  0.000000	
  2.383240	 -4.669630	  0.636080	  0.000000	
  2.382640	 -4.670990	  0.638120	  0.000000	
  2.383990	 -4.672140	  0.639200	  0.000000	
  2.382700	 -4.669580	  0.639170	  0.000000	
  2.394120	 -4.657020	  0.652660	  0.000000	
  2.396360	 -4.657130	  0.650660	  0.000000	
  2.394430	 -4.655790	  0.653540	  0.000000	
  2.425380	 -4.633120	  0.640080	  0.000000	
  2.422890	 -4.633820	  0.642250	  0.000000	
  2.426960	 -4.630770	  0.639690	  0.000000	
  2.418090	 -4.622850	  0.635030	  0.000000	
  2.416650	 -4.624150	  0.636330	  0.000000	
  2.417530	 -4.624990	  0.637310	  0.000000	
  2.419280	 -4.624710	  0.637240	  0.000000	
  2.425140	 -4.628670	  0.638820	  0.000000	
  2.418300	 -4.624010	  0.636290	  0.000000	
  2.420540	 -4.624110	  0.636120	  0.000000	
  2.419810	 -4.623270	  0.638010	  0.000000	
  2.417850	 -4.623590	  0.638150	  0.000000	
  2.422190	 -4.623340	  0.636610	  0.000000	
  2.422400	 -4.622040	  0.637480	  0.000000	
  2.395300	 -4.655330	  0.652370	  0.000000	
  2.424770	 -4.633550	  0.642230	  0.000000	
  2.422050	 -4.632630	  0.641540	  0.000000	
  2.421240	 -4.632830	  0.640130	  0.000000	
  2.425300	 -4.635000	  0.643150	  0.000000	
  2.418490	 -4.630100	  0.638010	  0.000000	
  2.415850	 -4.629690	  0.635250	  0.000000	
  2.415980	 -4.628260	  0.636340	  0.000000	
  2.414350	 -4.629010	  0.635300	  0.000000	
  2.417110	 -4.629970	  0.637250	  0.000000	
  2.415800	 -4.629960	  0.638410	  0.000000	
  2.416540	 -4.627310	  0.638570	  0.000000	
  2.413910	 -4.629970	  0.636920	  0.000000	
  2.412640	 -4.631030	  0.635170	  0.000000	
  2.424000	 -4.631350	  0.641490	  0.000000	
  2.420580	 -4.630120	  0.639520	  0.000000	
  2.418970	 -4.630560	  0.639850	  0.000000	
  2.419070	 -4.629020	  0.639010	  0.000000	
  2.417820	 -4.628800	  0.640240	  0.000000	
  2.420470	 -4.631690	  0.640990	  0.000000	
  2.424110	 -4.631290	  0.643440	  0.000000	
  2.416420	 -4.628810	  0.639440	  0.000000	
  2.417700	 -4.627620	  0.641190	  0.000000	
