2.369780	-4.372237	0.289580
2.370360	-4.371767	0.290910
2.370730	-4.373357	0.286480
2.370840	-4.369367	0.284760
2.371040	-4.374347	0.288830
2.371100	-4.370657	0.286210
2.371430	-4.375217	0.290710
2.371530	-4.372227	0.285740
2.371550	-4.369117	0.287410
2.371560	-4.371167	0.287640
2.371620	-4.373307	0.292490
2.371620	-4.372347	0.283780
2.371650	-4.376167	0.286010
2.371650	-4.370347	0.282920
2.371730	-4.374567	0.286000
2.371750	-4.368377	0.282090
2.371810	-4.374557	0.294100
2.371840	-4.374677	0.282040
2.371900	-4.370757	0.291900
2.371990	-4.372737	0.287170
2.372020	-4.376007	0.295280
2.372020	-4.373817	0.283970
2.372040	-4.376827	0.283300
2.372040	-4.372367	0.293710
2.372050	-4.368737	0.285450
2.372120	-4.369827	0.289540
2.372160	-4.372947	0.289160
2.372210	-4.375357	0.292720
2.372210	-4.373057	0.281910
2.372280	-4.370007	0.284280
2.372340	-4.375267	0.289420
2.372380	-4.375357	0.283500
2.372380	-4.374187	0.287990
2.372400	-4.376767	0.293860
2.372400	-4.366087	0.282590
2.372430	-4.376487	0.291270
2.372460	-4.372297	0.280540
2.372460	-4.370257	0.281010
2.372480	-4.371317	0.279150
2.372560	-4.373437	0.291260
2.372620	-4.376777	0.279990
2.372740	-4.377247	0.289860
2.372830	-4.367677	0.280120
2.372860	-4.375877	0.296620
2.372870	-4.378047	0.283830
2.372920	-4.373917	0.279400
2.372950	-4.374907	0.280830
2.372960	-4.377317	0.277320
2.373000	-4.376057	0.288250
2.373000	-4.363497	0.283690
2.373030	-4.366867	0.278760
2.373050	-4.368897	0.283540
2.373100	-4.364687	0.287120
2.373110	-4.377867	0.288480
2.373140	-4.374107	0.292680
2.373150	-4.377197	0.281930
2.373160	-4.376277	0.284950
2.373210	-4.367037	0.286670
2.373250	-4.365987	0.281320
2.373250	-4.364897	0.283190
2.373270	-4.372277	0.277970
2.373310	-4.370297	0.275780
2.373320	-4.377577	0.291800
2.373330	-4.368267	0.278250
2.373370	-4.376457	0.278710
2.373390	-4.375377	0.294800
2.373430	-4.367287	0.290030
2.373440	-4.367277	0.284740
2.373450	-4.367307	0.282110
2.373460	-4.373487	0.276770
2.373530	-4.365217	0.288510
2.373560	-4.367487	0.276850
2.373570	-4.361977	0.288180
2.373580	-4.372567	0.275180
2.373650	-4.364267	0.285110
2.373680	-4.372707	0.289950
2.373690	-4.367577	0.288100
2.373690	-4.363227	0.286350
2.373800	-4.367697	0.292090
2.373810	-4.368837	0.275680
2.373830	-4.374967	0.278260
2.373880	-4.377337	0.285900
2.373890	-4.379287	0.289640
2.373930	-4.363507	0.282420
2.373960	-4.376147	0.280390
2.373980	-4.378737	0.285090
2.374000	-4.369017	0.284970
2.374010	-4.364597	0.278660
2.374020	-4.371147	0.274610
2.374030	-4.378287	0.281170
2.374070	-4.369087	0.286960
2.374120	-4.374177	0.299400
2.374130	-4.365947	0.285340
2.374130	-4.365897	0.292600
2.374130	-4.363717	0.287740
2.374180	-4.369217	0.288960
2.374200	-4.378337	0.287120
2.374210	-4.369237	0.291620
2.374300	-4.378457	0.291070
2.374300	-4.377787	0.283230
2.374310	-4.375507	0.297560
2.374330	-4.370447	0.279200
2.374330	-4.370427	0.273240
2.374360	-4.374507	0.296130
2.374380	-4.366777	0.273140
2.374390	-4.374617	0.275630
2.374430	-4.369577	0.274480
2.374510	-4.376797	0.276050
2.374540	-4.377997	0.293100
2.374550	-4.366467	0.278150
2.374550	-4.360287	0.286780
2.374560	-4.364237	0.283880
2.374570	-4.366487	0.280140
2.374590	-4.378037	0.295090
2.374590	-4.366477	0.275520
2.374600	-4.367657	0.271690
2.374610	-4.378617	0.279820
2.374620	-4.363177	0.291700
2.374630	-4.370747	0.289820
2.374660	-4.367717	0.265760
2.374670	-4.372897	0.274170
2.374700	-4.371917	0.272740
2.374720	-4.368877	0.273110
2.374730	-4.377207	0.288570
2.374730	-4.365577	0.268860
2.374740	-4.362867	0.278190
2.374750	-4.379267	0.292310
2.374760	-4.376097	0.277780
2.374790	-4.375027	0.291600
2.374860	-4.365677	0.295250
2.374880	-4.365727	0.281410
2.374880	-4.363987	0.274080
2.374890	-4.367957	0.274380
2.374890	-4.362557	0.283750
2.374920	-4.365367	0.271310
2.374940	-4.364677	0.289900
2.374950	-4.366937	0.267030
2.374960	-4.380007	0.284950
2.374980	-4.373167	0.290740
2.375050	-4.363707	0.285840
2.375080	-4.368237	0.267820
2.375110	-4.379887	0.288270
2.375140	-4.361007	0.282950
2.375150	-4.377547	0.278610
2.375150	-4.376487	0.294420
2.375150	-4.369287	0.293010
2.375150	-4.361757	0.276990
2.375230	-4.380617	0.280280
2.375250	-4.359096	0.283420
2.375270	-4.375577	0.298990
2.375270	-4.365067	0.293920
2.375280	-4.379977	0.294220
2.375280	-4.362947	0.272880
2.375300	-4.378957	0.281790
2.375380	-4.361337	0.271800
2.375390	-4.362247	0.281120
2.375400	-4.376787	0.297120
2.375450	-4.364177	0.292520
2.375480	-4.363207	0.289130
2.375480	-4.362297	0.290370
2.375480	-4.361367	0.285640
2.375540	-4.379447	0.295620
2.375540	-4.367567	0.294210
2.375550	-4.363347	0.282540
2.375560	-4.379747	0.279050
2.375560	-4.361417	0.292270
2.375570	-4.366587	0.276940
2.375580	-4.369867	0.271970
2.375580	-4.366567	0.274280
2.375590	-4.378607	0.286440
2.375630	-4.364427	0.281340
2.375640	-4.368907	0.265290
2.375660	-4.364477	0.270160
2.375660	-4.362497	0.287100
2.375670	-4.370017	0.266710
2.375680	-4.374057	0.273690
2.375680	-4.361607	0.288340
2.375720	-4.382197	0.291330
2.375730	-4.380287	0.290880
2.375730	-4.368997	0.269240
2.375740	-4.364577	0.279370
2.375770	-4.359697	0.284850
2.375770	-4.359647	0.292070
2.375790	-4.366857	0.269720
2.375810	-4.362707	0.293060
2.375810	-4.362667	0.298350
2.375820	-4.359737	0.289470
2.375840	-4.381157	0.282220
2.375840	-4.372157	0.292030
2.375840	-4.358807	0.288040
2.375850	-4.378397	0.291760
2.375880	-4.376997	0.274080
2.375890	-4.373657	0.299580
2.375940	-4.377507	0.276010
2.375960	-4.375497	0.274520
2.375990	-4.381357	0.289430
2.375990	-4.368187	0.270510
2.376020	-4.360037	0.272400
2.376040	-4.381147	0.287510
2.376040	-4.380047	0.297530
2.376050	-4.370427	0.268740
2.376050	-4.362927	0.296420
2.376090	-4.364907	0.295950
2.376120	-4.370457	0.293870
2.376120	-4.363077	0.279940
2.376220	-4.360207	0.286240
2.376250	-4.377987	0.298440
2.376250	-4.373707	0.291560
2.376270	-4.369507	0.295100
2.376270	-4.362307	0.278550
2.376280	-4.361257	0.284370
2.376310	-4.380167	0.283650
2.376310	-4.367497	0.265850
2.376310	-4.360357	0.280980
2.376330	-4.358497	0.274900
2.376360	-4.365317	0.278170
2.376360	-4.365297	0.272250
2.376380	-4.363357	0.294480
2.376400	-4.379757	0.281060
2.376410	-4.380667	0.292820
2.376410	-4.365377	0.268950
2.376420	-4.361437	0.293620
2.376460	-4.363507	0.271420
2.376460	-4.358667	0.282150
2.376480	-4.380717	0.295480
2.376500	-4.371027	0.264870
2.376560	-4.360587	0.294890
2.376600	-4.361677	0.282470
2.376660	-4.364687	0.276840
2.376660	-4.361757	0.274590
2.376670	-4.360786	0.275780
2.376680	-4.364637	0.297310
2.376690	-4.375297	0.272550
2.376690	-4.360777	0.290960
2.376720	-4.378357	0.296070
2.376760	-4.358067	0.284780
2.376760	-4.358057	0.286740
2.376780	-4.364967	0.265420
2.376780	-4.358097	0.276860
2.376810	-4.361957	0.272620
2.376860	-4.379567	0.276960
2.376890	-4.374787	0.299480
2.376890	-4.359147	0.283540
2.376900	-4.365967	0.273670
2.376900	-4.363067	0.276040
2.376910	-4.359187	0.273690
2.376920	-4.372447	0.293490
2.376980	-4.371547	0.270260
2.376980	-4.359207	0.290830
2.377010	-4.362167	0.270690
2.377010	-4.358357	0.289430
2.377020	-4.363257	0.269490
2.377050	-4.366107	0.275670
2.377070	-4.379817	0.279080
2.377080	-4.378837	0.275560
2.377110	-4.364257	0.274170
2.377130	-4.372767	0.267720
2.377140	-4.372387	0.301090
2.377170	-4.357457	0.283410
2.377200	-4.363447	0.278070
2.377210	-4.382027	0.290730
2.377210	-4.377947	0.274170
2.377220	-4.359537	0.287560
2.377230	-4.358557	0.292760
2.377310	-4.381367	0.286170
2.377310	-4.378847	0.297700
2.377310	-4.363497	0.298540
2.377320	-4.381087	0.282880
2.377320	-4.373027	0.265790
2.377360	-4.365537	0.267080
2.377370	-4.380447	0.296860
2.377370	-4.369187	0.266290
2.377410	-4.359747	0.284970
2.377440	-4.361687	0.279900
2.377490	-4.361777	0.277270
2.377520	-4.381537	0.294080
2.377520	-4.357857	0.291400
2.377550	-4.376657	0.299950
2.377690	-4.358117	0.275620
2.377710	-4.380577	0.287560
2.377710	-4.379787	0.298910
2.377760	-4.377557	0.292070
2.377760	-4.358187	0.288130
2.377790	-4.362987	0.295910
2.377860	-4.371517	0.264360
2.377870	-4.381207	0.278280
2.377900	-4.367717	0.263790
2.377910	-4.382227	0.292670
2.377910	-4.356327	0.280080
2.377920	-4.380867	0.276480
2.377930	-4.382627	0.277460
2.377940	-4.374127	0.300890
2.377970	-4.355317	0.281280
2.377980	-4.373727	0.294340
2.378000	-4.375147	0.270980
2.378010	-4.364417	0.268340
2.378060	-4.367327	0.265970
2.378080	-4.375847	0.292610
2.378090	-4.359717	0.276750
2.378130	-4.382757	0.286040
2.378150	-4.360617	0.278540
2.378160	-4.382167	0.279490
2.378160	-4.358686	0.280970
2.378180	-4.374057	0.268580
2.378220	-4.356627	0.286030
2.378230	-4.357607	0.293390
2.378250	-4.356647	0.288030
2.378260	-4.357647	0.284830
2.378310	-4.382567	0.288700
2.378310	-4.381017	0.289540
2.378350	-4.370467	0.266180
2.378370	-4.378247	0.294860
2.378380	-4.381847	0.281520
2.378380	-4.360836	0.296370
2.378380	-4.357857	0.276980
2.378400	-4.360017	0.271250
2.378480	-4.359087	0.272480
2.378500	-4.360017	0.298270
2.378520	-4.380167	0.284320
2.378520	-4.367567	0.269070
2.378550	-4.357986	0.289520
2.378570	-4.372657	0.301750
2.378620	-4.358077	0.279630
2.378630	-4.363217	0.270930
2.378640	-4.380737	0.295520
2.378650	-4.379097	0.275210
2.378660	-4.356087	0.289990
2.378670	-4.363157	0.268940
2.378680	-4.358097	0.296110
2.378720	-4.373527	0.295740
2.378720	-4.373347	0.269870
2.378720	-4.363127	0.299960
2.378720	-4.356236	0.278150
2.378740	-4.379057	0.300320
2.378750	-4.355247	0.279380
2.378780	-4.371197	0.267430
2.378780	-4.358337	0.273750
2.378800	-4.369847	0.262680
2.378830	-4.357297	0.282630
2.378870	-4.375467	0.301420
2.378880	-4.359477	0.282430
2.378880	-4.359427	0.296940
2.378890	-4.378867	0.292960
2.378900	-4.378957	0.273090
2.378910	-4.356387	0.292650
2.378940	-4.357137	0.281090
2.379090	-4.356507	0.284050
2.379100	-4.372407	0.268640
2.379120	-4.383857	0.286570
2.379140	-4.355717	0.282740
2.379150	-4.356656	0.296010
2.379200	-4.357787	0.291520
2.379250	-4.383107	0.280090
2.379260	-4.381147	0.299420
2.379270	-4.361987	0.270170
2.379280	-4.380617	0.292880
2.379310	-4.382757	0.278120
2.379320	-4.373257	0.263980
2.379340	-4.381307	0.282890
2.379350	-4.380607	0.273750
2.379350	-4.361047	0.272260
2.379360	-4.381377	0.284890
2.379370	-4.380737	0.297500
2.379430	-4.381777	0.291430
2.379430	-4.377197	0.269910
2.379430	-4.366057	0.268080
2.379480	-4.359046	0.299600
2.379510	-4.375617	0.270160
2.379520	-4.354047	0.283270
2.379530	-4.381797	0.274700
2.379570	-4.387227	0.279130
2.379590	-4.357227	0.287560
2.379610	-4.375627	0.295360
2.379620	-4.377787	0.271680
2.379640	-4.369277	0.264340
2.379640	-4.354897	0.285460
2.379660	-4.381417	0.294120
2.379680	-4.361447	0.300520
2.379690	-4.364347	0.267800
2.379730	-4.358366	0.294900
2.379750	-4.383757	0.291290
2.379760	-4.379907	0.294480
2.379790	-4.358427	0.298230
2.379800	-4.382577	0.290020
2.379820	-4.387647	0.272920
2.379830	-4.376087	0.271580
2.379850	-4.382197	0.287430
2.379940	-4.383267	0.282690
2.379940	-4.357637	0.285620
2.379950	-4.355596	0.294640
2.379980	-4.366767	0.266720
2.379990	-4.359237	0.273660
2.380000	-4.374957	0.265070
2.380010	-4.384627	0.278590
2.380020	-4.383377	0.275560
2.380050	-4.383457	0.288610
2.380070	-4.359867	0.271370
2.380110	-4.377237	0.294890
2.380130	-4.369157	0.266770
2.380160	-4.377357	0.268390
2.380180	-4.360967	0.298520
2.380190	-4.357867	0.296870
2.380240	-4.388557	0.279580
2.380240	-4.386527	0.275380
2.380300	-4.382507	0.284120
2.380330	-4.377907	0.292450
2.380330	-4.363457	0.269400
2.380350	-4.380697	0.272000
2.380350	-4.377837	0.299100
2.380350	-4.377127	0.301260
2.380380	-4.389017	0.275480
2.380380	-4.384177	0.283940
2.380390	-4.375327	0.302110
2.380400	-4.378657	0.301750
2.380400	-4.370687	0.263530
2.380420	-4.386037	0.271700
2.380440	-4.356157	0.286850
2.380450	-4.381927	0.281530
2.380480	-4.357727	0.275040
2.380520	-4.384037	0.266970
2.380520	-4.382527	0.267420
2.380520	-4.372327	0.267340
2.380530	-4.379737	0.298310
2.380550	-4.381907	0.273460
2.380560	-4.383297	0.277420
2.380630	-4.387887	0.274360
2.380630	-4.385547	0.268580
2.380640	-4.368247	0.262450
2.380690	-4.356447	0.290090
2.380700	-4.383587	0.285960
2.380710	-4.373737	0.268520
2.380750	-4.379347	0.300330
2.380750	-4.356507	0.293510
2.380770	-4.378087	0.266520
2.380780	-4.356217	0.291600
2.380790	-4.361967	0.270810
2.380800	-4.388377	0.277450
2.380860	-4.380177	0.293270
2.380870	-4.382697	0.280140
2.380870	-4.369957	0.265030
2.380890	-4.371537	0.265380
2.380930	-4.356227	0.279500
2.380950	-4.374907	0.270400
2.380960	-4.378317	0.269840
2.380980	-4.357897	0.273230
2.380980	-4.355757	0.288540
2.380990	-4.366577	0.268100
2.380990	-4.356157	0.277960
2.381020	-4.373037	0.264070
2.381030	-4.384547	0.275080
2.381060	-4.361177	0.272270
2.381070	-4.358907	0.299720
2.381080	-4.385827	0.270050
2.381080	-4.378227	0.296510
2.381100	-4.379567	0.271300
2.381120	-4.368337	0.264580
2.381120	-4.362077	0.302040
2.381140	-4.354807	0.290050
2.381160	-4.377977	0.272060
2.381170	-4.355457	0.280930
2.381180	-4.382837	0.291340
2.381220	-4.384657	0.276630
2.381230	-4.384247	0.271410
2.381230	-4.355226	0.283940
2.381250	-4.382777	0.293340
2.381260	-4.354916	0.296670
2.381270	-4.380637	0.294670
2.381330	-4.383927	0.273720
2.381340	-4.355007	0.282430
2.381350	-4.382637	0.272250
2.381350	-4.356117	0.295500
2.381360	-4.386667	0.278290
2.381360	-4.354677	0.286940
2.381370	-4.382267	0.289770
2.381370	-4.354707	0.285440
2.381390	-4.383727	0.287300
2.381390	-4.360337	0.301210
2.381410	-4.360457	0.270860
2.381430	-4.360027	0.273690
2.381450	-4.377167	0.270830
2.381480	-4.384277	0.279980
2.381490	-4.384517	0.282570
2.381500	-4.385267	0.273030
2.381510	-4.384667	0.285200
2.381530	-4.357407	0.298260
2.381540	-4.354267	0.294640
2.381680	-4.354907	0.275100
2.381690	-4.378697	0.299120
2.381730	-4.364427	0.269460
2.381760	-4.368967	0.266710
2.381810	-4.356637	0.296890
2.381820	-4.383407	0.278750
2.381840	-4.384887	0.278440
2.381840	-4.380407	0.268800
2.381850	-4.376957	0.268960
2.381880	-4.376747	0.301990
2.381890	-4.386527	0.272010
2.381900	-4.354687	0.291440
2.381910	-4.387697	0.273020
2.381920	-4.379587	0.295710
2.381970	-4.372227	0.266700
2.381990	-4.379537	0.266070
2.382000	-4.353827	0.288050
2.382010	-4.389267	0.275500
2.382020	-4.381637	0.270890
2.382030	-4.383287	0.284030
2.382040	-4.372157	0.268690
2.382060	-4.384037	0.268790
2.382060	-4.378077	0.301170
2.382070	-4.383607	0.289280
2.382090	-4.374727	0.302900
2.382110	-4.386937	0.276730
2.382130	-4.377307	0.298230
2.382170	-4.387957	0.278710
2.382170	-4.383507	0.267180
2.382170	-4.369917	0.263620
2.382190	-4.357107	0.300280
2.382220	-4.360247	0.302610
2.382270	-4.357577	0.275010
2.382300	-4.381377	0.292220
2.382310	-4.357357	0.276520
2.382310	-4.351057	0.284000
2.382350	-4.386117	0.274000
2.382370	-4.384117	0.272480
2.382440	-4.374327	0.266120
2.382450	-4.383737	0.281350
2.382460	-4.390107	0.276740
2.382470	-4.358517	0.301780
2.382470	-4.355377	0.298160
2.382480	-4.391527	0.275930
2.382480	-4.362167	0.270790
2.382520	-4.385367	0.270300
2.382550	-4.357187	0.271980
2.382580	-4.366537	0.268070
2.382580	-4.355897	0.294580
2.382620	-4.385077	0.280570
2.382620	-4.352557	0.281390
2.382630	-4.358817	0.272790
2.382660	-4.375797	0.270330
2.382670	-4.383497	0.271110
2.382670	-4.381357	0.296170
2.382690	-4.379697	0.297020
2.382710	-4.356057	0.280980
2.382730	-4.382487	0.269720
2.382730	-4.356217	0.277940
2.382780	-4.353796	0.280220
2.382800	-4.356697	0.298950
2.382810	-4.387057	0.270480
2.382820	-4.370727	0.266820
2.382830	-4.385217	0.268030
2.382830	-4.350917	0.282350
2.382840	-4.383297	0.287370
2.382860	-4.373697	0.269230
2.382880	-4.381957	0.289680
2.382940	-4.385717	0.277450
2.382950	-4.354997	0.289970
2.382990	-4.355367	0.279390
2.382990	-4.354907	0.296820
2.383010	-4.354927	0.288460
2.383030	-4.388057	0.275560
2.383060	-4.373447	0.263560
2.383060	-4.360387	0.273700
2.383070	-4.388747	0.277540
2.383070	-4.360407	0.272200
2.383110	-4.381597	0.294160
2.383150	-4.380637	0.267420
2.383150	-4.372887	0.267990
2.383150	-4.356227	0.275180
2.383170	-4.361447	0.269110
2.383180	-4.384737	0.275310
2.383210	-4.354177	0.292940
2.383220	-4.383817	0.282700
2.383220	-4.354487	0.275310
2.383220	-4.354407	0.286910
2.383230	-4.384087	0.284620
2.383270	-4.378437	0.298510
2.383270	-4.354397	0.283860
2.383290	-4.382147	0.267710
2.383290	-4.350777	0.285330
2.383310	-4.354217	0.285370
2.383320	-4.382547	0.292750
2.383360	-4.376497	0.299390
2.383370	-4.378967	0.268040
2.383440	-4.354466	0.294820
2.383450	-4.386147	0.279150
2.383450	-4.353587	0.291390
2.383500	-4.365007	0.268130
2.383530	-4.380667	0.290900
2.383530	-4.376397	0.296900
2.383570	-4.357597	0.301100
2.383580	-4.388577	0.271640
2.383580	-4.383277	0.266260
2.383690	-4.388517	0.273630
2.383690	-4.383597	0.269210
2.383700	-4.372077	0.266150
2.383750	-4.358327	0.275070
2.383780	-4.368617	0.264160
2.383790	-4.390057	0.274780
2.383800	-4.384287	0.286600
2.383800	-4.375497	0.300850
2.383800	-4.353917	0.277020
2.383810	-4.367777	0.268130
2.383820	-4.363297	0.268670
2.383840	-4.353047	0.287470
2.383850	-4.383477	0.273060
2.383860	-4.352217	0.279490
2.383920	-4.384957	0.278300
2.383960	-4.355327	0.273700
2.384000	-4.382997	0.288320
2.384040	-4.353347	0.280910
2.384060	-4.377377	0.268120
2.384060	-4.352447	0.283480
2.384070	-4.371567	0.268380
2.384100	-4.378687	0.266090
2.384130	-4.384457	0.276670
2.384140	-4.384977	0.282000
2.384160	-4.374097	0.268520
2.384190	-4.387737	0.278310
2.384240	-4.382427	0.270890
2.384290	-4.351787	0.282110
2.384330	-4.376217	0.302090
2.384340	-4.358507	0.303930
2.384340	-4.356566	0.276440
2.384370	-4.381467	0.289550
2.384380	-4.375907	0.267190
2.384380	-4.375727	0.270020
2.384380	-4.366337	0.264440
2.384380	-4.355707	0.296060
2.384430	-4.385757	0.280520
2.384460	-4.360817	0.303490
2.384490	-4.360917	0.270670
2.384510	-4.352987	0.288830
2.384520	-4.384507	0.266790
2.384540	-4.385627	0.274500
2.384590	-4.366277	0.267690
2.384610	-4.354787	0.291650
2.384620	-4.374097	0.265100
2.384620	-4.350947	0.284100
2.384630	-4.387597	0.269790
2.384690	-4.381267	0.268190
2.384710	-4.378177	0.299200
2.384710	-4.377287	0.265550
2.384790	-4.380957	0.294250
2.384790	-4.355307	0.277860
2.384800	-4.379467	0.297760
2.384800	-4.356057	0.299070
2.384800	-4.353327	0.285600
2.384850	-4.380997	0.296250
2.384850	-4.355157	0.275240
2.384890	-4.382337	0.265600
2.384900	-4.383687	0.275450
2.384900	-4.364567	0.267530
2.384940	-4.379587	0.267560
2.384940	-4.354097	0.294420
2.384960	-4.392207	0.275890
2.384970	-4.387637	0.280320
2.384970	-4.384037	0.283220
2.384990	-4.368517	0.267110
2.385020	-4.389097	0.278180
2.385040	-4.383957	0.285710
2.385040	-4.379547	0.269070
2.385060	-4.359177	0.272080
2.385080	-4.390487	0.277400
2.385080	-4.390137	0.273480
2.385080	-4.357377	0.300560
2.385150	-4.383617	0.273870
2.385150	-4.383007	0.269500
2.385160	-4.383667	0.272210
2.385160	-4.369897	0.268040
2.385180	-4.358497	0.302650
2.385210	-4.386127	0.267960
2.385230	-4.384377	0.280690
2.385250	-4.357537	0.270540
2.385280	-4.353297	0.291320
2.385290	-4.377587	0.269450
2.385300	-4.353667	0.279270
2.385310	-4.376847	0.300030
2.385360	-4.381057	0.269630
2.385370	-4.375377	0.300870
2.385370	-4.352917	0.292820
2.385390	-4.375907	0.256590
2.385390	-4.353297	0.276390
2.385400	-4.386257	0.276890
2.385410	-4.376017	0.264660
2.385450	-4.356807	0.302490
2.385470	-4.357887	0.273500
2.385490	-4.373267	0.266400
2.385500	-4.367527	0.264340
2.385500	-4.355897	0.272430
2.385530	-4.378047	0.267910
2.385530	-4.362727	0.269280
2.385570	-4.387907	0.278970
2.385570	-4.385087	0.265460
2.385570	-4.383997	0.276920
2.385570	-4.379407	0.270540
2.385640	-4.360047	0.304840
2.385690	-4.352187	0.289730
2.385740	-4.386557	0.266610
2.385770	-4.352327	0.280650
2.385810	-4.356877	0.274950
2.385810	-4.355847	0.300590
2.385820	-4.388337	0.271710
2.385830	-4.351837	0.288180
2.385850	-4.382707	0.284830
2.385880	-4.351857	0.283660
2.385890	-4.375677	0.267060
2.385890	-4.351746	0.285160
2.385900	-4.384997	0.279380
2.385910	-4.374237	0.263920
2.385910	-4.351807	0.282150
2.385920	-4.382387	0.271630
2.385950	-4.354647	0.287780
2.385980	-4.382917	0.286920
2.386010	-4.351346	0.286630
2.386020	-4.379097	0.264740
2.386020	-4.357467	0.303950
2.386040	-4.387447	0.267860
2.386040	-4.381107	0.290680
2.386060	-4.354177	0.274820
2.386080	-4.376987	0.261660
2.386110	-4.380667	0.268210
2.386120	-4.379417	0.294460
2.386130	-4.355876	0.276370
2.386130	-4.352527	0.277760
2.386140	-4.356587	0.297260
2.386160	-4.386567	0.280470
2.386160	-4.379637	0.291950
2.386170	-4.390817	0.275410
2.386200	-4.383837	0.270670
2.386230	-4.358797	0.268890
2.386240	-4.381377	0.288190
2.386250	-4.379287	0.297120
2.386270	-4.350207	0.285400
2.386290	-4.353157	0.287020
2.386290	-4.350237	0.282770
2.386330	-4.376247	0.259060
2.386370	-4.382707	0.273630
2.386370	-4.379437	0.258110
2.386370	-4.367237	0.267240
2.386370	-4.354347	0.298960
2.386410	-4.354277	0.295940
2.386450	-4.373157	0.299600
2.386480	-4.385557	0.278070
2.386480	-4.375517	0.295810
2.386480	-4.350987	0.280700
2.386510	-4.376637	0.269210
2.386510	-4.361156	0.269990
2.386540	-4.388047	0.269770
2.386540	-4.378797	0.298520
2.386540	-4.359776	0.272100
2.386550	-4.383607	0.283130
2.386550	-4.354687	0.277790
2.386560	-4.370587	0.268230
2.386630	-4.359457	0.273600
2.386650	-4.365547	0.267110
2.386660	-4.374657	0.265950
2.386670	-4.353607	0.294350
2.386680	-4.382447	0.265060
2.386690	-4.376537	0.297350
2.386720	-4.380637	0.270890
2.386720	-4.379057	0.269280
2.386720	-4.363827	0.269340
2.386750	-4.380617	0.264600
2.386760	-4.384157	0.274360
2.386790	-4.372707	0.267750
2.386810	-4.383937	0.280600
2.386840	-4.391027	0.277350
2.386850	-4.385117	0.282590
2.386890	-4.353677	0.279240
2.386920	-4.354836	0.291200
2.386930	-4.353897	0.289110
2.386950	-4.377857	0.258310
2.386960	-4.390827	0.279340
2.386980	-4.352847	0.292800
2.386990	-4.359537	0.305570
2.387000	-4.378907	0.293210
2.387000	-4.378077	0.270720
2.387040	-4.388757	0.274300
2.387070	-4.375377	0.270090
2.387090	-4.352527	0.291250
2.387100	-4.382217	0.285610
2.387100	-4.376677	0.266880
2.387120	-4.357837	0.273020
2.387130	-4.388977	0.279550
2.387200	-4.372187	0.265810
2.387210	-4.356387	0.271660
2.387210	-4.355407	0.273660
2.387260	-4.356487	0.302120
2.387280	-4.357986	0.271060
2.387280	-4.352407	0.280660
2.387300	-4.388017	0.272410
2.387310	-4.378307	0.294610
2.387320	-4.362097	0.268150
2.387380	-4.376477	0.256880
2.387380	-4.351746	0.289690
2.387400	-4.375487	0.260470
2.387410	-4.385807	0.268030
2.387420	-4.389587	0.276850
2.387430	-4.357057	0.274930
2.387450	-4.386857	0.282420
2.387460	-4.375487	0.262460
2.387480	-4.380847	0.289330
2.387520	-4.384747	0.275540
2.387530	-4.381407	0.272330
2.387560	-4.374947	0.300990
2.387560	-4.351507	0.283630
2.387570	-4.379097	0.290570
2.387570	-4.353227	0.276530
2.387570	-4.351537	0.282120
2.387600	-4.387417	0.273800
2.387600	-4.366657	0.266600
2.387610	-4.351157	0.288110
2.387650	-4.374917	0.268420
2.387660	-4.386187	0.280530
2.387670	-4.377707	0.264300
2.387680	-4.351117	0.285090
2.387690	-4.356207	0.276390
2.387700	-4.351007	0.286600
2.387770	-4.363737	0.267670
2.387810	-4.382287	0.275940
2.387830	-4.354916	0.298970
2.387840	-4.383167	0.278030
2.387850	-4.388517	0.275650
2.387850	-4.379127	0.257500
2.387870	-4.354997	0.295960
2.387880	-4.377297	0.299390
2.387920	-4.382247	0.274360
2.387940	-4.380197	0.259840
2.387970	-4.382847	0.266350
2.387990	-4.379167	0.270120
2.387990	-4.361917	0.270170
2.387990	-4.354546	0.297430
2.387990	-4.352567	0.277970
2.388020	-4.376777	0.270510
2.388030	-4.355187	0.277810
2.388040	-4.386077	0.269980
2.388060	-4.354507	0.294410
2.388070	-4.357927	0.302840
2.388100	-4.359757	0.272080
2.388130	-4.374157	0.269840
2.388150	-4.365257	0.267170
2.388160	-4.366757	0.264370
2.388160	-4.359587	0.270570
2.388190	-4.384007	0.267560
2.388250	-4.354546	0.279270
2.388270	-4.378437	0.259100
2.388270	-4.365177	0.264270
2.388320	-4.353847	0.292860
2.388330	-4.369567	0.266920
2.388340	-4.376047	0.296510
2.388360	-4.371747	0.267810
2.388390	-4.354017	0.280770
2.388420	-4.357477	0.300840
2.388430	-4.353527	0.291310
2.388440	-4.383867	0.274230
2.388550	-4.368557	0.268140
2.388580	-4.383717	0.280460
2.388580	-4.373497	0.298160
2.388590	-4.383587	0.282950
2.388590	-4.353157	0.289760
2.388630	-4.360487	0.306490
2.388640	-4.378397	0.291810
2.388650	-4.382067	0.284220
2.388650	-4.376007	0.256070
2.388690	-4.381057	0.273660
2.388690	-4.356767	0.303640
2.388710	-4.382627	0.272980
2.388710	-4.380367	0.288020
2.388720	-4.386167	0.271950
2.388730	-4.362967	0.269270
2.388750	-4.357857	0.273450
2.388750	-4.352747	0.288210
2.388760	-4.380007	0.272080
2.388760	-4.354947	0.274400
2.388770	-4.386247	0.273950
2.388790	-4.360827	0.269470
2.388800	-4.376827	0.298110
2.388800	-4.375097	0.267460
2.388820	-4.382127	0.286700
2.388820	-4.368097	0.266190
2.388860	-4.349727	0.285330
2.388910	-4.374997	0.300320
2.388970	-4.380477	0.265940
2.388980	-4.373727	0.263340
2.388980	-4.352267	0.282140
2.389010	-4.378387	0.256500
2.389030	-4.352006	0.286660
2.389040	-4.350246	0.287850
2.389070	-4.372257	0.269070
2.389070	-4.355727	0.302050
2.389080	-4.366377	0.266020
2.389110	-4.381867	0.276710
2.389120	-4.355527	0.294750
2.389170	-4.387077	0.277150
2.389180	-4.383337	0.268970
2.389190	-4.381607	0.267150
2.389190	-4.351637	0.285110
2.389200	-4.371687	0.266540
2.389210	-4.356467	0.274860
2.389220	-4.358527	0.271940
2.389240	-4.387127	0.279780
2.389250	-4.381337	0.275130
2.389250	-4.376997	0.294140
2.389270	-4.351397	0.283600
2.389300	-4.376697	0.266990
2.389310	-4.364467	0.266530
2.389320	-4.356347	0.271310
2.389320	-4.353787	0.276290
2.389370	-4.381017	0.285440
2.389390	-4.378217	0.270860
2.389410	-4.375427	0.298970
2.389420	-4.386937	0.282430
2.389420	-4.358237	0.304570
2.389450	-4.381217	0.282960
2.389460	-4.383047	0.277930
2.389500	-4.355497	0.276320
2.389530	-4.375787	0.264470
2.389530	-4.354607	0.297440
2.389560	-4.378677	0.272360
2.389600	-4.383267	0.275410
2.389600	-4.379267	0.290460
2.389620	-4.383457	0.284160
2.389650	-4.380067	0.261350
2.389650	-4.360797	0.268200
2.389670	-4.376777	0.271240
2.389690	-4.360017	0.272090
2.389740	-4.359877	0.303850
2.389740	-4.351507	0.280670
2.389750	-4.377317	0.292120
2.389800	-4.359747	0.270540
2.389810	-4.357257	0.269740
2.389820	-4.372877	0.299340
2.389940	-4.383237	0.270310
2.389950	-4.384927	0.272760
2.389950	-4.354237	0.277730
2.389960	-4.376197	0.258460
2.389960	-4.353416	0.295800
2.389980	-4.380427	0.263410
2.389990	-4.385077	0.276050
2.390020	-4.369517	0.265710
2.390020	-4.365217	0.264510
2.390020	-4.363257	0.267120
2.390020	-4.356627	0.272710
2.390030	-4.385537	0.283260
2.390040	-4.381777	0.281650
2.390040	-4.353406	0.291280
2.390050	-4.374467	0.294580
2.390050	-4.371087	0.261630
2.390070	-4.353207	0.294290
2.390080	-4.358847	0.273510
2.390090	-4.379477	0.266720
2.390110	-4.375247	0.297650
2.390230	-4.367247	0.263530
2.390240	-4.353317	0.279150
2.390250	-4.357137	0.303660
2.390280	-4.353137	0.280660
2.390300	-4.361887	0.302050
2.390350	-4.352547	0.289690
2.390380	-4.356847	0.302110
2.390440	-4.364027	0.301140
2.390460	-4.352487	0.283660
2.390480	-4.380237	0.267960
2.390490	-4.356477	0.300560
2.390510	-4.380037	0.273840
2.390510	-4.353997	0.274540
2.390530	-4.372487	0.265350
2.390560	-4.381107	0.262170
2.390580	-4.373867	0.269950
2.390600	-4.356317	0.299050
2.390610	-4.367637	0.266530
2.390670	-4.357037	0.274880
2.390680	-4.381427	0.269840
2.390680	-4.380457	0.275340
2.390680	-4.377317	0.267140
2.390680	-4.355407	0.273590
2.390720	-4.382577	0.276590
2.390720	-4.374527	0.267550
2.390720	-4.373477	0.264160
2.390760	-4.362127	0.269190
2.390760	-4.351487	0.288100
2.390790	-4.363467	0.263780
2.390790	-4.349196	0.286490
2.390810	-4.366207	0.265480
2.390820	-4.382797	0.271690
2.390820	-4.351317	0.286590
2.390830	-4.375577	0.266350
2.390850	-4.372007	0.300510
2.390850	-4.356357	0.279390
2.390860	-4.359467	0.300300
2.390890	-4.361147	0.300370
2.390890	-4.355527	0.297460
2.390900	-4.380437	0.289100
2.390910	-4.381997	0.278420
2.390910	-4.378757	0.292860
2.390930	-4.358867	0.303310
2.390940	-4.382597	0.280290
2.390960	-4.360067	0.301840
2.391000	-4.351127	0.284000
2.391010	-4.372417	0.268110
2.391040	-4.355897	0.276330
2.391060	-4.374027	0.297980
2.391070	-4.371767	0.263360
2.391100	-4.377727	0.272080
2.391100	-4.374977	0.264980
2.391140	-4.384147	0.278160
2.391160	-4.380837	0.285310
2.391170	-4.384427	0.282740
2.391180	-4.379937	0.286540
2.391200	-4.355447	0.277800
2.391230	-4.354667	0.294360
2.391260	-4.355167	0.280810
2.391280	-4.379267	0.272640
2.391290	-4.354496	0.292850
2.391300	-4.354417	0.295870
2.391310	-4.360367	0.270560
2.391350	-4.382617	0.284910
2.391350	-4.353757	0.276430
2.391450	-4.369127	0.264470
2.391460	-4.352106	0.279900
2.391490	-4.383627	0.281510
2.391500	-4.359287	0.269520
2.391530	-4.366267	0.299490
2.391530	-4.350037	0.285370
2.391540	-4.377827	0.289440
2.391550	-4.359697	0.272030
2.391560	-4.381097	0.287780
2.391560	-4.372617	0.266710
2.391560	-4.356737	0.272990
2.391560	-4.353687	0.290660
2.391600	-4.380637	0.276740
2.391650	-4.377757	0.295340
2.391660	-4.376217	0.292950
2.391700	-4.375067	0.270820
2.391700	-4.362287	0.267180
2.391700	-4.353807	0.282220
2.391710	-4.377567	0.291470
2.391760	-4.364287	0.267800
2.391770	-4.351477	0.281830
2.391810	-4.368617	0.262540
2.391810	-4.364657	0.300400
2.391810	-4.357187	0.270930
2.391850	-4.357647	0.300660
2.391870	-4.358707	0.273480
2.391890	-4.381527	0.283990
2.391910	-4.370407	0.266480
2.391910	-4.354007	0.279620
2.391920	-4.367507	0.264370
2.391950	-4.358067	0.267390
2.391980	-4.374367	0.294230
2.391980	-4.363077	0.301280
2.391980	-4.358587	0.302080
2.392000	-4.381937	0.275090
2.392010	-4.379997	0.270680
2.392010	-4.358187	0.274940
2.392020	-4.374897	0.296620
2.392020	-4.372397	0.298230
2.392020	-4.370917	0.299540
2.392020	-4.370867	0.264660
2.392040	-4.378197	0.268870
2.392050	-4.352736	0.283640
2.392090	-4.361917	0.299670
2.392100	-4.357957	0.276450
2.392120	-4.363677	0.266010
2.392130	-4.352177	0.291170
2.392150	-4.381397	0.272500
2.392150	-4.376197	0.264500
2.392160	-4.379367	0.287950
2.392160	-4.360307	0.300090
2.392160	-4.356787	0.299070
2.392180	-4.361007	0.269080
2.392200	-4.381907	0.281470
2.392230	-4.371877	0.269030
2.392230	-4.351336	0.288380
2.392260	-4.354387	0.288520
2.392270	-4.380157	0.274940
2.392270	-4.362807	0.269210
2.392360	-4.356327	0.296010
2.392400	-4.354317	0.297180
2.392440	-4.363467	0.274190
2.392460	-4.356817	0.277870
2.392460	-4.351447	0.285060
2.392500	-4.355947	0.297480
2.392560	-4.374517	0.263040
2.392560	-4.362427	0.265280
2.392570	-4.382967	0.283580
2.392600	-4.375167	0.267220
2.392600	-4.360587	0.266420
2.392610	-4.364937	0.298190
2.392610	-4.355407	0.275270
2.392650	-4.354277	0.285400
2.392700	-4.373237	0.264730
2.392720	-4.380597	0.286440
2.392720	-4.373457	0.269140
2.392740	-4.355337	0.294420
2.392800	-4.352997	0.287500
2.392810	-4.378907	0.291460
2.392820	-4.355097	0.292870
2.392840	-4.350227	0.289490
2.392850	-4.373587	0.295230
2.392860	-4.376707	0.272220
2.392860	-4.355596	0.279320
2.392880	-4.378927	0.266790
2.392920	-4.376287	0.291610
2.392920	-4.360847	0.270580
2.392930	-4.375877	0.297760
2.392930	-4.356347	0.273770
2.392930	-4.350117	0.286470
2.392960	-4.368727	0.263890
2.392960	-4.358307	0.298820
2.392980	-4.381617	0.277790
2.392980	-4.378977	0.293940
2.392980	-4.365337	0.266360
2.393000	-4.361637	0.301520
2.393000	-4.355127	0.280780
2.393010	-4.380737	0.288920
2.393020	-4.349737	0.287940
2.393040	-4.381127	0.273870
2.393060	-4.354826	0.282280
2.393140	-4.373517	0.293460
2.393140	-4.363257	0.299560
2.393170	-4.357717	0.268680
2.393170	-4.355687	0.300160
2.393180	-4.375947	0.295260
2.393240	-4.362727	0.272990
2.393240	-4.360377	0.267780
2.393240	-4.358647	0.300690
2.393280	-4.372427	0.267840
2.393280	-4.360487	0.298860
2.393310	-4.373377	0.262340
2.393310	-4.372017	0.297460
2.393310	-4.354597	0.289890
2.393320	-4.364187	0.264830
2.393350	-4.376707	0.290230
2.393350	-4.369457	0.265180
2.393350	-4.368897	0.297250
2.393350	-4.355187	0.276670
2.393360	-4.367577	0.302920
2.393360	-4.353617	0.291240
2.393370	-4.364887	0.262260
2.393370	-4.357557	0.272810
2.393380	-4.353157	0.280630
2.393400	-4.353807	0.283700
2.393440	-4.359077	0.275000
2.393450	-4.381277	0.285130
2.393470	-4.359037	0.273500
2.393490	-4.371487	0.269840
2.393490	-4.355117	0.295990
2.393510	-4.366037	0.301710
2.393520	-4.375097	0.271030
2.393520	-4.371867	0.264650
2.393520	-4.363117	0.296930
2.393520	-4.361497	0.296300
2.393530	-4.376357	0.269740
2.393540	-4.381747	0.276400
2.393540	-4.374897	0.292440
2.393540	-4.370497	0.263410
2.393560	-4.378567	0.275270
2.393560	-4.358937	0.271950
2.393570	-4.377957	0.271560
2.393590	-4.378537	0.273730
2.393630	-4.359887	0.296720
2.393650	-4.378047	0.292680
2.393720	-4.365557	0.264330
2.393730	-4.363607	0.267390
2.393760	-4.381767	0.280110
2.393770	-4.357537	0.270120
2.393810	-4.380497	0.275150
2.393820	-4.373997	0.267990
2.393850	-4.352547	0.285120
2.393870	-4.378697	0.290040
2.393890	-4.362087	0.264670
2.393910	-4.366127	0.295990
2.393940	-4.358067	0.266550
2.393940	-4.354456	0.278040
2.393970	-4.356807	0.296000
2.393980	-4.357517	0.276420
2.393990	-4.381847	0.282590
2.394000	-4.371367	0.266580
2.394010	-4.362977	0.298370
2.394010	-4.356627	0.297500
2.394020	-4.351817	0.289590
2.394080	-4.356517	0.292980
2.394120	-4.379407	0.276740
2.394140	-4.367047	0.263820
2.394150	-4.375907	0.272990
2.394180	-4.373067	0.270270
2.394190	-4.357567	0.274870
2.394200	-4.368377	0.301610
2.394200	-4.356867	0.277880
2.394200	-4.356167	0.294440
2.394250	-4.355807	0.298960
2.394290	-4.371767	0.271240
2.394290	-4.369177	0.266550
2.394310	-4.356477	0.279340
2.394320	-4.380837	0.277590
2.394330	-4.360167	0.300680
2.394360	-4.377197	0.275060
2.394380	-4.356167	0.280840
2.394430	-4.369627	0.269600
2.394430	-4.359647	0.298090
2.394500	-4.364827	0.297350
2.394500	-4.364377	0.298860
2.394500	-4.362867	0.275830
2.394500	-4.358417	0.293430
2.394500	-4.355897	0.275480
2.394500	-4.354836	0.280000
2.394500	-4.354836	0.293250
2.394510	-4.360737	0.269050
2.394540	-4.376637	0.297460
2.394540	-4.373627	0.271800
2.394540	-4.362377	0.274290
2.394550	-4.360557	0.270550
2.394550	-4.355577	0.282310
2.394600	-4.371737	0.262270
2.394610	-4.367987	0.295950
2.394610	-4.365357	0.294790
2.394720	-4.379697	0.285310
2.394760	-4.354977	0.283770
2.394770	-4.357257	0.286980
2.394780	-4.360587	0.292970
2.394820	-4.360187	0.266570
2.394820	-4.354437	0.291300
2.394880	-4.368907	0.263380
2.394910	-4.354456	0.285230
2.394930	-4.358937	0.285750
2.394950	-4.374637	0.291170
2.394970	-4.370657	0.265270
2.394990	-4.359267	0.273470
2.395020	-4.358057	0.300620
2.395060	-4.380587	0.289620
2.395060	-4.367097	0.262550
2.395060	-4.353827	0.288240
2.395070	-4.353957	0.286730
2.395110	-4.372557	0.268830
2.395130	-4.358737	0.274970
2.395140	-4.381477	0.278760
2.395140	-4.373417	0.293110
2.395140	-4.360487	0.294930
2.395150	-4.379397	0.291280
2.395150	-4.358797	0.277970
2.395200	-4.370337	0.262870
2.395210	-4.374607	0.273280
2.395210	-4.365217	0.265180
2.395210	-4.357677	0.272400
2.395240	-4.374577	0.294690
2.395270	-4.378507	0.286110
2.395280	-4.378627	0.275070
2.395280	-4.378047	0.276460
2.395310	-4.376917	0.273870
2.395310	-4.362097	0.298050
2.395310	-4.361607	0.263460
2.395310	-4.358207	0.289710
2.395330	-4.362827	0.264860
2.395350	-4.361847	0.261930
2.395350	-4.357607	0.291180
2.395350	-4.357607	0.297320
2.395390	-4.357257	0.294510
2.395420	-4.358767	0.294790
2.395420	-4.357607	0.269310
2.395430	-4.365747	0.263110
2.395450	-4.362057	0.295990
2.395470	-4.357717	0.276390
2.395490	-4.371907	0.293990
2.395520	-4.358727	0.292240
2.395530	-4.357447	0.279400
2.395560	-4.368787	0.267320
2.395590	-4.368787	0.268820
2.395590	-4.362057	0.272050
2.395590	-4.357577	0.267280
2.395590	-4.356737	0.292960
2.395600	-4.359227	0.269830
2.395620	-4.380787	0.283880
2.395630	-4.374997	0.271700
2.395640	-4.361957	0.266100
2.395660	-4.381817	0.281240
2.395660	-4.364057	0.266580
2.395660	-4.356977	0.273840
2.395660	-4.356547	0.289940
2.395730	-4.370267	0.270930
2.395770	-4.372717	0.270180
2.395770	-4.364477	0.296060
2.395770	-4.356457	0.277340
2.395770	-4.356017	0.297430
2.395790	-4.369497	0.264430
2.395800	-4.381627	0.287430
2.395800	-4.357507	0.270790
2.395820	-4.360067	0.299260
2.395820	-4.359517	0.267890
2.395820	-4.356347	0.283870
2.395840	-4.366127	0.293600
2.395870	-4.367667	0.264160
2.395870	-4.356377	0.280820
2.395910	-4.371277	0.268920
2.395910	-4.366547	0.296160
2.395910	-4.361156	0.267560
2.395920	-4.355886	0.288350
2.395940	-4.379497	0.276730
2.395940	-4.377117	0.288930
2.395940	-4.361397	0.275030
2.395980	-4.373167	0.273060
2.395980	-4.354907	0.293500
2.395990	-4.355847	0.285330
2.396010	-4.377797	0.277870
2.396030	-4.355827	0.282320
2.396050	-4.361327	0.291250
2.396080	-4.360797	0.273450
2.396080	-4.355407	0.291460
2.396110	-4.359667	0.276610
2.396110	-4.355447	0.286800
2.396150	-4.362867	0.267420
2.396150	-4.357957	0.285960
2.396190	-4.362867	0.274010
2.396210	-4.360017	0.272020
2.396220	-4.360167	0.290170
2.396260	-4.367007	0.265600
2.396260	-4.358557	0.283960
2.396290	-4.376637	0.276220
2.396290	-4.372157	0.271940
2.396290	-4.367497	0.294620
2.396330	-4.363997	0.264350
2.396390	-4.379057	0.284740
2.396400	-4.360097	0.288060
2.396400	-4.358487	0.282390
2.396400	-4.358487	0.287990
2.396420	-4.382407	0.282410
2.396420	-4.370077	0.267660
2.396430	-4.368506	0.296160
2.396470	-4.372537	0.291780
2.396470	-4.356207	0.294480
2.396490	-4.382327	0.284890
2.396500	-4.379497	0.278720
2.396500	-4.360627	0.293710
2.396500	-4.359147	0.273450
2.396540	-4.374717	0.276080
2.396540	-4.374187	0.274050
2.396540	-4.370577	0.272330
2.396540	-4.370577	0.274850
2.396540	-4.368997	0.270230
2.396540	-4.358147	0.296070
2.396570	-4.369257	0.266020
2.396610	-4.375587	0.274610
2.396610	-4.365877	0.294970
2.396610	-4.357857	0.265600
2.396620	-4.377107	0.285620
2.396680	-4.363217	0.295850
2.396710	-4.364727	0.293880
2.396710	-4.359507	0.265670
2.396710	-4.356697	0.275660
2.396720	-4.362447	0.264250
2.396750	-4.377587	0.279270
2.396750	-4.358377	0.280810
2.396760	-4.358297	0.274900
2.396820	-4.365527	0.263870
2.396840	-4.357517	0.291510
2.396880	-4.378247	0.276200
2.396880	-4.360717	0.264750
2.396920	-4.367497	0.298910
2.396920	-4.367357	0.269070
2.396920	-4.361637	0.295180
2.396920	-4.356067	0.295920
2.396960	-4.367407	0.301390
2.396990	-4.381477	0.279890
2.396990	-4.367317	0.267000
2.397020	-4.379827	0.281160
2.397020	-4.371627	0.270290
2.397020	-4.357477	0.277870
2.397030	-4.366727	0.290870
2.397030	-4.359397	0.286420
2.397030	-4.357057	0.288410
2.397040	-4.357087	0.286910
2.397090	-4.358987	0.267290
2.397100	-4.369317	0.271660
2.397130	-4.358307	0.270090
2.397130	-4.357677	0.272610
2.397130	-4.356837	0.285400
2.397140	-4.369277	0.298850
2.397160	-4.360407	0.280300
2.397170	-4.362547	0.276880
2.397200	-4.376327	0.277590
2.397210	-4.356857	0.279330
2.397300	-4.381257	0.289830
2.397310	-4.359857	0.291460
2.397340	-4.374437	0.295320
2.397380	-4.366087	0.292310
2.397380	-4.365706	0.267880
2.397410	-4.378397	0.282740
2.397410	-4.365667	0.279550
2.397420	-4.370857	0.268830
2.397440	-4.381577	0.286080
2.397450	-4.359817	0.283820
2.397480	-4.357017	0.282140
2.397520	-4.371317	0.293080
2.397520	-4.362477	0.272260
2.397590	-4.374857	0.277450
2.397590	-4.365637	0.265320
2.397590	-4.360307	0.289400
2.397620	-4.373837	0.293670
2.397640	-4.378837	0.277380
2.397660	-4.373277	0.275310
2.397670	-4.366457	0.297600
2.397720	-4.367377	0.264220
2.397720	-4.360697	0.267490
2.397730	-4.371697	0.291500
2.397730	-4.363427	0.294620
2.397760	-4.375657	0.296300
2.397760	-4.373237	0.276810
2.397760	-4.369107	0.273060
2.397760	-4.368087	0.294860
2.397760	-4.367077	0.277030
2.397800	-4.377837	0.280630
2.397800	-4.360557	0.265980
2.397800	-4.359367	0.296140
2.397840	-4.380477	0.282330
2.397870	-4.371667	0.276220
2.397870	-4.364447	0.266230
2.397900	-4.369067	0.277590
2.397900	-4.361357	0.287890
2.397900	-4.359717	0.263460
2.397950	-4.359787	0.275010
2.397970	-4.369597	0.274570
2.397980	-4.382157	0.283540
2.397990	-4.359907	0.268950
2.398010	-4.376077	0.278950
2.398080	-4.363817	0.278810
2.398080	-4.359527	0.270450
2.398080	-4.358627	0.264900
2.398100	-4.368237	0.266320
2.398110	-4.368017	0.271940
2.398130	-4.359247	0.273460
2.398130	-4.358427	0.294580
2.398140	-4.359277	0.271950
2.398180	-4.380377	0.291040
2.398190	-4.382107	0.288510
2.398210	-4.358417	0.290020
2.398220	-4.379617	0.287780
2.398220	-4.367457	0.274430
2.398220	-4.366367	0.289120
2.398220	-4.357996	0.267880
2.398270	-4.358747	0.276430
2.398280	-4.358277	0.287010
2.398280	-4.358167	0.291530
2.398290	-4.364827	0.292590
2.398320	-4.360697	0.276600
2.398330	-4.368717	0.269180
2.398340	-4.357917	0.293030
2.398360	-4.367947	0.275940
2.398380	-4.358187	0.282450
2.398390	-4.379357	0.279810
2.398390	-4.363257	0.273660
2.398390	-4.357927	0.274430
2.398410	-4.375807	0.285780
2.398410	-4.358187	0.280940
2.398420	-4.369657	0.297140
2.398430	-4.366297	0.294160
2.398430	-4.365807	0.287500
2.398460	-4.362167	0.293430
2.398460	-4.360627	0.284700
2.398470	-4.358067	0.279400
2.398510	-4.357977	0.277890
2.398510	-4.357687	0.285420
2.398530	-4.375937	0.281930
2.398530	-4.371487	0.274570
2.398530	-4.369947	0.294830
2.398570	-4.378497	0.284600
2.398570	-4.364757	0.290970
2.398570	-4.357616	0.283910
2.398590	-4.357747	0.263280
2.398610	-4.358977	0.266340
2.398640	-4.376427	0.280390
2.398640	-4.374957	0.276250
2.398680	-4.357857	0.272850
2.398680	-4.357227	0.275870
2.398710	-4.374957	0.279790
2.398720	-4.371317	0.295550
2.398750	-4.361637	0.271000
2.398770	-4.367247	0.267540
2.398770	-4.365927	0.296300
2.398800	-4.372477	0.297400
2.398800	-4.362157	0.281190
2.398820	-4.372887	0.292410
2.398820	-4.365706	0.277800
2.398820	-4.363607	0.280210
2.398820	-4.362617	0.275590
2.398840	-4.365207	0.267350
2.398850	-4.378397	0.286560
2.398850	-4.366757	0.290550
2.398850	-4.366757	0.292590
2.398850	-4.363607	0.267530
2.398870	-4.370257	0.272510
2.398890	-4.373487	0.278180
2.398890	-4.366197	0.275760
2.398890	-4.365667	0.280320
2.398890	-4.358377	0.269810
2.398920	-4.377477	0.281930
2.398920	-4.372297	0.277100
2.398920	-4.368267	0.278920
2.398920	-4.367247	0.286980
2.398920	-4.363077	0.277620
2.398940	-4.364077	0.263890
2.398950	-4.381347	0.284720
2.398960	-4.367247	0.269740
2.398990	-4.371347	0.278530
2.398990	-4.369837	0.275940
2.399030	-4.366727	0.273240
2.399030	-4.366027	0.298780
2.399070	-4.362327	0.263730
2.399090	-4.360897	0.290180
2.399100	-4.365177	0.274680
2.399110	-4.360797	0.291690
2.399130	-4.367737	0.280350
2.399170	-4.369117	0.267480
2.399190	-4.367677	0.299980
2.399210	-4.360867	0.282610
2.399240	-4.370267	0.292690
2.399240	-4.368197	0.277340
2.399240	-4.365107	0.281760
2.399270	-4.376607	0.277670
2.399290	-4.360476	0.287120
2.399330	-4.360627	0.279590
2.399340	-4.377807	0.298470
2.399380	-4.372157	0.280040
2.399380	-4.359897	0.293140
2.399400	-4.361037	0.264490
2.399410	-4.366617	0.271140
2.399410	-4.365527	0.269070
2.399420	-4.370757	0.288360
2.399450	-4.381637	0.287160
2.399450	-4.369087	0.273710
2.399450	-4.358727	0.264110
2.399480	-4.374677	0.295420
2.399480	-4.367597	0.284880
2.399480	-4.365497	0.285790
2.399490	-4.378027	0.295980
2.399520	-4.377767	0.283370
2.399530	-4.371657	0.275790
2.399540	-4.360347	0.270470
2.399550	-4.372087	0.291220
2.399550	-4.360247	0.271980
2.399550	-4.359767	0.285570
2.399570	-4.368367	0.270760
2.399620	-4.376147	0.283260
2.399620	-4.373767	0.279580
2.399620	-4.359887	0.278000
2.399640	-4.382747	0.285720
2.399660	-4.364447	0.276040
2.399670	-4.370987	0.297130
2.399670	-4.364057	0.282850
2.399700	-4.364297	0.291910
2.399710	-4.360087	0.265910
2.399730	-4.370117	0.277340
2.399730	-4.369037	0.295070
2.399730	-4.359327	0.284020
2.399750	-4.380377	0.282190
2.399750	-4.359497	0.276490
2.399760	-4.375557	0.281160
2.399760	-4.363527	0.288870
2.399760	-4.359157	0.280850
2.399790	-4.368477	0.293670
2.399790	-4.362577	0.295110
2.399800	-4.359687	0.268920
2.399830	-4.376637	0.286310
2.399830	-4.363287	0.272920
2.399850	-4.380017	0.292170
2.399870	-4.371527	0.289610
2.399870	-4.363847	0.268890
2.399900	-4.362267	0.292660
2.399910	-4.363237	0.284310
2.399920	-4.361447	0.276990
2.399930	-4.363027	0.290330
2.399930	-4.359397	0.267370
2.399940	-4.362307	0.267810
2.399950	-4.379117	0.280940
2.399970	-4.366437	0.278640
2.399980	-4.358857	0.274900
2.400010	-4.365357	0.273490
2.400040	-4.378537	0.285370
2.400040	-4.370577	0.279860
2.400090	-4.374487	0.277300
2.400090	-4.358686	0.273390
2.400100	-4.366887	0.289110
2.400110	-4.380347	0.289640
2.400110	-4.357437	0.276640
2.400150	-4.362487	0.287270
2.400180	-4.362687	0.281970
2.400220	-4.357996	0.266510
2.400250	-4.374047	0.293740
2.400260	-4.377677	0.289160
2.400280	-4.363717	0.266470
2.400280	-4.362097	0.285720
2.400300	-4.375767	0.297310
2.400320	-4.369457	0.278740
2.400320	-4.358447	0.278180
2.400360	-4.374437	0.282040
2.400370	-4.366387	0.275540
2.400390	-4.362037	0.279660
2.400500	-4.372997	0.280920
2.400500	-4.366797	0.280070
2.400500	-4.362097	0.283400
2.400530	-4.366757	0.290730
2.400560	-4.362197	0.264550
2.400570	-4.367287	0.281620
2.400600	-4.368787	0.280670
2.400600	-4.368267	0.283190
2.400600	-4.366727	0.283610
2.400650	-4.370907	0.292150
2.400660	-4.365337	0.287470
2.400670	-4.371277	0.281300
2.400690	-4.381117	0.284590
2.400700	-4.368547	0.274850
2.400740	-4.378847	0.286770
2.400760	-4.371687	0.278540
2.400780	-4.369277	0.292870
2.400780	-4.368197	0.286210
2.400780	-4.367217	0.292240
2.400850	-4.365077	0.280950
2.400880	-4.374747	0.283470
2.400920	-4.365597	0.271840
2.400950	-4.376287	0.284560
2.400950	-4.373347	0.284420
2.400950	-4.363497	0.275270
2.400970	-4.375637	0.295610
2.400970	-4.367297	0.272370
2.400970	-4.364477	0.285880
2.400970	-4.363977	0.273690
2.401020	-4.364407	0.284370
2.401020	-4.359887	0.280140
2.401040	-4.360447	0.271990
2.401060	-4.370267	0.289820
2.401060	-4.369697	0.291320
2.401090	-4.372227	0.290940
2.401090	-4.365037	0.269770
2.401100	-4.367227	0.274100
2.401110	-4.377517	0.287460
2.401130	-4.369207	0.282140
2.401150	-4.360047	0.273460
2.401160	-4.361917	0.289850
2.401200	-4.370647	0.285750
2.401200	-4.363427	0.288420
2.401200	-4.359747	0.277970
2.401230	-4.373277	0.282840
2.401230	-4.369177	0.285160
2.401260	-4.378527	0.283340
2.401270	-4.371557	0.283230
2.401270	-4.367567	0.293710
2.401270	-4.365497	0.282420
2.401300	-4.368057	0.278990
2.401300	-4.359627	0.274960
2.401310	-4.382067	0.286480
2.401380	-4.359597	0.268890
2.401390	-4.379727	0.294530
2.401420	-4.371567	0.293470
2.401440	-4.360836	0.281650
2.401450	-4.359547	0.265880
2.401510	-4.358927	0.276420
2.401520	-4.365787	0.285290
2.401550	-4.371487	0.288770
2.401580	-4.374997	0.291010
2.401580	-4.367497	0.285020
2.401580	-4.360307	0.267420
2.401590	-4.375737	0.286690
2.401590	-4.362877	0.281220
2.401630	-4.380187	0.288290
2.401640	-4.366827	0.287570
2.401670	-4.378397	0.290190
2.401690	-4.374957	0.288450
2.401720	-4.374467	0.285860
2.401720	-4.373587	0.292410
2.401760	-4.372017	0.284700
2.401770	-4.362627	0.272140
2.401830	-4.380267	0.290740
2.401860	-4.362197	0.286210
2.401890	-4.362237	0.273610
2.401910	-4.377237	0.285820
2.401930	-4.362197	0.270510
2.401970	-4.368927	0.287540
2.402010	-4.364277	0.272080
2.402040	-4.369977	0.283540
2.402080	-4.361547	0.279620
2.402100	-4.376837	0.298290
2.402120	-4.380407	0.293220
2.402120	-4.366607	0.271060
2.402140	-4.368337	0.283440
2.402150	-4.361777	0.267540
2.402180	-4.361317	0.275060
2.402210	-4.374337	0.282130
2.402250	-4.377137	0.294540
2.402250	-4.374327	0.284240
2.402260	-4.361007	0.278070
2.402290	-4.362587	0.268930
2.402320	-4.381677	0.289850
2.402320	-4.360937	0.276530
2.402390	-4.374297	0.287260
2.402420	-4.378137	0.288390
2.402430	-4.368787	0.291010
2.402460	-4.364897	0.276820
2.402530	-4.367177	0.288870
2.402610	-4.371037	0.291030
2.402710	-4.372327	0.287080
2.402710	-4.370687	0.287500
2.402740	-4.376207	0.289530
2.402780	-4.360447	0.268750
2.402800	-4.363577	0.282790
2.402810	-4.367827	0.286090
2.402820	-4.370817	0.294390
2.402830	-4.364317	0.288460
2.402910	-4.376437	0.287000
2.402920	-4.371697	0.283470
2.402960	-4.363237	0.279730
2.402990	-4.367527	0.290340
2.402990	-4.363527	0.270660
2.403000	-4.375407	0.285610
2.403010	-4.373887	0.295390
2.403020	-4.372227	0.285510
2.403040	-4.378487	0.291550
2.403060	-4.379477	0.295660
2.403060	-4.375587	0.295870
2.403110	-4.363977	0.273810
2.403120	-4.366967	0.284540
2.403180	-4.366847	0.282990
2.403260	-4.375177	0.292170
2.403270	-4.376467	0.293090
2.403300	-4.369597	0.285820
2.403340	-4.374467	0.289640
2.403370	-4.374747	0.293970
2.403410	-4.380047	0.289380
2.403410	-4.373517	0.291110
2.403450	-4.379307	0.297560
2.403480	-4.372577	0.288490
2.403560	-4.370637	0.292440
2.403610	-4.373787	0.285750
2.403660	-4.372277	0.294250
2.403750	-4.377127	0.288170
2.403950	-4.375127	0.287190
2.404230	-4.361027	0.268780
2.404270	-4.380687	0.291810
2.404500	-4.362167	0.269990
2.404510	-4.360507	0.270840
