2.238401	-4.491340	0.357061
2.239011	-4.489730	0.357961
2.239111	-4.488860	0.351271
2.239171	-4.488939	0.353751
2.239521	-4.487609	0.349621
2.239581	-4.487340	0.347791
2.239641	-4.487030	0.345971
2.240101	-4.489850	0.352391
2.240211	-4.487889	0.352681
2.240321	-4.488040	0.358241
2.240361	-4.491479	0.355851
2.240371	-4.489460	0.356171
2.240391	-4.489640	0.358621
2.240531	-4.485810	0.360451
2.240581	-4.492610	0.353211
2.240621	-4.490560	0.354161
2.240621	-4.486569	0.350391
2.240661	-4.487200	0.359631
2.240731	-4.486440	0.352281
2.240811	-4.488709	0.361271
2.240841	-4.494130	0.358551
2.241001	-4.491429	0.352151
2.241011	-4.495070	0.354731
2.241141	-4.492970	0.355051
2.241221	-4.491460	0.359601
2.241291	-4.489309	0.359921
2.241311	-4.492710	0.356931
2.241321	-4.491399	0.361491
2.241331	-4.488300	0.349561
2.241351	-4.490349	0.350501
2.241651	-4.487320	0.348471
2.241671	-4.485060	0.346301
2.241801	-4.490489	0.347371
2.241831	-4.493310	0.359331
2.241831	-4.488220	0.364461
2.241841	-4.490019	0.362951
2.241901	-4.482619	0.344801
2.241961	-4.496060	0.357041
2.241971	-4.485730	0.363001
2.242021	-4.488190	0.347091
2.242091	-4.493989	0.356141
2.242121	-4.490069	0.352401
2.242221	-4.483580	0.345941
2.242241	-4.489560	0.349391
2.242371	-4.492290	0.364471
2.242381	-4.495050	0.359071
2.242491	-4.492740	0.353851
2.242501	-4.491809	0.362681
2.242511	-4.490190	0.364791
2.242591	-4.493100	0.361241
2.242661	-4.495520	0.354081
2.242711	-4.493620	0.352511
2.242741	-4.497300	0.358141
2.242991	-4.494900	0.357261
2.243001	-4.489669	0.353711
2.243011	-4.487219	0.365901
2.243041	-4.494239	0.351171
2.243051	-4.495080	0.361571
2.243081	-4.492509	0.351451
2.243091	-4.496110	0.355851
2.243131	-4.496329	0.359531
2.243341	-4.489850	0.366131
2.243351	-4.489830	0.347501
2.243461	-4.492949	0.349521
2.243531	-4.489640	0.351281
2.243541	-4.492529	0.365691
2.243581	-4.481800	0.344961
2.243701	-4.495890	0.352791
2.243751	-4.495510	0.350371
2.243771	-4.497350	0.353831
2.243821	-4.497670	0.359331
2.243891	-4.488440	0.366961
2.243901	-4.497330	0.356911
2.243921	-4.488250	0.347141
2.243951	-4.490019	0.349341
2.243971	-4.486519	0.347391
2.244021	-4.494300	0.364201
2.244121	-4.498210	0.355541
2.244201	-4.485740	0.345671
2.244291	-4.495110	0.362831
2.244331	-4.496470	0.361381
2.244381	-4.491960	0.348441
2.244501	-4.491749	0.367701
2.244541	-4.490049	0.367981
2.244601	-4.493070	0.366891
2.244601	-4.488220	0.368271
2.244621	-4.498700	0.357971
2.244621	-4.486529	0.367921
2.244711	-4.484330	0.345271
2.244811	-4.497739	0.352541
2.244811	-4.496270	0.356081
2.244821	-4.495940	0.351601
2.244821	-4.494170	0.350001
2.244941	-4.499110	0.354211
2.245101	-4.506209	0.370711
2.245101	-4.472500	0.349571
2.245141	-4.496190	0.364551
2.245141	-4.489800	0.346961
2.245321	-4.494309	0.366091
2.245331	-4.497140	0.362541
2.245381	-4.498740	0.363551
2.245381	-4.487950	0.369581
2.245391	-4.500050	0.359621
2.245391	-4.482520	0.344911
2.245411	-4.490870	0.348031
2.245471	-4.498260	0.360541
2.245591	-4.485710	0.369331
2.245701	-4.499000	0.356711
2.245701	-4.497010	0.354701
2.245731	-4.499350	0.361611
2.245841	-4.491409	0.368431
2.245861	-4.487790	0.346001
2.245931	-4.492879	0.350211
2.245961	-4.494510	0.351821
2.246011	-4.489420	0.369381
2.246131	-4.509130	0.369941
2.246281	-4.500569	0.355251
2.246401	-4.471450	0.349821
2.246431	-4.500480	0.358371
2.246471	-4.497650	0.364991
2.246491	-4.486070	0.345671
2.246501	-4.473720	0.349401
2.246541	-4.491370	0.370301
2.246591	-4.502720	0.372221
2.246601	-4.506050	0.368601
2.246601	-4.495690	0.365911
2.246621	-4.484109	0.345321
2.246741	-4.493800	0.367451
2.246791	-4.497920	0.353341
2.246821	-4.499619	0.360351
2.246891	-4.499000	0.354891
2.246891	-4.470180	0.353641
2.247041	-4.506820	0.371561
2.247061	-4.507400	0.377861
2.247061	-4.503220	0.370321
2.247101	-4.510089	0.369201
2.247151	-4.488200	0.372081
2.247161	-4.508039	0.368301
2.247161	-4.499919	0.356601
2.247161	-4.499030	0.364161
2.247201	-4.492730	0.369511
2.247291	-4.497379	0.366271
2.247331	-4.499899	0.362191
2.247351	-4.495989	0.352261
2.247391	-4.494010	0.351321
2.247421	-4.500440	0.371371
2.247451	-4.505410	0.370741
2.247451	-4.470570	0.351291
2.247581	-4.503819	0.372681
2.247721	-4.508580	0.370701
2.247751	-4.501299	0.370021
2.247771	-4.498150	0.372971
2.247831	-4.500189	0.359061
2.247841	-4.504389	0.367661
2.247931	-4.495719	0.349231
2.247931	-4.492499	0.350331
2.247971	-4.471520	0.350101
2.248031	-4.498650	0.358241
2.248031	-4.495470	0.367831
2.248071	-4.506010	0.372341
2.248091	-4.488320	0.346001
2.248101	-4.493660	0.348291
2.248251	-4.491650	0.370951
2.248271	-4.507000	0.368521
2.248271	-4.496720	0.354651
2.248281	-4.499889	0.369001
2.248291	-4.496920	0.373841
2.248291	-4.469730	0.355041
2.248341	-4.497990	0.371171
2.248351	-4.500790	0.361461
2.248351	-4.484360	0.345341
2.248391	-4.474810	0.349081
2.248411	-4.487620	0.347361
2.248431	-4.470220	0.352761
2.248441	-4.489180	0.347741
2.248451	-4.495969	0.351071
2.248481	-4.490670	0.346891
2.248531	-4.504000	0.370431
2.248531	-4.502480	0.367371
2.248531	-4.486340	0.373661
2.248541	-4.495999	0.372121
2.248581	-4.498670	0.364891
2.248621	-4.500259	0.363381
2.248631	-4.496940	0.367631
2.248641	-4.495639	0.353591
2.248661	-4.492149	0.347931
2.248741	-4.494500	0.352001
2.248781	-4.473060	0.348331
2.248791	-4.505479	0.368161
2.248791	-4.488860	0.373261
2.248801	-4.498270	0.366811
2.248801	-4.493950	0.373061
2.248811	-4.495050	0.369171
2.248841	-4.493539	0.370021
2.248871	-4.506020	0.376701
2.248971	-4.504020	0.376421
2.249051	-4.487320	0.344921
2.249091	-4.504290	0.373791
2.249161	-4.491030	0.372291
2.249211	-4.491040	0.374181
2.249271	-4.500500	0.367071
2.249301	-4.471100	0.351501
2.249311	-4.508279	0.376361
2.249351	-4.487490	0.374751
2.249391	-4.497799	0.358221
2.249401	-4.499060	0.374151
2.249441	-4.507589	0.371531
2.249441	-4.495120	0.349371
2.249481	-4.501239	0.360171
2.249541	-4.508699	0.369491
2.249541	-4.493320	0.371331
2.249551	-4.472110	0.349821
2.249561	-4.499060	0.359261
2.249581	-4.493570	0.375041
2.249581	-4.476210	0.348381
2.249581	-4.470389	0.349711
2.249621	-4.505879	0.378601
2.249641	-4.496640	0.352861
2.249641	-4.489280	0.345881
2.249681	-4.499350	0.366051
2.249681	-4.498300	0.353831
2.249691	-4.488160	0.350271
2.249721	-4.502550	0.361201
2.249831	-4.502920	0.370111
2.249831	-4.469760	0.355881
2.249841	-4.502349	0.363091
2.249871	-4.504039	0.372461
2.249891	-4.499660	0.376551
2.249941	-4.505129	0.369651
2.249951	-4.500420	0.364641
2.249971	-4.498760	0.351761
2.249991	-4.501049	0.373841
2.250051	-4.507329	0.369131
2.250111	-4.503930	0.380451
2.250151	-4.510560	0.369221
2.250151	-4.505780	0.372461
2.250151	-4.503410	0.378661
2.250151	-4.470220	0.353011
2.250211	-4.490330	0.375561
2.250231	-4.486869	0.376131
2.250241	-4.498760	0.356771
2.250251	-4.489410	0.347751
2.250281	-4.507460	0.377741
2.250291	-4.500380	0.359241
2.250321	-4.496329	0.374701
2.250401	-4.496180	0.351091
2.250421	-4.482040	0.345111
2.250431	-4.470709	0.354691
2.250461	-4.471800	0.352481
2.250491	-4.492199	0.347941
2.250521	-4.506720	0.376021
2.250571	-4.478769	0.348941
2.250581	-4.502140	0.364401
2.250631	-4.493770	0.349581
2.250731	-4.502090	0.368111
2.250761	-4.504449	0.375771
2.250821	-4.486130	0.345121
2.250831	-4.491769	0.375991
2.250851	-4.468850	0.355041
2.250881	-4.472880	0.349051
2.250911	-4.496910	0.376391
2.250921	-4.508619	0.370181
2.250951	-4.469380	0.357911
2.251021	-4.475720	0.349221
2.251021	-4.471100	0.349501
2.251041	-4.500299	0.356661
2.251071	-4.488470	0.344791
2.251141	-4.486189	0.377501
2.251151	-4.499810	0.374691
2.251161	-4.509429	0.368211
2.251161	-4.501200	0.375441
2.251161	-4.473899	0.350201
2.251201	-4.469310	0.359561
2.251221	-4.502999	0.373561
2.251231	-4.497890	0.353931
2.251301	-4.504039	0.371021
2.251311	-4.494239	0.376841
2.251321	-4.496480	0.352951
2.251371	-4.503349	0.363601
2.251371	-4.474430	0.348491
2.251391	-4.501930	0.365671
2.251421	-4.503419	0.365461
2.251421	-4.501450	0.360811
2.251461	-4.502970	0.361191
2.251461	-4.492140	0.377791
2.251541	-4.491040	0.346901
2.251551	-4.477230	0.348631
2.251561	-4.495110	0.350471
2.251561	-4.489170	0.346561
2.251611	-4.498860	0.358111
2.251631	-4.485400	0.344011
2.251651	-4.502880	0.378911
2.251671	-4.505539	0.378121
2.251691	-4.471380	0.351081
2.251791	-4.483550	0.344921
2.251811	-4.498469	0.355371
2.251831	-4.469100	0.353741
2.251861	-4.487990	0.350411
2.251901	-4.507490	0.367921
2.251901	-4.500629	0.367141
2.251931	-4.469060	0.356551
2.251971	-4.487440	0.377931
2.251991	-4.488820	0.377121
2.252001	-4.502720	0.375501
2.252011	-4.490769	0.378651
2.252061	-4.495730	0.376011
2.252081	-4.490390	0.376871
2.252151	-4.493290	0.349681
2.252211	-4.500470	0.355431
2.252241	-4.500279	0.357801
2.252251	-4.502240	0.358261
2.252281	-4.470080	0.352591
2.252291	-4.511040	0.367371
2.252321	-4.505579	0.367481
2.252331	-4.500520	0.359731
2.252331	-4.492680	0.347921
2.252381	-4.497759	0.373011
2.252391	-4.472950	0.351611
2.252421	-4.479120	0.348591
2.252421	-4.472950	0.348771
2.252421	-4.470600	0.354271
2.252461	-4.471100	0.367941
2.252481	-4.509160	0.367051
2.252491	-4.499060	0.354061
2.252511	-4.497859	0.352731
2.252531	-4.502379	0.368131
2.252561	-4.507689	0.369751
2.252591	-4.489810	0.345261
2.252601	-4.482629	0.349361
2.252641	-4.500810	0.352711
2.252661	-4.491590	0.345611
2.252671	-4.470530	0.358751
2.252701	-4.502120	0.361491
2.252711	-4.495279	0.349411
2.252711	-4.481030	0.344701
2.252741	-4.486519	0.350171
2.252741	-4.472250	0.353181
2.252781	-4.509910	0.368791
2.252791	-4.487650	0.344951
2.252841	-4.470460	0.357041
2.252871	-4.502540	0.360061
2.252901	-4.499479	0.351461
2.252911	-4.501830	0.371691
2.252911	-4.470960	0.369551
2.252951	-4.500569	0.374461
2.252981	-4.501800	0.369971
2.252981	-4.496440	0.351111
2.252981	-4.480100	0.349681
2.252981	-4.476770	0.349471
2.252991	-4.499350	0.356501
2.253061	-4.490590	0.347001
2.253091	-4.501760	0.373371
2.253121	-4.501570	0.376941
2.253121	-4.490300	0.381120
2.253161	-4.472710	0.350311
2.253161	-4.469200	0.358021
2.253191	-4.474390	0.348701
2.253231	-4.500470	0.370951
2.253231	-4.485670	0.379510
2.253241	-4.503550	0.363021
2.253311	-4.496369	0.352771
2.253331	-4.494860	0.351561
2.253371	-4.469730	0.361421
2.253441	-4.503270	0.371131
2.253441	-4.474920	0.350411
2.253471	-4.484620	0.349331
2.253491	-4.506509	0.366891
2.253551	-4.474880	0.352061
2.253621	-4.502709	0.379051
2.253621	-4.498680	0.374771
2.253651	-4.478700	0.349471
2.253651	-4.473620	0.372981
2.253661	-4.492509	0.346731
2.253701	-4.488770	0.345451
2.253781	-4.497620	0.351581
2.253821	-4.508719	0.368381
2.253831	-4.484900	0.381151
2.253901	-4.498390	0.355191
2.253901	-4.476460	0.350971
2.253971	-4.488340	0.351181
2.254031	-4.509669	0.367011
2.254061	-4.507909	0.366661
2.254061	-4.500700	0.355441
2.254071	-4.483220	0.349121
2.254111	-4.500150	0.368461
2.254111	-4.471170	0.355711
2.254151	-4.500179	0.357661
2.254211	-4.494569	0.348951
2.254211	-4.488720	0.381361
2.254211	-4.473480	0.354131
2.254251	-4.501770	0.358871
2.254291	-4.497079	0.353941
2.254321	-4.495560	0.373261
2.254321	-4.471730	0.360791
2.254321	-4.469410	0.354971
2.254341	-4.490600	0.345811
2.254361	-4.495760	0.350201
2.254391	-4.498960	0.372911
2.254391	-4.470500	0.357281
2.254421	-4.470460	0.353881
2.254471	-4.503349	0.365091
2.254491	-4.503300	0.360011
2.254631	-4.498889	0.380871
2.254631	-4.473899	0.355781
2.254671	-4.497700	0.373901
2.254771	-4.506030	0.365771
2.254811	-4.500500	0.372351
2.254811	-4.472110	0.370951
2.254811	-4.469240	0.358261
2.254841	-4.489710	0.377861
2.254841	-4.470320	0.366291
2.254881	-4.502250	0.377611
2.254881	-4.499090	0.356361
2.254881	-4.472110	0.354481
2.254911	-4.478280	0.348631
2.254911	-4.474390	0.373931
2.254981	-4.496120	0.352641
2.255011	-4.492900	0.347691
2.255021	-4.477719	0.351991
2.255041	-4.503450	0.362441
2.255051	-4.484479	0.380311
2.255051	-4.480000	0.350411
2.255121	-4.494190	0.372981
2.255121	-4.475410	0.375091
2.255121	-4.474880	0.350621
2.255151	-4.504880	0.364711
2.255161	-4.489570	0.380061
2.255161	-4.479960	0.348701
2.255191	-4.473420	0.349621
2.255221	-4.506730	0.368771
2.255261	-4.474279	0.352271
2.255261	-4.469659	0.362151
2.255291	-4.495699	0.374861
2.255301	-4.498680	0.370991
2.255301	-4.482770	0.380131
2.255311	-4.502470	0.361261
2.255331	-4.477160	0.349611
2.255391	-4.491380	0.346961
2.255401	-4.475930	0.351781
2.255421	-4.504670	0.370311
2.255441	-4.497420	0.372561
2.255441	-4.486760	0.350201
2.255471	-4.486130	0.379751
2.255471	-4.470709	0.359351
2.255471	-4.470110	0.355921
2.255541	-4.494860	0.351371
2.255541	-4.469550	0.364361
2.255591	-4.507490	0.367391
2.255611	-4.482729	0.349361
2.255651	-4.487710	0.380411
2.255681	-4.475230	0.353391
2.255751	-4.484310	0.349431
2.255821	-4.481500	0.379361
2.255871	-4.501440	0.359971
2.255871	-4.499189	0.354491
2.255901	-4.489970	0.346571
2.255921	-4.502870	0.363701
2.255931	-4.471200	0.361001
2.256001	-4.488130	0.378661
2.256021	-4.496880	0.353801
2.256071	-4.496079	0.371791
2.256081	-4.491930	0.348901
2.256171	-4.488720	0.351921
2.256241	-4.503689	0.364931
2.256281	-4.498849	0.367381
2.256311	-4.500100	0.358711
2.256351	-4.497140	0.370671
2.256381	-4.471060	0.356931
2.256421	-4.470389	0.365941
2.256451	-4.497399	0.352271
2.256451	-4.472710	0.370641
2.256491	-4.505280	0.369011
2.256561	-4.489669	0.353041
2.256611	-4.503230	0.367431
2.256661	-4.491059	0.378331
2.256661	-4.474390	0.350871
2.256661	-4.470320	0.362501
2.256691	-4.497300	0.356241
2.256721	-4.505000	0.367341
2.256731	-4.473200	0.357001
2.256731	-4.472040	0.355251
2.256771	-4.495930	0.348721
2.256781	-4.503990	0.363061
2.256801	-4.477650	0.350481
2.256831	-4.498340	0.372741
2.256831	-4.490880	0.347591
2.256871	-4.499619	0.355681
2.256871	-4.479400	0.350591
2.256941	-4.478180	0.377191
2.256971	-4.503399	0.369911
2.257011	-4.480519	0.349501
2.257011	-4.473690	0.355291
2.257011	-4.470180	0.360721
2.257031	-4.492940	0.375981
2.257051	-4.482210	0.349611
2.257121	-4.477540	0.352131
2.257151	-4.484940	0.378771
2.257191	-4.496819	0.369341
2.257221	-4.496819	0.362471
2.257221	-4.475930	0.352551
2.257241	-4.503769	0.366081
2.257301	-4.486619	0.378281
2.257301	-4.483780	0.349681
2.257301	-4.476950	0.375331
2.257331	-4.488860	0.376731
2.257331	-4.474670	0.356411
2.257351	-4.502230	0.368651
2.257381	-4.499350	0.357401
2.257401	-4.483220	0.378591
2.257401	-4.475230	0.374601
2.257421	-4.502060	0.359651
2.257441	-4.486060	0.350341
2.257471	-4.497910	0.368221
2.257471	-4.494440	0.371371
2.257471	-4.487669	0.351611
2.257481	-4.494589	0.352461
2.257541	-4.475230	0.354721
2.257611	-4.495560	0.370291
2.257611	-4.470009	0.363981
2.257681	-4.472320	0.359041
2.257701	-4.503940	0.368631
2.257721	-4.502770	0.362301
2.257751	-4.479680	0.377721
2.257771	-4.488500	0.347561
2.257771	-4.486619	0.347611
2.257791	-4.496440	0.354921
2.257831	-4.498630	0.354601
2.257841	-4.490090	0.350041
2.257871	-4.493199	0.351201
2.257891	-4.472220	0.369761
2.257921	-4.491700	0.348721
2.257961	-4.497729	0.365241
2.258001	-4.487430	0.377051
2.258001	-4.473340	0.370951
2.258031	-4.478980	0.351471
2.258031	-4.472180	0.361211
2.258031	-4.471060	0.356621
2.258071	-4.501370	0.361041
2.258071	-4.484660	0.350691
2.258101	-4.502950	0.364781
2.258141	-4.475650	0.357461
2.258171	-4.470430	0.366181
2.258191	-4.494120	0.349741
2.258211	-4.473300	0.356721
2.258211	-4.472110	0.367411
2.258261	-4.499910	0.359831
2.258281	-4.476630	0.355251
2.258311	-4.497320	0.353581
2.258361	-4.501949	0.365891
2.258371	-4.495309	0.350781
2.258421	-4.471450	0.365061
2.258451	-4.478809	0.376351
2.258481	-4.501540	0.364101
2.258521	-4.498900	0.356441
2.258521	-4.495349	0.353621
2.258521	-4.486240	0.351851
2.258581	-4.472240	0.357811
2.258591	-4.481150	0.350381
2.258631	-4.494609	0.359211
2.258661	-4.492960	0.371621
2.258661	-4.477610	0.354091
2.258701	-4.481080	0.377051
2.258731	-4.483260	0.377751
2.258731	-4.476460	0.352871
2.258741	-4.489240	0.348731
2.258801	-4.496890	0.363311
2.258801	-4.473090	0.363381
2.258841	-4.476910	0.373861
2.258871	-4.471310	0.362121
2.258911	-4.478700	0.352971
2.258941	-4.474140	0.353811
2.258981	-4.493350	0.357911
2.259011	-4.498980	0.358521
2.259051	-4.495070	0.369411
2.259051	-4.470709	0.363771
2.259081	-4.483190	0.350411
2.259081	-4.472390	0.359881
2.259081	-4.471830	0.368921
2.259111	-4.487590	0.348731
2.259151	-4.476840	0.356761
2.259161	-4.502180	0.362171
2.259191	-4.475269	0.371971
2.259231	-4.497520	0.356011
2.259261	-4.492230	0.356651
2.259261	-4.488760	0.353011
2.259261	-4.487640	0.351821
2.259261	-4.486010	0.347511
2.259261	-4.474640	0.355501
2.259351	-4.500850	0.362991
2.259361	-4.496679	0.366611
2.259361	-4.491040	0.355431
2.259371	-4.492630	0.349991
2.259431	-4.495520	0.360821
2.259441	-4.501150	0.368521
2.259461	-4.497710	0.369101
2.259531	-4.493960	0.351031
2.259541	-4.500599	0.365511
2.259571	-4.473370	0.369481
2.259611	-4.475720	0.354341
2.259641	-4.479650	0.350621
2.259641	-4.473370	0.358161
2.259651	-4.482950	0.375981
2.259661	-4.491479	0.351111
2.259711	-4.480169	0.375611
2.259711	-4.477820	0.355601
2.259711	-4.474500	0.357071
2.259751	-4.472180	0.364291
2.259761	-4.496260	0.354751
2.259781	-4.495910	0.368181
2.259781	-4.472740	0.361491
2.259821	-4.485180	0.376521
2.259821	-4.478350	0.374321
2.259851	-4.492579	0.370781
2.259851	-4.489780	0.354091
2.259851	-4.486800	0.376071
2.259851	-4.473830	0.359841
2.259851	-4.472110	0.365941
2.259851	-4.472110	0.367661
2.259921	-4.487430	0.353921
2.259921	-4.485750	0.352131
2.259921	-4.482870	0.351921
2.259961	-4.479539	0.352271
2.260101	-4.476490	0.373021
2.260131	-4.494090	0.359461
2.260131	-4.474320	0.370571
2.260141	-4.494900	0.353491
2.260171	-4.490280	0.349821
2.260241	-4.497470	0.370731
2.260241	-4.495769	0.364081
2.260251	-4.499430	0.369151
2.260261	-4.493320	0.353501
2.260291	-4.499450	0.367431
2.260381	-4.481080	0.351711
2.260381	-4.479960	0.356761
2.260381	-4.477019	0.357671
2.260391	-4.499869	0.364401
2.260411	-4.491210	0.358051
2.260431	-4.499420	0.360131
2.260441	-4.503100	0.363291
2.260491	-4.497479	0.367331
2.260521	-4.475410	0.355851
2.260541	-4.480620	0.372651
2.260551	-4.478110	0.373021
2.260621	-4.495629	0.365691
2.260621	-4.493909	0.368991
2.260621	-4.492790	0.358681
2.260651	-4.501690	0.362041
2.260691	-4.475340	0.359211
2.260871	-4.483679	0.375051
2.260901	-4.497859	0.356691
2.260901	-4.494440	0.361031
2.260901	-4.473480	0.364121
2.260961	-4.499780	0.361971
2.260981	-4.489950	0.356161
2.260981	-4.487570	0.375301
2.261051	-4.484800	0.351851
2.261081	-4.483610	0.352871
2.261191	-4.486380	0.353601
2.261191	-4.481360	0.375401
2.261261	-4.494860	0.367241
2.261261	-4.491530	0.356791
2.261261	-4.476699	0.371651
2.261301	-4.496720	0.355001
2.261331	-4.488020	0.354271
2.261341	-4.499189	0.365661
2.261351	-4.492710	0.352191
2.261401	-4.494820	0.364361
2.261401	-4.475090	0.357351
2.261401	-4.472220	0.361701
2.261431	-4.494820	0.362651
2.261431	-4.477230	0.360331
2.261471	-4.488580	0.356551
2.261491	-4.491280	0.350941
2.261501	-4.480169	0.355391
2.261531	-4.494309	0.352271
2.261571	-4.472150	0.365031
2.261601	-4.476880	0.354411
2.261641	-4.473230	0.360021
2.261681	-4.474990	0.371441
2.261681	-4.473790	0.361731
2.261691	-4.496870	0.368651
2.261741	-4.497230	0.363841
2.261751	-4.480070	0.351961
2.261781	-4.477120	0.358541
2.261781	-4.476560	0.356231
2.261791	-4.499610	0.363871
2.261821	-4.493490	0.368181
2.261821	-4.486760	0.355221
2.261851	-4.485040	0.353391
2.261891	-4.483329	0.354411
2.261891	-4.474920	0.369691
2.261891	-4.472600	0.363311
2.261961	-4.474350	0.365661
2.261991	-4.492300	0.369161
2.261991	-4.482170	0.353181
2.261991	-4.475370	0.360651
2.262001	-4.488080	0.349721
2.262031	-4.481639	0.374111
2.262061	-4.474320	0.367901
2.262081	-4.498459	0.358471
2.262131	-4.481080	0.356481
2.262141	-4.499760	0.356951
2.262201	-4.493390	0.361281
2.262201	-4.492230	0.359491
2.262201	-4.478769	0.356861
2.262211	-4.494790	0.354571
2.262261	-4.493400	0.353321
2.262311	-4.493350	0.364641
2.262311	-4.475269	0.363421
2.262341	-4.494470	0.365871
2.262381	-4.473579	0.364401
2.262451	-4.480980	0.354131
2.262551	-4.478630	0.360751
2.262581	-4.496120	0.367541
2.262621	-4.479850	0.374091
2.262661	-4.492050	0.366181
2.262731	-4.496530	0.356921
2.262731	-4.492610	0.362821
2.262731	-4.491000	0.369511
2.262831	-4.498529	0.362831
2.262851	-4.492290	0.352061
2.262851	-4.476369	0.359401
2.262861	-4.505060	0.379791
2.262901	-4.485779	0.356061
2.262911	-4.498150	0.361041
2.262941	-4.488090	0.356791
2.262941	-4.488060	0.355071
2.262941	-4.476699	0.370741
2.262991	-4.483600	0.351241
2.263001	-4.478820	0.372421
2.263011	-4.485750	0.354341
2.263071	-4.478730	0.369301
2.263111	-4.498000	0.364781
2.263111	-4.477890	0.359461
2.263111	-4.475480	0.362121
2.263151	-4.490270	0.358581
2.263151	-4.484590	0.374071
2.263181	-4.491419	0.364891
2.263221	-4.497200	0.358691
2.263221	-4.482310	0.355221
2.263251	-4.489710	0.356831
2.263251	-4.487950	0.358401
2.263251	-4.477230	0.357141
2.263291	-4.491840	0.367761
2.263291	-4.481620	0.351141
2.263321	-4.475410	0.368321
2.263361	-4.497280	0.355651
2.263361	-4.483990	0.354721
2.263391	-4.481639	0.373261
2.263391	-4.481540	0.352811
2.263431	-4.478030	0.362981
2.263431	-4.473830	0.367031
2.263461	-4.477160	0.361031
2.263471	-4.485119	0.352961
2.263491	-4.493320	0.368611
2.263561	-4.477500	0.367631
2.263571	-4.493490	0.366111
2.263571	-4.489040	0.359561
2.263571	-4.486730	0.357141
2.263601	-4.496830	0.366211
2.263601	-4.491280	0.363101
2.263641	-4.494350	0.355701
2.263641	-4.489930	0.354861
2.263641	-4.479960	0.357251
2.263641	-4.479960	0.360051
2.263671	-4.474320	0.363071
2.263681	-4.491020	0.352011
2.263701	-4.477290	0.364471
2.263771	-4.489420	0.350801
2.263781	-4.494700	0.367791
2.263851	-4.475230	0.366501
2.263881	-4.485429	0.358121
2.263881	-4.482100	0.356761
2.263891	-4.476660	0.365971
2.263921	-4.489990	0.361841
2.263921	-4.488900	0.362891
2.263921	-4.475830	0.363701
2.263931	-4.474450	0.359221
2.263991	-4.495120	0.357801
2.263991	-4.484830	0.360891
2.264061	-4.478740	0.361031
2.264131	-4.487040	0.362721
2.264181	-4.496990	0.362481
2.264231	-4.490480	0.367451
2.264231	-4.476280	0.369301
2.264271	-4.481240	0.354431
2.264281	-4.494770	0.363541
2.264281	-4.494740	0.365221
2.264301	-4.478030	0.370571
2.264341	-4.482490	0.360091
2.264341	-4.480650	0.358481
2.264341	-4.479190	0.363281
2.264341	-4.474570	0.364641
2.264351	-4.496660	0.364401
2.264361	-4.486509	0.352961
2.264381	-4.483190	0.352811
2.264411	-4.490410	0.365171
2.264411	-4.489810	0.370221
2.264411	-4.483640	0.359041
2.264411	-4.482450	0.371971
2.264411	-4.481330	0.361701
2.264441	-4.485220	0.356301
2.264551	-4.480800	0.372391
2.264581	-4.486380	0.360861
2.264581	-4.486340	0.373901
2.264651	-4.486869	0.358611
2.264651	-4.484059	0.373161
2.264741	-4.492430	0.370041
2.264781	-4.486370	0.354621
2.264781	-4.479060	0.369281
2.264791	-4.489590	0.356481
2.264801	-4.489140	0.366111
2.264811	-4.495240	0.360891
2.264861	-4.484710	0.354531
2.264961	-4.487940	0.354711
2.264971	-4.488550	0.367761
2.264971	-4.487990	0.360891
2.264971	-4.480660	0.360401
2.265011	-4.478420	0.367661
2.265041	-4.489600	0.363841
2.265041	-4.487950	0.364291
2.265081	-4.482240	0.362751
2.265111	-4.485610	0.363001
2.265111	-4.478470	0.359841
2.265171	-4.480960	0.356051
2.265181	-4.480589	0.363211
2.265231	-4.487820	0.356371
2.265251	-4.489530	0.368881
2.265251	-4.481639	0.357601
2.265291	-4.487850	0.373301
2.265311	-4.482810	0.356141
2.265361	-4.491149	0.359911
2.265361	-4.479370	0.357981
2.265371	-4.477510	0.366031
2.265391	-4.475340	0.366751
2.265401	-4.477650	0.361341
2.265431	-4.483290	0.357671
2.265431	-4.480980	0.371091
2.265481	-4.475530	0.364261
2.265531	-4.486030	0.359531
2.265551	-4.492960	0.361671
2.265571	-4.492829	0.366741
2.265571	-4.484310	0.364501
2.265581	-4.477040	0.364411
2.265591	-4.492879	0.365061
2.265601	-4.487150	0.362431
2.265601	-4.482070	0.364331
2.265621	-4.489299	0.358091
2.265641	-4.477580	0.369131
2.265691	-4.476780	0.362831
2.265711	-4.487110	0.365801
2.265741	-4.484409	0.356191
2.265741	-4.483709	0.360471
2.265851	-4.487620	0.358001
2.265851	-4.483679	0.362121
2.265851	-4.481959	0.360891
2.265851	-4.481430	0.359141
2.265901	-4.490980	0.361531
2.265931	-4.481460	0.353841
2.266001	-4.485819	0.352631
2.266091	-4.485849	0.361661
2.266091	-4.476840	0.367271
2.266131	-4.479120	0.364011
2.266141	-4.485940	0.356231
2.266151	-4.490580	0.371651
2.266161	-4.480250	0.369381
2.266231	-4.489180	0.372631
2.266231	-4.489090	0.359751
2.266251	-4.490820	0.363201
2.266301	-4.487530	0.367411
2.266441	-4.485710	0.365551
2.266501	-4.479819	0.355251
2.266511	-4.483429	0.363701
2.266521	-4.492660	0.363291
2.266531	-4.491479	0.369641
2.266551	-4.483429	0.365381
2.266551	-4.482310	0.371511
2.266621	-4.485640	0.367201
2.266631	-4.480360	0.362681
2.266651	-4.488510	0.370251
2.266651	-4.484450	0.372211
2.266671	-4.487330	0.359621
2.266691	-4.486169	0.372911
2.266741	-4.479100	0.356741
2.266791	-4.483329	0.370431
2.266831	-4.481080	0.365171
2.266841	-4.490570	0.366541
2.266861	-4.490620	0.364861
2.266871	-4.478650	0.359821
2.266891	-4.485670	0.357851
2.266911	-4.482360	0.357671
2.266961	-4.492040	0.371411
2.267061	-4.478020	0.361351
2.267091	-4.477820	0.364471
2.267151	-4.477750	0.362891
2.267161	-4.490439	0.368211
2.267171	-4.481860	0.369491
2.267181	-4.477540	0.366011
2.267211	-4.488680	0.364721
2.267261	-4.488709	0.363041
2.267281	-4.487740	0.368921
2.267381	-4.482170	0.359331
2.267461	-4.488200	0.372881
2.267501	-4.482100	0.361011
2.267531	-4.481999	0.366221
2.267691	-4.479900	0.369361
2.267711	-4.484690	0.369721
2.267731	-4.480410	0.367781
2.267751	-4.490190	0.371541
2.267811	-4.488619	0.361321
2.267821	-4.483660	0.362771
2.267831	-4.480620	0.355271
2.267851	-4.488460	0.366381
2.267881	-4.486869	0.364621
2.267881	-4.485750	0.368671
2.267921	-4.486970	0.361231
2.267951	-4.484620	0.371411
2.267951	-4.483470	0.366221
2.267971	-4.486890	0.362901
2.268001	-4.481860	0.364351
2.268121	-4.479770	0.358341
2.268141	-4.490140	0.369821
2.268141	-4.479430	0.363001
2.268151	-4.479509	0.361461
2.268161	-4.479539	0.359881
2.268191	-4.487950	0.371021
2.268191	-4.481870	0.362671
2.268201	-4.479530	0.356761
2.268201	-4.479230	0.364541
2.268241	-4.479100	0.366111
2.268371	-4.485099	0.364481
2.268441	-4.489570	0.367491
2.268621	-4.486100	0.371371
2.268671	-4.483390	0.364381
2.268711	-4.482420	0.356991
2.268741	-4.486670	0.369871
2.268751	-4.486569	0.366231
2.268831	-4.488349	0.365211
2.268831	-4.483190	0.369411
2.268891	-4.481530	0.367881
2.268971	-4.481500	0.369831
2.269111	-4.484860	0.366101
2.269211	-4.484729	0.369441
2.269231	-4.480940	0.358411
2.269271	-4.480760	0.359981
2.269471	-4.488830	0.370121
2.269601	-4.483090	0.366001
2.269661	-4.479640	0.361431
2.269801	-4.486240	0.367811
2.269881	-4.483510	0.368031
2.269921	-4.487590	0.368471
2.270241	-4.486070	0.369481
2.270471	-4.485950	0.371151
2.270511	-4.481929	0.366321
2.270571	-4.481900	0.361621
2.270581	-4.481979	0.360051
2.270811	-4.481180	0.363121
2.270851	-4.481050	0.364661
2.271191	-4.484970	0.368131
2.271601	-4.483820	0.366431
2.272061	-4.482659	0.364771
2.272171	-4.486660	0.368241
2.272421	-4.481750	0.363141
2.272731	-4.485209	0.366541
2.284891	-4.522410	0.373971
2.285091	-4.520569	0.373051
2.285521	-4.524240	0.374331
2.285621	-4.520399	0.371221
2.285651	-4.525600	0.373481
2.285681	-4.521860	0.371631
2.285731	-4.523879	0.376251
2.286121	-4.522980	0.377641
2.286501	-4.523460	0.372621
2.286601	-4.525209	0.376041
2.286701	-4.521820	0.380921
2.286751	-4.516180	0.370711
2.286871	-4.524610	0.377401
2.287041	-4.515270	0.367761
2.287231	-4.520659	0.382381
2.287261	-4.519649	0.371421
2.287281	-4.517700	0.369851
2.287291	-4.522290	0.382721
2.287291	-4.517499	0.366801
2.287411	-4.524720	0.373671
2.287411	-4.523519	0.379461
2.287441	-4.514400	0.369791
2.287661	-4.516699	0.368191
2.287971	-4.523210	0.373351
2.288131	-4.524819	0.379251
2.288181	-4.520259	0.384941
2.288241	-4.523250	0.381361
2.288251	-4.520880	0.372471
2.288371	-4.525670	0.377281
2.288401	-4.518149	0.365511
2.288471	-4.516459	0.369471
2.288831	-4.519030	0.367841
2.288861	-4.520239	0.362721
2.288891	-4.517399	0.371201
2.288941	-4.516850	0.366971
2.288951	-4.523250	0.364701
2.288961	-4.524519	0.380561
2.288961	-4.523990	0.374471
2.288981	-4.518899	0.370951
2.289031	-4.525519	0.374851
2.289051	-4.521409	0.384181
2.289061	-4.523340	0.369041
2.289071	-4.521329	0.364391
2.289141	-4.519670	0.364671
2.289331	-4.522160	0.382841
2.289361	-4.517370	0.364431
2.289401	-4.525440	0.366851
2.289401	-4.524859	0.378061
2.289431	-4.525650	0.369901
2.289471	-4.522509	0.371661
2.289471	-4.520880	0.370651
2.289491	-4.522089	0.366761
2.289571	-4.523899	0.370811
2.289641	-4.520269	0.368931
2.289661	-4.525189	0.371851
2.289681	-4.523739	0.372701
2.289681	-4.523029	0.384540
2.289721	-4.525249	0.376221
2.289731	-4.519899	0.366511
2.289911	-4.517840	0.366201
2.289961	-4.524179	0.367681
2.289991	-4.523640	0.381371
2.290011	-4.523729	0.363441
2.290011	-4.517960	0.369911
2.290011	-4.517779	0.368091
2.290101	-4.520569	0.386851
2.290211	-4.521669	0.362531
2.290251	-4.524419	0.379401
2.290341	-4.525290	0.373691
2.290481	-4.492610	0.375191
2.290611	-4.522520	0.385911
2.290671	-4.526289	0.375391
2.290751	-4.523429	0.383281
2.290831	-4.524370	0.377391
2.290841	-4.492469	0.378491
2.290851	-4.525010	0.365731
2.290851	-4.523349	0.364791
2.290911	-4.491910	0.381261
2.290921	-4.526679	0.369181
2.291191	-4.517939	0.387941
2.291291	-4.526020	0.372361
2.291571	-4.492190	0.383391
2.291621	-4.525070	0.376041
2.291631	-4.524769	0.367031
2.291721	-4.524059	0.380731
2.291891	-4.526110	0.370521
2.291931	-4.525869	0.368111
2.291971	-4.522150	0.384790
2.292081	-4.523630	0.382280
2.292151	-4.520370	0.388191
2.292161	-4.521959	0.382331
2.292191	-4.521560	0.363251
2.292201	-4.525559	0.374731
2.292201	-4.525360	0.379711
2.292241	-4.492509	0.377651
2.292311	-4.521460	0.386781
2.292351	-4.524000	0.378491
2.292361	-4.525149	0.373171
2.292391	-4.522719	0.364921
2.292831	-4.518809	0.389081
2.292841	-4.521540	0.383681
2.292971	-4.492230	0.379151
2.293001	-4.524280	0.383411
2.293041	-4.492230	0.384201
2.293091	-4.524650	0.377141
2.293131	-4.520709	0.362171
2.293161	-4.526519	0.369601
2.293251	-4.492159	0.380761
2.293281	-4.525350	0.363411
2.293311	-4.526000	0.371221
2.293361	-4.522980	0.380931
2.293551	-4.520110	0.387661
2.293571	-4.492050	0.371161
2.293611	-4.523250	0.367961
2.293621	-4.526229	0.361331
2.293731	-4.524720	0.368341
2.293811	-4.522220	0.361341
2.293841	-4.522509	0.366241
2.293841	-4.520989	0.365861
2.293891	-4.529059	0.365201
2.293891	-4.520709	0.364041
2.293911	-4.523899	0.363541
2.293931	-4.527369	0.365491
2.293941	-4.523550	0.360531
2.293951	-4.525710	0.365111
2.293951	-4.524740	0.375761
2.294021	-4.491879	0.376101
2.294081	-4.526110	0.374941
2.294111	-4.523600	0.379581
2.294141	-4.526760	0.363731
2.294161	-4.527080	0.368001
2.294221	-4.521739	0.384631
2.294221	-4.519889	0.385220
2.294231	-4.492330	0.382271
2.294331	-4.521949	0.382111
2.294361	-4.527639	0.362361
2.294371	-4.527500	0.360531
2.294371	-4.527420	0.370721
2.294491	-4.524469	0.366571
2.294571	-4.521930	0.387110
2.294581	-4.518579	0.387211
2.294601	-4.526110	0.370021
2.294671	-4.517519	0.389981
2.294731	-4.521820	0.363281
2.294731	-4.518899	0.389131
2.294731	-4.492680	0.377721
2.294871	-4.492650	0.383851
2.294961	-4.524960	0.363271
2.294971	-4.528289	0.366611
2.295081	-4.510350	0.390231
2.295171	-4.526669	0.366931
2.295191	-4.520629	0.388331
2.295291	-4.494330	0.371551
2.295321	-4.528729	0.361621
2.295331	-4.528910	0.364041
2.295331	-4.520959	0.383321
2.295431	-4.523290	0.380371
2.295481	-4.526430	0.359491
2.295511	-4.519330	0.385851
2.295541	-4.526669	0.373121
2.295611	-4.517819	0.388391
2.295641	-4.491840	0.366261
2.295711	-4.492330	0.379711
2.295711	-4.492330	0.382521
2.295841	-4.525119	0.375651
2.295861	-4.527329	0.364361
2.295921	-4.492260	0.369581
2.296021	-4.491180	0.375091
2.296051	-4.498020	0.364081
2.296091	-4.509960	0.392790
2.296111	-4.527289	0.369331
2.296131	-4.521629	0.381970
2.296251	-4.527309	0.371771
2.296301	-4.493980	0.369621
2.296391	-4.528069	0.366041
2.296471	-4.518449	0.389521
2.296491	-4.516329	0.389650
2.296551	-4.518750	0.384511
2.296621	-4.492020	0.378381
2.296671	-4.518720	0.386991
2.296711	-4.523189	0.379221
2.296831	-4.509719	0.390931
2.296881	-4.524119	0.378051
2.297041	-4.517380	0.388261
2.297081	-4.526460	0.366761
2.297101	-4.526299	0.370501
2.297111	-4.520700	0.383151
2.297211	-4.493670	0.368291
2.297211	-4.491280	0.365341
2.297321	-4.492370	0.382731
2.297331	-4.526390	0.372951
2.297391	-4.490690	0.363591
2.297451	-4.517799	0.385691
2.297491	-4.526879	0.364231
2.297511	-4.522789	0.380541
2.297521	-4.526539	0.360801
2.297531	-4.528279	0.361141
2.297561	-4.524710	0.359221
2.297561	-4.492300	0.369791
2.297601	-4.526869	0.368741
2.297601	-4.509930	0.389071
2.297741	-4.490580	0.373541
2.297771	-4.493460	0.372071
2.297811	-4.520700	0.381501
2.297811	-4.492819	0.362541
2.297911	-4.492159	0.366361
2.297931	-4.526549	0.374371
2.297941	-4.525000	0.374621
2.297941	-4.518020	0.389391
2.297951	-4.514239	0.389401
2.297981	-4.512630	0.388651
2.298021	-4.492119	0.377511
2.298041	-4.527500	0.366201
2.298051	-4.496870	0.362391
2.298081	-4.515500	0.386731
2.298091	-4.509749	0.391770
2.298091	-4.490970	0.370711
2.298111	-4.516290	0.388210
2.298121	-4.490970	0.375191
2.298231	-4.504950	0.389671
2.298271	-4.525239	0.376651
2.298291	-4.495800	0.371691
2.298321	-4.524380	0.378431
2.298381	-4.526100	0.359021
2.298441	-4.519270	0.382371
2.298441	-4.501870	0.390511
2.298451	-4.528160	0.364261
2.298471	-4.527629	0.358801
2.298481	-4.493700	0.370291
2.298651	-4.491879	0.380731
2.298721	-4.493110	0.367381
2.298831	-4.516970	0.385601
2.298851	-4.523149	0.379291
2.298891	-4.526309	0.362871
2.298961	-4.520659	0.382981
2.298971	-4.503439	0.389981
2.298981	-4.527850	0.369021
2.298991	-4.522220	0.381671
2.299071	-4.509399	0.390401
2.299111	-4.510490	0.388791
2.299191	-4.526420	0.365321
2.299251	-4.491670	0.378911
2.299281	-4.491670	0.369971
2.299351	-4.492890	0.365551
2.299351	-4.492260	0.371651
2.299351	-4.490510	0.374321
2.299361	-4.526460	0.367801
2.299391	-4.490510	0.371511
2.299411	-4.515479	0.384911
2.299421	-4.513750	0.389561
2.299471	-4.528200	0.360591
2.299491	-4.526229	0.375251
2.299581	-4.497420	0.362401
2.299621	-4.518199	0.383841
2.299741	-4.491530	0.362051
2.299771	-4.492090	0.382201
2.299771	-4.491490	0.363701
2.299841	-4.527369	0.361951
2.299871	-4.527130	0.359531
2.299881	-4.493209	0.363241
2.299901	-4.496480	0.363901
2.299911	-4.492050	0.383811
2.299951	-4.491419	0.375931
2.299971	-4.527349	0.366291
2.299981	-4.499619	0.390021
2.300001	-4.525370	0.376491
2.300021	-4.512939	0.388231
2.300071	-4.495930	0.365391
2.300121	-4.525609	0.361521
2.300131	-4.524879	0.379001
2.300221	-4.495299	0.368471
2.300281	-4.525829	0.373951
2.300311	-4.513380	0.385901
2.300331	-4.490160	0.372981
2.300371	-4.493000	0.368151
2.300401	-4.522799	0.380021
2.300421	-4.526529	0.368901
2.300581	-4.495240	0.388970
2.300651	-4.525909	0.363961
2.300651	-4.498290	0.378131
2.300701	-4.493740	0.376191
2.300721	-4.504039	0.388511
2.300781	-4.527180	0.367561
2.300851	-4.511149	0.395670
2.300871	-4.524670	0.358991
2.300941	-4.493320	0.369871
2.300991	-4.525600	0.377651
2.301011	-4.527569	0.360721
2.301021	-4.492910	0.372951
2.301031	-4.492300	0.366291
2.301071	-4.497769	0.362421
2.301081	-4.492839	0.371411
2.301091	-4.521409	0.384591
2.301111	-4.492640	0.374491
2.301141	-4.522419	0.381451
2.301141	-4.514669	0.385731
2.301141	-4.491630	0.379611
2.301161	-4.511900	0.394291
2.301171	-4.525939	0.372631
2.301181	-4.516190	0.384850
2.301241	-4.512489	0.387390
2.301241	-4.509679	0.387701
2.301311	-4.497910	0.389601
2.301351	-4.500290	0.388651
2.301411	-4.526400	0.366361
2.301411	-4.526350	0.376371
2.301411	-4.523409	0.377471
2.301421	-4.519050	0.384031
2.301441	-4.527560	0.373701
2.301511	-4.496410	0.363871
2.301541	-4.527219	0.371921
2.301551	-4.512209	0.389901
2.301601	-4.524429	0.379171
2.301611	-4.508860	0.391060
2.301661	-4.497170	0.388331
2.301661	-4.491460	0.375581
2.301701	-4.492020	0.382900
2.301911	-4.526659	0.370021
2.301911	-4.493000	0.385711
2.301921	-4.521389	0.382671
2.301921	-4.499139	0.376611
2.301941	-4.511380	0.391921
2.301971	-4.525450	0.360121
2.301971	-4.511730	0.396860
2.301981	-4.490130	0.370951
2.302031	-4.525699	0.367841
2.302051	-4.515639	0.390821
2.302051	-4.498889	0.388371
2.302051	-4.494520	0.374631
2.302091	-4.508279	0.387420
2.302091	-4.505400	0.386661
2.302101	-4.526559	0.374991
2.302101	-4.494700	0.365281
2.302161	-4.501659	0.388021
2.302191	-4.494420	0.366821
2.302261	-4.491840	0.372141
2.302291	-4.493960	0.371471
2.302311	-4.493909	0.373011
2.302331	-4.492330	0.363801
2.302331	-4.491210	0.378771
2.302361	-4.493869	0.368311
2.302441	-4.497470	0.381181
2.302441	-4.492859	0.362151
2.302451	-4.525469	0.377181
2.302471	-4.513780	0.388901
2.302471	-4.495140	0.387461
2.302471	-4.491740	0.381011
2.302511	-4.492819	0.366611
2.302511	-4.492230	0.384411
2.302541	-4.527200	0.368711
2.302561	-4.512569	0.395390
2.302561	-4.492920	0.379251
2.302581	-4.499869	0.387211
2.302591	-4.527589	0.365091
2.302591	-4.518189	0.385201
2.302601	-4.527690	0.366941
2.302641	-4.523650	0.380011
2.302651	-4.503890	0.389421
2.302651	-4.497010	0.379561
2.302711	-4.506909	0.389321
2.302721	-4.511099	0.394181
2.302721	-4.492910	0.377571
2.302791	-4.525290	0.378701
2.302881	-4.496500	0.374821
2.302891	-4.496749	0.387491
2.302901	-4.524759	0.358821
2.302921	-4.527349	0.372571
2.302931	-4.509650	0.386791
2.302951	-4.526150	0.361251
2.303001	-4.494400	0.386161
2.303001	-4.490369	0.372461
2.303051	-4.518469	0.387641
2.303071	-4.501939	0.386721
2.303071	-4.496110	0.373201
2.303131	-4.517069	0.392310
2.303131	-4.496270	0.362261
2.303211	-4.512909	0.387001
2.303241	-4.503719	0.386831
2.303241	-4.495890	0.365341
2.303241	-4.490270	0.374041
2.303251	-4.513169	0.394051
2.303281	-4.511190	0.386271
2.303301	-4.495480	0.371571
2.303331	-4.526370	0.363701
2.303351	-4.526410	0.373971
2.303351	-4.505969	0.388021
2.303421	-4.492469	0.373051
2.303471	-4.518660	0.390081
2.303471	-4.495250	0.363721
2.303521	-4.511779	0.392821
2.303541	-4.511429	0.396951
2.303581	-4.498670	0.381241
2.303621	-4.515790	0.390610
2.303631	-4.521249	0.381021
2.303641	-4.517220	0.386630
2.303661	-4.494520	0.369911
2.303731	-4.525730	0.372181
2.303771	-4.492370	0.369651
2.303801	-4.526609	0.366131
2.303821	-4.498109	0.378041
2.303841	-4.519259	0.383191
2.303841	-4.514969	0.388720
2.303841	-4.491769	0.379611
2.303861	-4.522960	0.381191
2.303941	-4.498190	0.386791
2.303951	-4.526750	0.375801
2.303961	-4.497820	0.376461
2.303971	-4.493760	0.368291
2.303981	-4.526909	0.358471
2.304021	-4.526330	0.377301
2.304051	-4.525629	0.359911
2.304081	-4.492260	0.365101
2.304091	-4.497470	0.374881
2.304121	-4.496150	0.384361
2.304121	-4.492260	0.367901
2.304151	-4.491180	0.377821
2.304191	-4.496860	0.386091
2.304221	-4.503709	0.388031
2.304261	-4.511839	0.385111
2.304261	-4.493950	0.384161
2.304271	-4.526889	0.368581
2.304321	-4.521379	0.382451
2.304331	-4.492790	0.361771
2.304341	-4.494229	0.382551
2.304361	-4.492159	0.381221
2.304391	-4.520120	0.389301
2.304431	-4.491070	0.375541
2.304461	-4.508400	0.386611
2.304511	-4.513030	0.396630
2.304521	-4.525869	0.362351
2.304591	-4.525489	0.379121
2.304611	-4.518579	0.391630
2.304741	-4.525489	0.376041
2.304761	-4.512810	0.391430
2.304781	-4.490340	0.373721
2.304791	-4.525970	0.364831
2.304821	-4.527130	0.373501
2.304821	-4.501939	0.386341
2.304821	-4.492610	0.377791
2.304821	-4.491980	0.373301
2.304841	-4.495810	0.362201
2.304891	-4.516900	0.390330
2.304961	-4.524720	0.371831
2.304991	-4.498880	0.385950
2.305031	-4.495200	0.365271
2.305091	-4.518410	0.388970
2.305091	-4.511400	0.396410
2.305101	-4.516650	0.388031
2.305101	-4.494790	0.385741
2.305111	-4.519519	0.384441
2.305111	-4.516369	0.385581
2.305131	-4.494989	0.363691
2.305151	-4.526410	0.361041
2.305171	-4.494780	0.366771
2.305191	-4.517829	0.384731
2.305241	-4.522439	0.381491
2.305261	-4.521339	0.389761
2.305261	-4.501580	0.388001
2.305271	-4.513820	0.387741
2.305271	-4.512730	0.386551
2.305301	-4.517670	0.386621
2.305341	-4.493559	0.379991
2.305371	-4.497850	0.384291
2.305481	-4.526440	0.367231
2.305481	-4.497630	0.382711
2.305481	-4.493840	0.368261
2.305551	-4.503509	0.385741
2.305591	-4.496359	0.384621
2.305601	-4.526420	0.369711
2.305601	-4.497369	0.385981
2.305661	-4.492859	0.362611
2.305771	-4.493390	0.383251
2.305771	-4.491630	0.379191
2.305781	-4.520770	0.383581
2.305801	-4.524149	0.380001
2.305841	-4.492230	0.367521
2.305871	-4.524660	0.378441
2.305871	-4.515400	0.388860
2.305871	-4.493909	0.381571
2.305941	-4.508530	0.385501
2.305941	-4.492230	0.370291
2.305941	-4.492190	0.374741
2.306051	-4.495070	0.383321
2.306091	-4.517220	0.392390
2.306131	-4.526790	0.363481
2.306131	-4.514810	0.386781
2.306171	-4.495710	0.380961
2.306231	-4.525309	0.368071
2.306241	-4.495830	0.373111
2.306261	-4.525740	0.359731
2.306261	-4.501410	0.384871
2.306291	-4.525809	0.376021
2.306311	-4.525699	0.362181
2.306311	-4.495580	0.374681
2.306331	-4.494330	0.384871
2.306401	-4.519080	0.390721
2.306401	-4.495299	0.376221
2.306411	-4.525699	0.358121
2.306411	-4.495150	0.377761
2.306431	-4.524720	0.372671
2.306431	-4.495090	0.379331
2.306501	-4.495220	0.371481
2.306541	-4.506179	0.385181
2.306551	-4.498810	0.385920
2.306611	-4.525809	0.364661
2.306611	-4.523560	0.370851
2.306611	-4.516729	0.388830
2.306611	-4.492509	0.377441
2.306641	-4.494850	0.368321
2.306651	-4.495070	0.363661
2.306671	-4.527460	0.368371
2.306681	-4.494969	0.362091
2.306701	-4.494780	0.366741
2.306711	-4.494650	0.369901
2.306721	-4.519110	0.385201
2.306751	-4.520619	0.362791
2.306751	-4.516689	0.390470
2.306771	-4.520639	0.384951
2.306811	-4.494520	0.365161
2.306821	-4.527210	0.373291
2.306821	-4.525549	0.374601
2.306851	-4.512700	0.386201
2.306891	-4.491250	0.375581
2.306921	-4.521619	0.381691
2.306951	-4.523519	0.380881
2.306961	-4.493710	0.375601
2.306961	-4.493530	0.379641
2.307011	-4.497560	0.384221
2.307031	-4.510350	0.384831
2.307061	-4.491809	0.368921
2.307101	-4.520009	0.386940
2.307101	-4.494050	0.382451
2.307171	-4.526120	0.366711
2.307171	-4.521599	0.366111
2.307171	-4.491769	0.366681
2.307181	-4.523890	0.378831
2.307211	-4.501360	0.386120
2.307241	-4.492300	0.362821
2.307301	-4.519720	0.388860
2.307331	-4.521110	0.387981
2.307341	-4.492260	0.372811
2.307451	-4.524809	0.359641
2.307461	-4.525879	0.371711
2.307521	-4.492790	0.374461
2.307591	-4.523739	0.372351
2.307621	-4.520860	0.364851
2.307621	-4.518310	0.387601
2.307621	-4.495900	0.382511
2.307661	-4.518020	0.389811
2.307731	-4.514689	0.387280
2.307731	-4.491560	0.364331
2.307801	-4.495760	0.373081
2.307891	-4.495430	0.374621
2.307901	-4.524819	0.377401
2.307911	-4.495890	0.363691
2.307941	-4.520160	0.360261
2.308001	-4.495560	0.365221
2.308031	-4.495010	0.376151
2.308041	-4.526810	0.363571
2.308041	-4.520689	0.389951
2.308041	-4.500150	0.383291
2.308041	-4.494830	0.379271
2.308051	-4.494820	0.380851
2.308061	-4.525000	0.379331
2.308081	-4.526929	0.365741
2.308111	-4.498920	0.382061
2.308121	-4.498819	0.384321
2.308141	-4.493570	0.368761
2.308151	-4.516660	0.389041
2.308151	-4.494609	0.377691
2.308151	-4.493110	0.371581
2.308171	-4.525800	0.373621
2.308181	-4.523719	0.358371
2.308181	-4.492540	0.377651
2.308201	-4.526909	0.368191
2.308251	-4.520320	0.385681
2.308281	-4.525320	0.362031
2.308281	-4.496709	0.384060
2.308311	-4.522990	0.382760
2.308321	-4.526889	0.370671
2.308321	-4.521389	0.382381
2.308321	-4.497769	0.380801
2.308381	-4.508570	0.384971
2.308391	-4.518370	0.360051
2.308421	-4.525340	0.364481
2.308431	-4.521269	0.384271
2.308431	-4.491879	0.367521
2.308461	-4.491320	0.365801
2.308501	-4.491840	0.375301
2.308531	-4.522860	0.370951
2.308551	-4.501989	0.384591
2.308611	-4.497490	0.382621
2.308671	-4.525790	0.389121
2.308671	-4.522290	0.385351
2.308711	-4.493490	0.375371
2.308781	-4.518720	0.389071
2.308851	-4.514810	0.385711
2.308891	-4.520450	0.387551
2.308901	-4.504570	0.385071
2.308921	-4.519780	0.363381
2.308921	-4.515890	0.387110
2.308941	-4.527010	0.372221
2.308991	-4.513050	0.385220
2.308991	-4.509610	0.383811
2.308991	-4.507999	0.383671
2.309011	-4.496940	0.368481
2.309021	-4.523739	0.377081
2.309021	-4.503509	0.383881
2.309021	-4.497049	0.363791
2.309021	-4.496379	0.380951
2.309021	-4.492260	0.370221
2.309061	-4.523409	0.389531
2.309121	-4.496720	0.366901
2.309131	-4.523140	0.378701
2.309131	-4.496699	0.365321
2.309131	-4.492230	0.363521
2.309161	-4.492750	0.373021
2.309201	-4.524889	0.378281
2.309221	-4.495920	0.379331
2.309231	-4.506179	0.384060
2.309231	-4.493330	0.367021
2.309291	-4.524499	0.359461
2.309311	-4.511260	0.383881
2.309361	-4.525869	0.371161
2.309361	-4.517330	0.387480
2.309381	-4.495850	0.369941
2.309421	-4.523650	0.381881
2.309451	-4.519599	0.364961
2.309461	-4.526100	0.365611
2.309531	-4.525730	0.375591
2.309551	-4.519959	0.390691
2.309591	-4.520689	0.366681
2.309631	-4.521359	0.389421
2.309681	-4.494750	0.374541
2.309691	-4.494690	0.376091
2.309691	-4.494609	0.377661
2.309701	-4.494810	0.371391
2.309811	-4.516170	0.385821
2.309911	-4.494209	0.372921
2.309921	-4.498010	0.378971
2.309941	-4.504919	0.383251
2.309971	-4.518340	0.360301
2.310041	-4.526259	0.373021
2.310071	-4.524229	0.380561
2.310071	-4.497930	0.380611
2.310081	-4.492440	0.368881
2.310141	-4.498190	0.367001
2.310181	-4.518789	0.363631
2.310191	-4.498020	0.365421
2.310251	-4.497840	0.368541
2.310271	-4.526679	0.366781
2.310291	-4.492330	0.366641
2.310301	-4.522620	0.358721
2.310341	-4.526269	0.377951
2.310341	-4.497409	0.370041
2.310361	-4.522160	0.371651
2.310361	-4.519290	0.387631
2.310361	-4.499310	0.381611
2.310371	-4.497089	0.377851
2.310391	-4.518690	0.361911
2.310391	-4.514310	0.385011
2.310461	-4.523180	0.379541
2.310461	-4.502359	0.382381
2.310471	-4.522610	0.385541
2.310501	-4.516409	0.359491
2.310531	-4.520899	0.388301
2.310551	-4.524330	0.388191
2.310601	-4.492819	0.362721
2.310631	-4.496940	0.363761
2.310631	-4.496270	0.380921
2.310641	-4.516940	0.362261
2.310641	-4.506810	0.383251
2.310661	-4.496470	0.371531
2.310671	-4.526899	0.369221
2.310681	-4.500420	0.382821
2.310711	-4.499199	0.379851
2.310741	-4.493390	0.369931
2.310751	-4.525529	0.363031
2.310781	-4.492750	0.364331
2.310831	-4.523240	0.382791
2.310841	-4.509230	0.383621
2.310851	-4.526929	0.371671
2.310851	-4.519080	0.365731
2.310851	-4.517950	0.386861
2.310851	-4.492750	0.372111
2.310861	-4.495710	0.376151
2.310881	-4.524629	0.381951
2.310911	-4.524469	0.359671
2.310921	-4.516829	0.368881
2.310921	-4.491560	0.365341
2.310991	-4.524750	0.378981
2.311001	-4.526549	0.389081
2.311021	-4.493280	0.367661
2.311031	-4.512790	0.383901
2.311061	-4.526820	0.374791
2.311061	-4.497350	0.375721
2.311091	-4.521319	0.370321
2.311131	-4.509440	0.381681
2.311171	-4.495030	0.372981
2.311191	-4.503220	0.383641
2.311201	-4.521840	0.378731
2.311231	-4.517290	0.364401
2.311251	-4.516820	0.385841
2.311291	-4.525400	0.375421
2.311301	-4.501450	0.381011
2.311321	-4.525869	0.370621
2.311351	-4.524489	0.358061
2.311441	-4.515470	0.384301
2.311441	-4.511010	0.382271
2.311441	-4.507679	0.382031
2.311451	-4.523320	0.386671
2.311481	-4.516590	0.370991
2.311491	-4.525970	0.365431
2.311511	-4.517180	0.360441
2.311511	-4.515429	0.367551
2.311511	-4.514480	0.361351
2.311551	-4.519949	0.367341
2.311551	-4.516029	0.361451
2.311571	-4.524499	0.361771
2.311581	-4.503719	0.382241
2.311591	-4.493790	0.374431
2.311621	-4.494860	0.363211
2.311641	-4.497779	0.381031
2.311651	-4.514900	0.359701
2.311651	-4.513889	0.358511
2.311681	-4.523610	0.384141
2.311691	-4.505270	0.381781
2.311711	-4.505290	0.383511
2.311731	-4.494540	0.366871
2.311781	-4.525499	0.380621
2.311781	-4.525259	0.376941
2.311801	-4.497360	0.379411
2.311841	-4.521829	0.389161
2.311851	-4.497670	0.366941
2.311911	-4.497310	0.373131
2.311931	-4.521560	0.371831
2.311951	-4.526050	0.372851
2.311951	-4.519939	0.387691
2.311971	-4.492960	0.370781
2.311981	-4.496870	0.377821
2.312011	-4.497220	0.368441
2.312041	-4.498079	0.376701
2.312111	-4.519179	0.364661
2.312111	-4.515820	0.363561
2.312111	-4.501130	0.379711
2.312181	-4.521460	0.377361
2.312181	-4.496790	0.365271
2.312191	-4.526440	0.367831
2.312211	-4.508460	0.380801
2.312211	-4.492859	0.365171
2.312251	-4.517990	0.365941
2.312251	-4.493420	0.362431
2.312271	-4.500310	0.381221
2.312281	-4.496329	0.369931
2.312281	-4.494579	0.371371
2.312341	-4.496420	0.363691
2.312351	-4.523499	0.359241
2.312351	-4.520729	0.384191
2.312381	-4.524640	0.365901
2.312381	-4.495920	0.374581
2.312421	-4.514589	0.364501
2.312451	-4.524429	0.387011
2.312461	-4.516829	0.369691
2.312461	-4.512420	0.358791
2.312481	-4.518410	0.385941
2.312491	-4.524519	0.367781
2.312491	-4.495520	0.376121
2.312531	-4.521319	0.380061
2.312531	-4.503970	0.379821
2.312561	-4.499569	0.379591
2.312601	-4.495100	0.369131
2.312611	-4.526440	0.374921
2.312611	-4.513050	0.383921
2.312631	-4.515009	0.366181
2.312631	-4.506670	0.381151
2.312671	-4.493250	0.368991
2.312701	-4.524119	0.379711
2.312771	-4.499010	0.377971
2.312791	-4.522059	0.360461
2.312831	-4.525080	0.371541
2.312841	-4.516059	0.385181
2.312841	-4.515540	0.382341
2.312871	-4.527430	0.376621
2.312891	-4.525000	0.374031
2.312901	-4.524370	0.388981
2.312911	-4.521840	0.367921
2.312911	-4.520579	0.359251
2.312951	-4.520619	0.386621
2.312951	-4.498990	0.374911
2.313021	-4.512770	0.362051
2.313051	-4.526650	0.371791
2.313061	-4.517180	0.367941
2.313081	-4.519199	0.360521
2.313091	-4.514830	0.371091
2.313121	-4.523650	0.369091
2.313131	-4.514340	0.362121
2.313131	-4.502810	0.381451
2.313161	-4.510910	0.380801
2.313181	-4.525650	0.364041
2.313201	-4.512659	0.380941
2.313271	-4.525360	0.381311
2.313301	-4.526679	0.380471
2.313301	-4.498290	0.362011
2.313341	-4.520480	0.370921
2.313351	-4.521649	0.387801
2.313371	-4.514760	0.368221
2.313371	-4.513780	0.358161
2.313371	-4.509749	0.379541
2.313371	-4.500080	0.376001
2.313411	-4.494190	0.365551
2.313411	-4.494190	0.367241
2.313421	-4.522399	0.364121
2.313441	-4.519810	0.369161
2.313441	-4.518839	0.375431
2.313441	-4.501309	0.361101
2.313441	-4.492960	0.363801
2.313461	-4.525239	0.385681
2.313471	-4.522359	0.366611
2.313481	-4.525660	0.369001
2.313481	-4.497109	0.376221
2.313481	-4.494790	0.363941
2.313491	-4.523550	0.385971
2.313501	-4.523250	0.361211
2.313511	-4.518060	0.366781
2.313511	-4.513750	0.359811
2.313551	-4.523210	0.387721
2.313551	-4.516970	0.383431
2.313551	-4.500040	0.362081
2.313591	-4.522230	0.371581
2.313611	-4.496819	0.374641
2.313621	-4.524700	0.383931
2.313621	-4.520929	0.375891
2.313621	-4.520370	0.378101
2.313621	-4.515250	0.384101
2.313621	-4.509679	0.360581
2.313621	-4.502430	0.379471
2.313651	-4.502430	0.376141
2.313691	-4.506279	0.379751
2.313691	-4.504570	0.379081
2.313701	-4.496620	0.373061
2.313731	-4.525090	0.387631
2.313761	-4.520899	0.374211
2.313761	-4.501760	0.377721
2.313761	-4.497490	0.370741
2.313781	-4.509290	0.380911
2.313791	-4.507860	0.379851
2.313791	-4.496570	0.365211
2.313791	-4.494680	0.362191
2.313861	-4.514030	0.382551
2.313901	-4.516829	0.371061
2.313901	-4.513569	0.363591
2.313931	-4.525760	0.375161
2.313931	-4.525660	0.377641
2.313941	-4.500510	0.379661
2.313951	-4.527130	0.368641
2.313971	-4.514030	0.366961
2.314001	-4.526189	0.366431
2.314001	-4.515110	0.364221
2.314001	-4.511220	0.361171
2.314011	-4.515240	0.360961
2.314011	-4.495760	0.371401
2.314041	-4.520790	0.372461
2.314041	-4.519730	0.386051
2.314041	-4.512380	0.360121
2.314041	-4.504270	0.381551
2.314071	-4.514450	0.380871
2.314091	-4.524690	0.362761
2.314101	-4.518579	0.359211
2.314111	-4.516240	0.362651
2.314131	-4.524069	0.378911
2.314141	-4.525609	0.382611
2.314141	-4.520160	0.379641
2.314161	-4.495480	0.366701
2.314181	-4.503369	0.378311
2.314211	-4.498539	0.371831
2.314221	-4.495250	0.369811
2.314241	-4.520040	0.361651
2.314251	-4.513919	0.365201
2.314281	-4.523990	0.382651
2.314281	-4.515009	0.369721
2.314301	-4.519470	0.376561
2.314301	-4.495010	0.368201
2.314321	-4.511720	0.362821
2.314351	-4.511079	0.378871
2.314391	-4.526869	0.378611
2.314391	-4.507120	0.378561
2.314401	-4.499360	0.377991
2.314451	-4.521530	0.365301
2.314461	-4.499060	0.374041
2.314491	-4.504250	0.376661
2.314501	-4.520709	0.359751
2.314531	-4.521730	0.378081
2.314531	-4.500889	0.373611
2.314531	-4.496610	0.368291
2.314561	-4.499030	0.362931
2.314581	-4.526959	0.385431
2.314601	-4.516029	0.382551
2.314601	-4.508699	0.376981
2.314601	-4.507420	0.381821
2.314611	-4.524519	0.376381
2.314611	-4.498789	0.376371
2.314651	-4.520160	0.366571
2.314671	-4.517109	0.367031
2.314671	-4.507050	0.360721
2.314681	-4.512189	0.381751
2.314691	-4.517459	0.361661
2.314701	-4.526319	0.376331
2.314701	-4.512139	0.379991
2.314701	-4.501450	0.365271
2.314701	-4.493740	0.366361
2.314721	-4.526090	0.381301
2.314761	-4.525109	0.365161
2.314771	-4.521000	0.384581
2.314771	-4.499589	0.370111
2.314781	-4.518670	0.369111
2.314781	-4.517660	0.384261
2.314811	-4.500780	0.376871
2.314841	-4.505270	0.377791
2.314881	-4.509190	0.378631
2.314911	-4.503620	0.359321
2.314911	-4.501340	0.375231
2.314931	-4.523210	0.372671
2.314941	-4.515019	0.359191
2.314951	-4.522649	0.386361
2.314951	-4.502530	0.364221
2.314971	-4.524459	0.385051
2.315021	-4.514130	0.372281
2.315021	-4.501340	0.363001
2.315051	-4.519849	0.371061
2.315091	-4.525989	0.369491
2.315091	-4.516409	0.368571
2.315091	-4.513609	0.380031
2.315091	-4.511429	0.359321
2.315101	-4.524640	0.371561
2.315121	-4.502459	0.373051
2.315121	-4.500040	0.372321
2.315121	-4.494790	0.364151
2.315141	-4.520649	0.364041
2.315151	-4.497369	0.374661
2.315161	-4.522649	0.379611
2.315161	-4.510169	0.376981
2.315181	-4.497270	0.373081
2.315221	-4.519310	0.362831
2.315231	-4.519149	0.379331
2.315231	-4.507969	0.359561
2.315241	-4.497200	0.371501
2.315261	-4.517990	0.382590
2.315271	-4.525169	0.373801
2.315301	-4.517360	0.380831
2.315331	-4.518509	0.367551
2.315361	-4.510359	0.382061
2.315361	-4.505270	0.380031
2.315371	-4.521979	0.371411
2.315371	-4.510140	0.360821
2.315371	-4.506770	0.363871
2.315381	-4.516610	0.360401
2.315401	-4.513470	0.377191
2.315401	-4.506740	0.376661
2.315401	-4.504530	0.375371
2.315411	-4.524990	0.380031
2.315421	-4.521070	0.386150
2.315431	-4.522150	0.368271
2.315441	-4.527690	0.379771
2.315471	-4.515709	0.371761
2.315511	-4.508979	0.374561
2.315511	-4.504499	0.373121
2.315511	-4.503410	0.366361
2.315511	-4.497490	0.364261
2.315531	-4.496470	0.369881
2.315541	-4.512420	0.374841
2.315541	-4.507229	0.374421
2.315541	-4.501170	0.360681
2.315541	-4.500539	0.368921
2.315541	-4.496860	0.366431
2.315581	-4.516590	0.364111
2.315581	-4.515040	0.379501
2.315581	-4.502289	0.361841
2.315590	-4.510009	0.380491
2.315611	-4.519010	0.377581
2.315611	-4.512939	0.367061
2.315651	-4.522469	0.381191
2.315651	-4.512380	0.363701
2.315681	-4.520689	0.379921
2.315681	-4.508349	0.365061
2.315681	-4.502810	0.375191
2.315681	-4.501690	0.370111
2.315711	-4.527299	0.383581
2.315711	-4.516310	0.365931
2.315711	-4.496140	0.363601
2.315721	-4.506670	0.365481
2.315731	-4.514699	0.362491
2.315751	-4.521180	0.382731
2.315751	-4.519569	0.374251
2.315751	-4.499829	0.367171
2.315771	-4.521190	0.362691
2.315781	-4.495890	0.365141
2.315791	-4.513330	0.370951
2.315791	-4.499829	0.363841
2.315821	-4.499800	0.365481
2.315851	-4.527160	0.365011
2.315871	-4.519680	0.365231
2.315891	-4.519529	0.372531
2.315891	-4.512839	0.372561
2.315891	-4.512280	0.365311
2.315930	-4.519499	0.381991
2.315930	-4.504919	0.360861
2.315930	-4.500390	0.371061
2.315951	-4.495339	0.366641
2.315961	-4.511650	0.378031
2.315961	-4.510490	0.362931
2.315961	-4.508840	0.361701
2.315961	-4.495279	0.368211
2.315981	-4.498950	0.374801
2.316001	-4.513260	0.378701
2.316021	-4.525450	0.368381
2.316031	-4.515470	0.381120
2.316031	-4.511650	0.376351
2.316071	-4.503200	0.360721
2.316071	-4.498760	0.373191
2.316081	-4.519270	0.384401
2.316101	-4.503300	0.378281
2.316121	-4.512810	0.359031
2.316171	-4.514830	0.377681
2.316171	-4.503650	0.371791
2.316181	-4.518529	0.364011
2.316211	-4.526400	0.366371
2.316211	-4.512139	0.379681
2.316231	-4.498590	0.361711
2.316241	-4.513529	0.382331
2.316261	-4.525859	0.381961
2.316271	-4.498479	0.368481
2.316281	-4.510980	0.374001
2.316281	-4.509260	0.372771
2.316281	-4.507540	0.377651
2.316311	-4.498200	0.370021
2.316341	-4.526969	0.376801
2.316351	-4.508070	0.375441
2.316351	-4.507540	0.360961
2.316401	-4.522570	0.376291
2.316411	-4.498139	0.366871
2.316421	-4.501450	0.365481
2.316441	-4.517930	0.365971
2.316441	-4.517660	0.361531
2.316451	-4.522719	0.373761
2.316451	-4.506390	0.361981
2.316451	-4.504710	0.370711
2.316451	-4.501410	0.367691
2.316461	-4.529719	0.375141
2.316491	-4.517530	0.368361
2.316491	-4.506350	0.369721
2.316521	-4.512589	0.368531
2.316521	-4.508629	0.366571
2.316561	-4.505790	0.372461
2.316561	-4.504110	0.364541
2.316571	-4.524290	0.370431
2.316591	-4.515820	0.373191
2.316611	-4.527760	0.375461
2.316611	-4.501890	0.376581
2.316631	-4.514659	0.374771
2.316631	-4.510240	0.370571
2.316661	-4.517459	0.376661
2.316661	-4.516339	0.371021
2.316701	-4.525829	0.373921
2.316721	-4.522139	0.384641
2.316721	-4.497230	0.365241
2.316731	-4.526140	0.378831
2.316731	-4.523540	0.366231
2.316731	-4.520840	0.373451
2.316731	-4.512560	0.360651
2.316771	-4.519179	0.380131
2.316771	-4.518579	0.375611
2.316771	-4.514060	0.376381
2.316771	-4.502459	0.364401
2.316771	-4.500680	0.369791
2.316791	-4.516140	0.362761
2.316791	-4.509480	0.379151
2.316801	-4.506370	0.380101
2.316811	-4.504570	0.362891
2.316811	-4.504000	0.373931
2.316831	-4.521389	0.377521
2.316841	-4.511330	0.369481
2.316841	-4.503410	0.368321
2.316881	-4.521420	0.381401
2.316881	-4.517360	0.379961
2.316881	-4.515750	0.376491
2.316881	-4.510140	0.375511
2.316911	-4.511889	0.371161
2.316951	-4.521409	0.367171
2.316951	-4.517360	0.369931
2.316951	-4.516240	0.378731
2.316951	-4.514249	0.365741
2.316951	-4.505690	0.364051
2.316981	-4.517880	0.382201
2.316981	-4.510099	0.366571
2.316981	-4.509510	0.368741
2.316981	-4.508419	0.370881
2.316981	-4.507860	0.373091
2.316981	-4.507300	0.364711
2.316981	-4.503369	0.369931
2.316981	-4.502359	0.373191
2.317021	-4.501760	0.370921
2.317041	-4.514269	0.364061
2.317051	-4.514929	0.361551
2.317051	-4.512380	0.373401
2.317061	-4.527140	0.381791
2.317081	-4.523260	0.372451
2.317081	-4.500670	0.373331
2.317091	-4.499340	0.364641
2.317121	-4.519529	0.369371
2.317121	-4.517849	0.378281
2.317121	-4.500539	0.374911
2.317161	-4.510029	0.364331
2.317161	-4.508910	0.374211
2.317161	-4.507229	0.366331
2.317161	-4.502319	0.366501
2.317171	-4.516260	0.382531
2.317181	-4.506609	0.375451
2.317191	-4.506110	0.374001
2.317211	-4.516329	0.365201
2.317211	-4.508910	0.360421
2.317231	-4.518410	0.371061
2.317231	-4.518410	0.372741
2.317231	-4.517809	0.374351
2.317231	-4.508349	0.362501
2.317251	-4.505340	0.376761
2.317271	-4.498250	0.363291
2.317301	-4.510590	0.360511
2.317301	-4.508880	0.365311
2.317321	-4.510120	0.377311
2.317331	-4.525320	0.366591
2.317361	-4.504860	0.378391
2.317411	-4.512330	0.362281
2.317421	-4.530769	0.376861
2.317421	-4.527380	0.373691
2.317421	-4.514110	0.367401
2.317431	-4.495380	0.363491
2.317441	-4.511909	0.377401
2.317441	-4.503789	0.361591
2.317451	-4.500090	0.363351
2.317471	-4.516549	0.375301
2.317481	-4.523610	0.369321
2.317501	-4.519919	0.382851
2.317511	-4.513189	0.375051
2.317511	-4.502669	0.362611
2.317531	-4.525620	0.377091
2.317541	-4.508440	0.377881
2.317541	-4.504880	0.367171
2.317541	-4.499410	0.371661
2.317561	-4.506919	0.360311
2.317581	-4.515420	0.358981
2.317581	-4.511079	0.365411
2.317581	-4.505440	0.365551
2.317581	-4.504880	0.368851
2.317611	-4.510490	0.372041
2.317631	-4.512519	0.359081
2.317641	-4.521959	0.378651
2.317641	-4.499330	0.366971
2.317651	-4.509610	0.380381
2.317661	-4.499269	0.368511
2.317671	-4.525080	0.379811
2.317680	-4.507050	0.371201
2.317711	-4.523399	0.381091
2.317721	-4.511010	0.367621
2.317751	-4.503689	0.365941
2.317791	-4.517039	0.372491
2.317801	-4.528319	0.376651
2.317821	-4.498730	0.370041
2.317841	-4.520589	0.379921
2.317881	-4.514259	0.380781
2.317921	-4.503359	0.376681
2.317931	-4.513450	0.377691
2.317941	-4.516799	0.367601
2.317951	-4.503270	0.375101
2.317961	-4.506350	0.367761
2.317971	-4.515200	0.371401
2.318001	-4.519050	0.377691
2.318001	-4.515850	0.374041
2.318001	-4.498479	0.360611
2.318041	-4.506710	0.363621
2.318081	-4.515409	0.368881
2.318081	-4.501550	0.365061
2.318131	-4.504670	0.374201
2.318141	-4.516310	0.370151
2.318141	-4.509089	0.366821
2.318141	-4.509089	0.372351
2.318151	-4.519529	0.376221
2.318161	-4.515080	0.377601
2.318171	-4.523349	0.367551
2.318201	-4.527560	0.379271
2.318211	-4.514319	0.362691
2.318211	-4.503170	0.371861
2.318221	-4.523960	0.377291
2.318231	-4.497749	0.365261
2.318241	-4.522119	0.373331
2.318261	-4.522299	0.382311
2.318271	-4.509940	0.373861
2.318301	-4.518590	0.367511
2.318311	-4.511900	0.368921
2.318331	-4.508180	0.375441
2.318361	-4.524970	0.372271
2.318371	-4.497389	0.362101
2.318411	-4.517380	0.381051
2.318461	-4.520020	0.371201
2.318481	-4.503039	0.373531
2.318491	-4.507289	0.378581
2.318560	-4.510140	0.369021
2.318611	-4.513710	0.368981
2.318651	-4.514049	0.376341
2.318691	-4.510169	0.362081
2.318711	-4.526249	0.378281
2.318751	-4.513539	0.374001
2.318791	-4.508430	0.361981
2.318801	-4.511920	0.363851
2.318801	-4.504990	0.366361
2.318821	-4.516689	0.364231
2.318831	-4.516280	0.379391
2.318831	-4.500929	0.370191
2.318861	-4.500720	0.373311
2.318871	-4.516950	0.375821
2.318891	-4.520919	0.382911
2.318971	-4.511620	0.372221
2.318981	-4.505930	0.360381
2.319001	-4.513549	0.370611
2.319011	-4.521530	0.369071
2.319041	-4.520150	0.373031
2.319091	-4.505529	0.371581
2.319091	-4.500319	0.368571
2.319121	-4.504230	0.367881
2.319131	-4.511609	0.370511
2.319151	-4.499990	0.371681
2.319161	-4.503069	0.360471
2.319231	-4.520279	0.378571
2.319241	-4.511609	0.373871
2.319281	-4.508520	0.373961
2.319281	-4.508269	0.363611
2.319291	-4.520299	0.381031
2.319291	-4.503019	0.364181
2.319321	-4.505819	0.369091
2.319331	-4.515329	0.375371
2.319361	-4.508130	0.366961
2.319391	-4.504570	0.363421
2.319411	-4.514939	0.370011
2.319411	-4.504730	0.375211
2.319411	-4.499650	0.360711
2.319431	-4.524849	0.378381
2.319431	-4.499600	0.362251
2.319451	-4.515299	0.365721
2.319451	-4.510199	0.372651
2.319491	-4.513700	0.366321
2.319521	-4.519480	0.368631
2.319541	-4.522200	0.372101
2.319541	-4.519120	0.377321
2.319581	-4.504510	0.370321
2.319601	-4.518040	0.369911
2.319611	-4.513869	0.363831
2.319621	-4.498920	0.363751
2.319641	-4.507919	0.360271
2.319681	-4.513319	0.372231
2.319701	-4.511600	0.365431
2.319731	-4.504409	0.365091
2.319741	-4.512829	0.362361
2.319751	-4.498519	0.366861
2.319800	-4.507510	0.372701
2.319811	-4.498300	0.365281
2.319831	-4.508810	0.377151
2.319861	-4.513359	0.377511
2.319871	-4.518249	0.381081
2.319891	-4.506329	0.367781
2.319951	-4.509140	0.371391
2.319971	-4.505190	0.361561
2.319991	-4.503200	0.373501
2.320011	-4.506509	0.365251
2.320021	-4.516779	0.372401
2.320031	-4.520860	0.370481
2.320091	-4.519660	0.374781
2.320121	-4.509510	0.366411
2.320121	-4.507870	0.368581
2.320131	-4.509679	0.362661
2.320131	-4.507840	0.370261
2.320161	-4.507929	0.375491
2.320251	-4.502540	0.371881
2.320271	-4.511040	0.367581
2.320411	-4.509620	0.368861
2.320411	-4.502170	0.370301
2.320431	-4.516650	0.379371
2.320451	-4.511789	0.375811
2.320461	-4.518660	0.371041
2.320531	-4.507040	0.362721
2.320561	-4.520140	0.372251
2.320561	-4.502029	0.362441
2.320651	-4.511529	0.363791
2.320741	-4.501540	0.360821
2.320801	-4.501249	0.363941
2.320921	-4.510179	0.365061
2.320991	-4.518960	0.373481
2.320991	-4.513279	0.367451
2.321121	-4.519380	0.379601
2.321191	-4.505539	0.362721
2.321481	-4.513770	0.375951
2.321641	-4.503930	0.371981
2.321901	-4.503170	0.370361
2.322181	-4.507030	0.370681
2.322261	-4.506840	0.369101
