2.190402	-4.108669	-0.206190
2.190422	-4.106479	-0.206690
2.190972	-4.108879	-0.208080
2.191282	-4.106619	-0.208450
2.192512	-4.109759	-0.208280
2.192512	-4.106299	-0.207410
2.193432	-4.108359	-0.207110
2.194242	-4.107599	-0.208250
2.195292	-4.228828	-0.434910
2.195612	-4.227609	-0.437330
2.196232	-4.230449	-0.434660
2.197622	-4.228389	-0.433820
2.198732	-4.227449	-0.431960
2.198982	-4.229219	-0.428090
2.199272	-4.228059	-0.429770
2.200222	-4.227659	-0.428500
2.200812	-4.225979	-0.427500
2.201442	-4.226179	-0.428920
2.201542	-4.226119	-0.426120
2.201613	-4.227859	-0.427180
2.201942	-4.229389	-0.424080
2.202112	-4.215229	-0.422630
2.202262	-4.228309	-0.425730
2.202582	-4.217889	-0.427140
2.202612	-4.222279	-0.431250
2.202682	-4.222569	-0.426210
2.202722	-4.226919	-0.423920
2.202812	-4.215159	-0.425560
2.202812	-4.213729	-0.424280
2.202992	-4.220269	-0.415290
2.203032	-4.212139	-0.424020
2.203152	-4.222749	-0.429760
2.203212	-4.223109	-0.424720
2.203352	-4.214359	-0.422640
2.203412	-4.218849	-0.416340
2.203552	-4.219759	-0.426120
2.203612	-4.226979	-0.422580
2.203612	-4.224259	-0.423830
2.203642	-4.229069	-0.422170
2.203723	-4.228659	-0.423670
2.203762	-4.230859	-0.421120
2.203883	-4.211309	-0.425220
2.203902	-4.215899	-0.421750
2.203912	-4.214119	-0.426330
2.203962	-4.215119	-0.420410
2.204002	-4.225379	-0.426470
2.204012	-4.219939	-0.431140
2.204122	-4.220229	-0.424670
2.204142	-4.225319	-0.422240
2.204142	-4.211649	-0.427150
2.204162	-4.227099	-0.424730
2.204172	-4.212539	-0.428560
2.204192	-4.218849	-0.414970
2.204232	-4.215449	-0.427850
2.204402	-4.221749	-0.423670
2.204422	-4.223949	-0.427530
2.204592	-4.230509	-0.419850
2.204592	-4.226169	-0.420710
2.204592	-4.217459	-0.416690
2.204622	-4.215889	-0.418190
2.204682	-4.212259	-0.424290
2.204762	-4.217809	-0.424690
2.204812	-4.214339	-0.429570
2.204852	-4.227509	-0.419740
2.204902	-4.213439	-0.423320
2.204922	-4.223029	-0.421340
2.205002	-4.218119	-0.426620
2.205002	-4.216679	-0.432600
2.205062	-4.218179	-0.422940
2.205062	-4.218169	-0.421120
2.205133	-4.216539	-0.419600
2.205143	-4.228579	-0.421680
2.205262	-4.213899	-0.432020
2.205293	-4.230859	-0.418400
2.205303	-4.216769	-0.428860
2.205312	-4.219649	-0.416330
2.205322	-4.213119	-0.430650
2.205352	-4.222379	-0.413680
2.205462	-4.217809	-0.418670
2.205472	-4.221229	-0.421040
2.205522	-4.217899	-0.430930
2.205532	-4.211599	-0.426150
2.205602	-4.227089	-0.422740
2.205632	-4.225109	-0.419580
2.205652	-4.224479	-0.425400
2.205672	-4.219849	-0.422120
2.205722	-4.219889	-0.425800
2.205852	-4.220039	-0.424020
2.205892	-4.220579	-0.414780
2.205892	-4.219219	-0.428180
2.205942	-4.228689	-0.420310
2.205962	-4.215679	-0.420790
2.206012	-4.223259	-0.426380
2.206032	-4.215849	-0.433730
2.206142	-4.214939	-0.419490
2.206162	-4.225159	-0.423870
2.206193	-4.214979	-0.417670
2.206202	-4.219289	-0.417930
2.206252	-4.225519	-0.418130
2.206252	-4.214189	-0.424250
2.206262	-4.221099	-0.418990
2.206262	-4.218849	-0.430010
2.206303	-4.230299	-0.417210
2.206303	-4.214199	-0.416330
2.206342	-4.220709	-0.429740
2.206392	-4.220749	-0.427920
2.206392	-4.219029	-0.431900
2.206392	-4.218139	-0.434210
2.206402	-4.227519	-0.417760
2.206452	-4.216339	-0.435100
2.206492	-4.215349	-0.423280
2.206522	-4.212799	-0.425260
2.206543	-4.222709	-0.437250
2.206552	-4.213689	-0.418720
2.206572	-4.220019	-0.420450
2.206622	-4.221989	-0.425720
2.206642	-4.220159	-0.435210
2.206663	-4.223049	-0.432040
2.206672	-4.217509	-0.432280
2.206713	-4.224099	-0.417760
2.206722	-4.222169	-0.433750
2.206812	-4.231249	-0.415650
2.206812	-4.222249	-0.427620
2.206872	-4.221849	-0.413940
2.206893	-4.236109	-0.409750
2.206893	-4.226029	-0.416680
2.206912	-4.216869	-0.417480
2.207002	-4.221029	-0.416950
2.207032	-4.220629	-0.431680
2.207082	-4.227619	-0.419220
2.207172	-4.227209	-0.420720
2.207172	-4.223649	-0.433450
2.207182	-4.222679	-0.417340
2.207212	-4.220889	-0.436660
2.207222	-4.232519	-0.414720
2.207222	-4.227639	-0.415680
2.207242	-4.222809	-0.429630
2.207262	-4.237429	-0.407420
2.207312	-4.220149	-0.433460
2.207372	-4.229709	-0.413870
2.207382	-4.212019	-0.426490
2.207392	-4.221919	-0.420900
2.207413	-4.218419	-0.435620
2.207422	-4.223939	-0.428620
2.207422	-4.223019	-0.435240
2.207442	-4.238839	-0.406450
2.207472	-4.234108	-0.411610
2.207552	-4.224879	-0.432520
2.207562	-4.233119	-0.409350
2.207592	-4.214099	-0.425080
2.207622	-4.221429	-0.415500
2.207632	-4.231439	-0.412140
2.207692	-4.228409	-0.417690
2.207753	-4.221959	-0.431090
2.207762	-4.223429	-0.424280
2.207832	-4.225079	-0.421930
2.207852	-4.214378	-0.418420
2.207872	-4.223309	-0.413730
2.207932	-4.217069	-0.415850
2.207942	-4.225359	-0.430810
2.207953	-4.222899	-0.415230
2.207962	-4.223019	-0.438030
2.208023	-4.223749	-0.430520
2.208023	-4.216329	-0.423700
2.208042	-4.225099	-0.414820
2.208052	-4.218199	-0.417260
2.208063	-4.232099	-0.413450
2.208082	-4.224819	-0.435050
2.208142	-4.234809	-0.409130
2.208242	-4.224689	-0.436990
2.208312	-4.216689	-0.420720
2.208342	-4.225099	-0.427770
2.208402	-4.219459	-0.413950
2.208423	-4.235179	-0.411060
2.208432	-4.225999	-0.433490
2.208432	-4.209829	-0.425050
2.208492	-4.215169	-0.415600
2.208502	-4.213318	-0.416490
2.208522	-4.225599	-0.419740
2.208613	-4.235409	-0.407460
2.208662	-4.211659	-0.417430
2.208742	-4.219069	-0.415700
2.208752	-4.226369	-0.428660
2.208752	-4.213659	-0.426380
2.208772	-4.236549	-0.409840
2.208772	-4.227359	-0.417300
2.208782	-4.223629	-0.420790
2.208782	-4.218149	-0.422910
2.208823	-4.233769	-0.410250
2.208842	-4.229489	-0.415460
2.208862	-4.223848	-0.426540
2.208932	-4.222049	-0.413950
2.208992	-4.227199	-0.434430
2.209012	-4.224959	-0.423530
2.209062	-4.225949	-0.425540
2.209082	-4.212199	-0.426160
2.209132	-4.226119	-0.436060
2.209142	-4.233039	-0.411980
2.209173	-4.227759	-0.429590
2.209202	-4.227749	-0.431440
2.209202	-4.210769	-0.418580
2.209212	-4.212309	-0.418880
2.209252	-4.221529	-0.415590
2.209262	-4.208159	-0.424870
2.209352	-4.212129	-0.415710
2.209382	-4.230209	-0.413970
2.209412	-4.233479	-0.407840
2.209412	-4.217199	-0.424040
2.209433	-4.215349	-0.424340
2.209462	-4.214499	-0.418060
2.209472	-4.225989	-0.431150
2.209592	-4.221009	-0.417370
2.209633	-4.215579	-0.419500
2.209672	-4.217519	-0.421690
2.209692	-4.236749	-0.412140
2.209702	-4.224039	-0.422290
2.209722	-4.227539	-0.427170
2.209722	-4.207709	-0.421790
2.209762	-4.224619	-0.436440
2.209783	-4.214899	-0.426160
2.209792	-4.209649	-0.420330
2.209833	-4.212349	-0.424490
2.209902	-4.214069	-0.415010
2.209912	-4.218649	-0.414160
2.209972	-4.222909	-0.424680
2.209983	-4.208029	-0.420080
2.209992	-4.238139	-0.407540
2.210023	-4.211769	-0.421330
2.210052	-4.213329	-0.419770
2.210072	-4.217059	-0.414930
2.210092	-4.220859	-0.414200
2.210102	-4.225399	-0.417790
2.210132	-4.237599	-0.409040
2.210212	-4.240079	-0.405060
2.210212	-4.226439	-0.422720
2.210233	-4.225258	-0.437790
2.210242	-4.227389	-0.425360
2.210242	-4.214509	-0.423080
2.210262	-4.236409	-0.406010
2.210262	-4.216479	-0.413430
2.210262	-4.214519	-0.421250
2.210272	-4.227199	-0.435280
2.210272	-4.209369	-0.422190
2.210332	-4.227249	-0.433110
2.210362	-4.233729	-0.409250
2.210383	-4.233919	-0.411210
2.210402	-4.219669	-0.412940
2.210442	-4.221809	-0.413040
2.210502	-4.223969	-0.419550
2.210512	-4.223989	-0.416810
2.210522	-4.210509	-0.417510
2.210573	-4.229429	-0.428880
2.210583	-4.228419	-0.434350
2.210583	-4.223309	-0.414760
2.210612	-4.235359	-0.407330
2.210632	-4.238659	-0.406090
2.210662	-4.212499	-0.417280
2.210672	-4.230389	-0.412610
2.210672	-4.207969	-0.423200
2.210682	-4.215389	-0.414410
2.210692	-4.216039	-0.422180
2.210692	-4.208909	-0.424610
2.210722	-4.209919	-0.426620
2.210762	-4.212669	-0.422820
2.210792	-4.227529	-0.437400
2.210842	-4.227378	-0.415370
2.210882	-4.235309	-0.410810
2.210892	-4.227859	-0.430190
2.210912	-4.207439	-0.424990
2.210962	-4.211049	-0.422570
2.210982	-4.226029	-0.424160
2.211002	-4.224289	-0.423800
2.211002	-4.219559	-0.415080
2.211012	-4.229329	-0.437020
2.211022	-4.213749	-0.416320
2.211102	-4.229659	-0.431280
2.211152	-4.236649	-0.410050
2.211212	-4.217529	-0.420700
2.211222	-4.223829	-0.421080
2.211232	-4.229109	-0.432830
2.211302	-4.225219	-0.422240
2.211332	-4.229399	-0.427090
2.211342	-4.228459	-0.435840
2.211352	-4.223699	-0.413460
2.211352	-4.213318	-0.414200
2.211362	-4.228759	-0.424540
2.211422	-4.226619	-0.426940
2.211482	-4.209819	-0.418780
2.211492	-4.225169	-0.417270
2.211512	-4.228019	-0.421980
2.211532	-4.237979	-0.407690
2.211572	-4.224759	-0.418780
2.211593	-4.230609	-0.434000
2.211593	-4.222609	-0.415640
2.211652	-4.237228	-0.406350
2.211672	-4.230888	-0.435500
2.211672	-4.218079	-0.422070
2.211682	-4.229779	-0.438440
2.211732	-4.224149	-0.415670
2.211772	-4.232479	-0.432920
2.211772	-4.218299	-0.412590
2.211812	-4.231579	-0.412890
2.211822	-4.238329	-0.404720
2.211872	-4.230049	-0.414350
2.211882	-4.211269	-0.417250
2.211943	-4.234839	-0.409850
2.212002	-4.225849	-0.415750
2.212012	-4.206939	-0.422020
2.212052	-4.231238	-0.426950
2.212072	-4.214229	-0.415350
2.212112	-4.228229	-0.413900
2.212122	-4.234809	-0.424540
2.212152	-4.227009	-0.425490
2.212192	-4.236729	-0.408450
2.212192	-4.235959	-0.407010
2.212192	-4.231439	-0.431010
2.212242	-4.217849	-0.414790
2.212293	-4.220889	-0.415390
2.212333	-4.233689	-0.423310
2.212372	-4.209189	-0.420010
2.212382	-4.228639	-0.428760
2.212402	-4.235369	-0.426780
2.212402	-4.230899	-0.429010
2.212432	-4.230059	-0.424320
2.212432	-4.221949	-0.412590
2.212472	-4.232069	-0.409610
2.212472	-4.223969	-0.419710
2.212522	-4.228479	-0.425960
2.212652	-4.235299	-0.408560
2.212662	-4.239339	-0.403750
2.212662	-4.225459	-0.425150
2.212702	-4.232059	-0.425320
2.212792	-4.233059	-0.411850
2.212822	-4.233579	-0.409010
2.212862	-4.235859	-0.428950
2.212922	-4.208029	-0.421130
2.212932	-4.233239	-0.431150
2.212932	-4.231999	-0.407790
2.212942	-4.225279	-0.418080
2.212953	-4.212579	-0.416430
2.212982	-4.238859	-0.406210
2.213062	-4.231969	-0.433990
2.213092	-4.232169	-0.436640
2.213092	-4.228499	-0.416120
2.213092	-4.206379	-0.420840
2.213102	-4.234629	-0.406730
2.213202	-4.208379	-0.418790
2.213232	-4.234699	-0.430450
2.213353	-4.224429	-0.413600
2.213362	-4.223609	-0.421310
2.213402	-4.233819	-0.428220
2.213402	-4.232179	-0.427440
2.213452	-4.219699	-0.415080
2.213503	-4.230099	-0.425720
2.213532	-4.227909	-0.424730
2.213592	-4.225419	-0.416440
2.213592	-4.223799	-0.416370
2.213622	-4.205279	-0.419500
2.213662	-4.237469	-0.404490
2.213662	-4.236929	-0.412120
2.213703	-4.226859	-0.415860
2.213732	-4.237469	-0.406170
2.213743	-4.216229	-0.414720
2.213772	-4.234489	-0.409990
2.213782	-4.234219	-0.426510
2.213782	-4.224869	-0.422520
2.213852	-4.230149	-0.415080
2.213862	-4.206439	-0.418530
2.213912	-4.232348	-0.413250
2.213942	-4.226729	-0.423580
2.213962	-4.230659	-0.424230
2.214012	-4.233339	-0.411010
2.214082	-4.236209	-0.407720
2.214082	-4.231789	-0.414900
2.214112	-4.224139	-0.419830
2.214132	-4.228459	-0.423280
2.214192	-4.234458	-0.432560
2.214222	-4.231759	-0.411470
2.214222	-4.231169	-0.435550
2.214232	-4.233939	-0.424650
2.214232	-4.210529	-0.417480
2.214332	-4.225279	-0.415110
2.214363	-4.232439	-0.423170
2.214432	-4.234979	-0.429130
2.214462	-4.225389	-0.421070
2.214532	-4.229749	-0.416640
2.214542	-4.227739	-0.417750
2.214542	-4.225399	-0.418200
2.214582	-4.214529	-0.415170
2.214642	-4.231089	-0.407370
2.214812	-4.226719	-0.419410
2.214812	-4.219129	-0.414760
2.214822	-4.231089	-0.413010
2.214872	-4.213039	-0.416180
2.214922	-4.232669	-0.406240
2.214922	-4.222539	-0.416580
2.214982	-4.225929	-0.422420
2.215002	-4.228719	-0.411920
2.215062	-4.233129	-0.430960
2.215062	-4.208739	-0.416670
2.215102	-4.234839	-0.427240
2.215102	-4.234809	-0.406310
2.215202	-4.207169	-0.418240
2.215242	-4.227799	-0.414270
2.215272	-4.234809	-0.431200
2.215272	-4.234209	-0.410760
2.215282	-4.229609	-0.418170
2.215282	-4.220579	-0.415090
2.215313	-4.233719	-0.433410
2.215332	-4.210899	-0.415850
2.215342	-4.232599	-0.435050
2.215382	-4.225099	-0.416580
2.215412	-4.233089	-0.412940
2.215452	-4.232039	-0.414020
2.215482	-4.237209	-0.413690
2.215542	-4.231499	-0.433450
2.215542	-4.216599	-0.414430
2.215552	-4.235329	-0.408490
2.215592	-4.230949	-0.421870
2.215622	-4.230919	-0.409990
2.215642	-4.228389	-0.419160
2.215663	-4.238729	-0.403510
2.215742	-4.227839	-0.420700
2.215782	-4.227339	-0.422340
2.215802	-4.227109	-0.417050
2.215832	-4.235299	-0.405050
2.215832	-4.232489	-0.423590
2.215853	-4.209699	-0.418160
2.215902	-4.233579	-0.426430
2.215972	-4.233549	-0.405510
2.216013	-4.230879	-0.424010
2.216013	-4.230429	-0.414370
2.216152	-4.232949	-0.428640
2.216182	-4.233549	-0.432040
2.216182	-4.214409	-0.414830
2.216203	-4.212899	-0.415110
2.216292	-4.236379	-0.407230
2.216292	-4.232419	-0.425170
2.216363	-4.226789	-0.412410
2.216432	-4.236349	-0.403830
2.216473	-4.206009	-0.417610
2.216542	-4.233999	-0.430290
2.216572	-4.237469	-0.405540
2.216622	-4.230489	-0.433060
2.216642	-4.232348	-0.434180
2.216772	-4.209049	-0.416380
2.216802	-4.228269	-0.423520
2.216832	-4.226619	-0.421040
2.217033	-4.230219	-0.413010
2.217073	-4.218429	-0.414360
2.217102	-4.216589	-0.414060
2.217132	-4.232249	-0.426680
2.217192	-4.207719	-0.417430
2.217242	-4.232249	-0.432320
2.217312	-4.225309	-0.416130
2.217342	-4.226799	-0.418340
2.217542	-4.211719	-0.415110
2.217622	-4.230109	-0.414580
2.217802	-4.232139	-0.428180
2.217812	-4.228859	-0.434210
2.217822	-4.213879	-0.414290
2.217832	-4.233229	-0.429940
2.218042	-4.230499	-0.424120
2.218152	-4.231579	-0.429800
2.218152	-4.227368	-0.415590
2.218182	-4.227689	-0.422170
2.218222	-4.232039	-0.413950
2.218242	-4.215379	-0.414000
2.218262	-4.222559	-0.415250
2.218302	-4.227669	-0.419510
2.218412	-4.228839	-0.435700
2.218412	-4.226139	-0.421300
2.218462	-4.221379	-0.416270
2.218522	-4.230799	-0.433190
2.218532	-4.233089	-0.411680
2.218752	-4.225479	-0.417870
2.218752	-4.217729	-0.414480
2.218842	-4.207989	-0.417100
2.218872	-4.225949	-0.415910
2.218882	-4.230919	-0.425620
2.218882	-4.223419	-0.416830
2.218942	-4.232189	-0.433670
2.218952	-4.231409	-0.431860
2.219132	-4.231369	-0.427870
2.219132	-4.229339	-0.421560
2.219172	-4.210109	-0.415680
2.219232	-4.230809	-0.415360
2.219272	-4.230849	-0.434600
2.219333	-4.221199	-0.414550
2.219462	-4.225119	-0.419430
2.219512	-4.219549	-0.414290
2.219552	-4.227009	-0.420830
2.219632	-4.223119	-0.414140
2.219692	-4.229929	-0.427790
2.219772	-4.226879	-0.414220
2.219772	-4.206579	-0.417620
2.219792	-4.232249	-0.412480
2.219792	-4.227099	-0.418170
2.219832	-4.211839	-0.414860
2.219862	-4.213649	-0.414560
2.219922	-4.228189	-0.416760
2.219972	-4.231229	-0.430500
2.220003	-4.220609	-0.415880
2.220162	-4.224859	-0.415320
2.220292	-4.225239	-0.413820
2.220292	-4.208169	-0.416440
2.220372	-4.216099	-0.414450
2.220472	-4.227899	-0.423370
2.220532	-4.230039	-0.425200
2.220532	-4.223629	-0.416440
2.220572	-4.210069	-0.416500
2.220642	-4.225499	-0.420900
2.220702	-4.221829	-0.415220
2.220782	-4.227299	-0.415840
2.220812	-4.227229	-0.419860
2.221093	-4.230499	-0.428500
2.221093	-4.227939	-0.414270
2.221293	-4.212689	-0.415240
2.221312	-4.223599	-0.414660
2.221362	-4.228939	-0.415580
2.221362	-4.211019	-0.415570
2.221372	-4.219809	-0.415530
2.221412	-4.230429	-0.430110
2.221442	-4.218249	-0.414370
2.221442	-4.215009	-0.415320
2.221542	-4.229909	-0.414430
2.221552	-4.228879	-0.423770
2.221652	-4.229828	-0.432840
2.221662	-4.228939	-0.421050
2.221763	-4.221809	-0.416650
2.221913	-4.227378	-0.421990
2.222022	-4.228139	-0.417660
2.222062	-4.228619	-0.431810
2.222113	-4.228689	-0.429680
2.222202	-4.216449	-0.414790
2.222272	-4.208559	-0.416480
2.222292	-4.206609	-0.417370
2.222382	-4.227649	-0.419310
2.222492	-4.227709	-0.414920
2.222542	-4.229709	-0.424550
2.222632	-4.229659	-0.426400
2.222642	-4.228689	-0.413370
2.222672	-4.218579	-0.415180
2.222692	-4.213459	-0.415580
2.222742	-4.229239	-0.422520
2.222892	-4.211999	-0.415950
2.223092	-4.230069	-0.428070
2.223262	-4.222049	-0.416340
2.223272	-4.228329	-0.416560
2.223282	-4.222369	-0.414740
2.223302	-4.229519	-0.431300
2.223403	-4.229519	-0.429590
2.223442	-4.224189	-0.415810
2.223512	-4.228529	-0.423870
2.223562	-4.226289	-0.414820
2.223732	-4.226719	-0.418130
2.223873	-4.228649	-0.418450
2.223882	-4.206869	-0.417670
2.223932	-4.228629	-0.414660
2.223932	-4.214549	-0.416440
2.223992	-4.210629	-0.416510
2.224002	-4.219349	-0.416060
2.224092	-4.229749	-0.424660
2.224112	-4.216649	-0.415360
2.224182	-4.229379	-0.426570
2.224263	-4.227539	-0.420530
2.224322	-4.228389	-0.433270
2.224352	-4.230099	-0.413250
2.224352	-4.228239	-0.431420
2.224352	-4.209049	-0.416890
2.224492	-4.229309	-0.428180
2.224613	-4.231689	-0.412250
2.224672	-4.220749	-0.416510
2.224842	-4.217669	-0.416340
2.224872	-4.222409	-0.414970
2.224992	-4.228219	-0.421780
2.225022	-4.211849	-0.416620
2.225032	-4.227189	-0.414590
2.225162	-4.228739	-0.425200
2.225162	-4.223869	-0.419910
2.225192	-4.228739	-0.430250
2.225342	-4.224809	-0.414820
2.225392	-4.228399	-0.417760
2.225442	-4.215319	-0.416130
2.225502	-4.228669	-0.415770
2.225542	-4.228149	-0.432420
2.225702	-4.213659	-0.416660
2.225722	-4.219039	-0.417320
2.225732	-4.228899	-0.422990
2.225752	-4.227619	-0.434040
2.225792	-4.209259	-0.416340
2.225822	-4.216339	-0.417180
2.225833	-4.207529	-0.417460
2.225922	-4.227079	-0.418960
2.226142	-4.221529	-0.416200
2.226252	-4.233269	-0.411400
2.226252	-4.229589	-0.413930
2.226293	-4.227659	-0.420430
2.226312	-4.230879	-0.412580
2.226352	-4.227539	-0.416470
2.226383	-4.229309	-0.427110
2.226392	-4.229029	-0.429320
2.226582	-4.210868	-0.416930
2.226632	-4.223029	-0.416160
2.226662	-4.214099	-0.418020
2.226702	-4.227939	-0.424220
2.226732	-4.217879	-0.417040
2.226802	-4.228428	-0.425910
2.226843	-4.212519	-0.417350
2.226902	-4.228259	-0.421670
2.226912	-4.227409	-0.432630
2.226942	-4.224149	-0.419530
2.227122	-4.226849	-0.434250
2.227222	-4.227829	-0.430850
2.227262	-4.220299	-0.417040
2.227322	-4.228069	-0.414450
2.227332	-4.222929	-0.418230
2.227433	-4.224569	-0.417740
2.227433	-4.208499	-0.417270
2.227442	-4.226899	-0.417780
2.227542	-4.218159	-0.418550
2.227612	-4.228289	-0.427410
2.227622	-4.228449	-0.418140
2.227682	-4.227759	-0.429060
2.227712	-4.227378	-0.423010
2.227793	-4.215989	-0.418410
2.227932	-4.221819	-0.416910
2.228012	-4.229779	-0.412940
2.228143	-4.223619	-0.415650
2.228143	-4.213809	-0.420470
2.228143	-4.213809	-0.418230
2.228143	-4.209919	-0.416410
2.228312	-4.227659	-0.424400
2.228352	-4.227819	-0.420290
2.228352	-4.223309	-0.419700
2.228382	-4.219599	-0.418410
2.228493	-4.214799	-0.419320
2.228512	-4.217059	-0.417040
2.228562	-4.211219	-0.417460
2.228592	-4.227589	-0.426010
2.228632	-4.227919	-0.415240
2.228832	-4.225348	-0.415430
2.228942	-4.224819	-0.418510
2.229082	-4.219459	-0.419950
2.229222	-4.226959	-0.423030
2.229292	-4.226469	-0.430320
2.229292	-4.209749	-0.417810
2.229402	-4.212659	-0.421240
2.229432	-4.217809	-0.420330
2.229512	-4.228979	-0.414310
2.229642	-4.226889	-0.427410
2.229642	-4.216829	-0.419140
2.229682	-4.220889	-0.418720
2.229682	-4.212029	-0.418370
2.229752	-4.213039	-0.419530
2.229852	-4.226849	-0.425130
2.229852	-4.225169	-0.417180
2.229882	-4.225618	-0.413820
2.229962	-4.225958	-0.420370
2.230032	-4.226819	-0.429020
2.230032	-4.214059	-0.420610
2.230102	-4.221909	-0.419810
2.230132	-4.227609	-0.417590
2.230282	-4.226169	-0.415800
2.230382	-4.226219	-0.418230
2.230412	-4.217208	-0.421770
2.230452	-4.225699	-0.423800
2.230452	-4.215009	-0.422230
2.230452	-4.209989	-0.419210
2.230523	-4.220719	-0.423030
2.230523	-4.211399	-0.419810
2.230552	-4.224499	-0.418690
2.230622	-4.226189	-0.422120
2.230622	-4.220189	-0.420720
2.230782	-4.227209	-0.423700
2.230872	-4.225629	-0.431020
2.230923	-4.229979	-0.413900
2.230972	-4.218619	-0.421140
2.231042	-4.210379	-0.420790
2.231072	-4.218419	-0.417040
2.231182	-4.212039	-0.417590
2.231222	-4.222189	-0.422930
2.231242	-4.227329	-0.415510
2.231292	-4.218579	-0.423310
2.231292	-4.217039	-0.423240
2.231402	-4.224819	-0.416960
2.231432	-4.220549	-0.417450
2.231473	-4.214829	-0.420860
2.231572	-4.224329	-0.424050
2.231612	-4.219529	-0.422160
2.231712	-4.221599	-0.419980
2.231852	-4.224779	-0.427940
2.231872	-4.224059	-0.415170
2.231892	-4.225419	-0.425130
2.231932	-4.227539	-0.417510
2.231992	-4.219949	-0.423770
2.232172	-4.225379	-0.422820
2.232312	-4.225348	-0.418300
2.232452	-4.223498	-0.417530
2.232552	-4.223139	-0.427690
2.232552	-4.220929	-0.421420
2.232662	-4.221449	-0.423100
2.232692	-4.217809	-0.421840
2.232873	-4.225239	-0.420440
2.232932	-4.215239	-0.418550
2.232942	-4.223069	-0.423660
2.232962	-4.229409	-0.415510
2.232972	-4.224079	-0.426540
2.232972	-4.221388	-0.417830
2.233012	-4.222438	-0.421940
2.233152	-4.218759	-0.424010
2.233223	-4.222999	-0.419140
2.233262	-4.227069	-0.416370
2.233302	-4.213989	-0.419950
2.233362	-4.224369	-0.424940
2.233372	-4.225459	-0.416750
2.233392	-4.222399	-0.426360
2.233432	-4.226389	-0.418380
2.233462	-4.221809	-0.427970
2.233672	-4.223449	-0.429130
2.233952	-4.224399	-0.419560
2.233952	-4.224189	-0.423200
2.233992	-4.221209	-0.425590
2.234002	-4.223659	-0.417760
2.234062	-4.221699	-0.420540
2.234102	-4.216279	-0.419700
2.234302	-4.220609	-0.428850
2.234342	-4.223839	-0.421700
2.234342	-4.223309	-0.427270
2.234512	-4.220019	-0.424290
2.234612	-4.213499	-0.421270
2.234662	-4.226639	-0.419890
2.234942	-4.222119	-0.428780
2.234942	-4.222088	-0.423170
2.235082	-4.218899	-0.425240
2.235242	-4.220449	-0.417970
2.235302	-4.218999	-0.420730
2.235432	-4.222209	-0.417780
2.235532	-4.223099	-0.419140
2.235853	-4.219278	-0.423940
2.235972	-4.219649	-0.421970
2.236092	-4.222999	-0.420680
2.236132	-4.220819	-0.428990
2.237042	-4.222299	-0.419320
2.262582	-4.374269	-0.371880
2.262762	-4.373699	-0.373320
2.263212	-4.376169	-0.370260
2.264302	-4.375049	-0.369900
2.264542	-4.374479	-0.368020
2.264702	-4.371959	-0.372500
2.264762	-4.375049	-0.374610
2.264872	-4.373119	-0.374330
2.265062	-4.373249	-0.366280
2.265682	-4.375489	-0.361930
2.265862	-4.374359	-0.369530
2.266092	-4.372089	-0.367950
2.266112	-4.373539	-0.371000
2.266132	-4.372269	-0.364550
2.266242	-4.373838	-0.362950
2.266292	-4.374599	-0.372870
2.266402	-4.374119	-0.374970
2.266452	-4.372428	-0.373250
2.266522	-4.375829	-0.371300
2.266742	-4.376539	-0.375900
2.266822	-4.373569	-0.368400
2.267272	-4.374169	-0.367010
2.267302	-4.377179	-0.371820
2.267352	-4.372369	-0.365990
2.267392	-4.372519	-0.362630
2.267422	-4.375219	-0.370170
2.267602	-4.376199	-0.373370
2.267622	-4.378179	-0.370330
2.267752	-4.371328	-0.364880
2.267803	-4.376258	-0.366680
2.268082	-4.375659	-0.364800
2.268132	-4.373759	-0.365140
2.268262	-4.373838	-0.360490
2.268352	-4.375849	-0.374820
2.268542	-4.371129	-0.363010
2.268552	-4.377049	-0.376650
2.268623	-4.380689	-0.369950
2.268652	-4.378859	-0.371620
2.268812	-4.372259	-0.361480
2.268922	-4.376709	-0.369380
2.269032	-4.376859	-0.364030
2.269302	-4.375799	-0.368230
2.269312	-4.375939	-0.366240
2.269322	-4.380689	-0.371370
2.269452	-4.378199	-0.373180
2.269452	-4.374739	-0.376500
2.269502	-4.378449	-0.369120
2.269512	-4.380359	-0.368780
2.269552	-4.373959	-0.359230
2.269642	-4.371569	-0.364380
2.269762	-4.378199	-0.363840
2.269892	-4.371109	-0.361790
2.269912	-4.383139	-0.368310
2.269922	-4.376309	-0.362860
2.270012	-4.379119	-0.367700
2.270022	-4.377139	-0.367420
2.270072	-4.377219	-0.365390
2.270152	-4.376109	-0.376310
2.270192	-4.371969	-0.362990
2.270212	-4.382049	-0.370560
2.270242	-4.377678	-0.377370
2.270312	-4.382069	-0.367200
2.270332	-4.380759	-0.362120
2.270383	-4.379639	-0.373010
2.270423	-4.381379	-0.372700
2.270562	-4.378169	-0.361940
2.270583	-4.378959	-0.375150
2.270612	-4.380699	-0.374170
2.270732	-4.374169	-0.362670
2.270822	-4.379379	-0.363070
2.270842	-4.380759	-0.366160
2.270922	-4.382259	-0.369250
2.270973	-4.378699	-0.365880
2.271062	-4.371839	-0.360430
2.271092	-4.373579	-0.358120
2.271252	-4.383689	-0.365690
2.271532	-4.378109	-0.376080
2.271622	-4.382189	-0.371330
2.271672	-4.378999	-0.361240
2.271672	-4.377199	-0.361550
2.271682	-4.384099	-0.368300
2.271762	-4.385849	-0.366660
2.271802	-4.380649	-0.360930
2.271892	-4.376999	-0.377660
2.272072	-4.372169	-0.361820
2.272152	-4.381299	-0.364870
2.272162	-4.374469	-0.356050
2.272212	-4.381449	-0.362170
2.272262	-4.384709	-0.364920
2.272292	-4.381999	-0.373420
2.272343	-4.378959	-0.363990
2.272522	-4.379209	-0.377970
2.272532	-4.374959	-0.361360
2.272592	-4.381059	-0.374970
2.272622	-4.383359	-0.369860
2.272652	-4.382119	-0.360790
2.272692	-4.367279	-0.371520
2.272692	-4.366219	-0.373300
2.272733	-4.365139	-0.374480
2.272872	-4.366408	-0.367480
2.272893	-4.384209	-0.371100
2.272893	-4.367559	-0.374850
2.272912	-4.382409	-0.372070
2.272922	-4.367589	-0.366370
2.272952	-4.371939	-0.360620
2.272972	-4.366549	-0.370150
2.273052	-4.367769	-0.368370
2.273142	-4.383329	-0.373940
2.273172	-4.367898	-0.372970
2.273182	-4.380499	-0.363780
2.273232	-4.380639	-0.360420
2.273232	-4.378799	-0.360760
2.273262	-4.382208	-0.363470
2.273272	-4.385359	-0.366910
2.273342	-4.384939	-0.368980
2.273372	-4.370969	-0.359480
2.273372	-4.364809	-0.372560
2.273402	-4.364829	-0.369930
2.273452	-4.378599	-0.376840
2.273492	-4.366069	-0.368820
2.273532	-4.367299	-0.376190
2.273582	-4.386639	-0.364720
2.273593	-4.381799	-0.378260
2.273622	-4.372419	-0.357250
2.273672	-4.375789	-0.360660
2.273732	-4.368639	-0.377080
2.273812	-4.380829	-0.362430
2.273922	-4.373138	-0.360480
2.273953	-4.376999	-0.359790
2.274012	-4.383689	-0.363290
2.274082	-4.382509	-0.374840
2.274103	-4.365748	-0.375380
2.274113	-4.381899	-0.360270
2.274202	-4.383399	-0.360700
2.274212	-4.386619	-0.366100
2.274212	-4.366969	-0.367080
2.274252	-4.374489	-0.356920
2.274272	-4.372299	-0.358670
2.274303	-4.364859	-0.373970
2.274322	-4.384199	-0.370550
2.274372	-4.383889	-0.372610
2.274392	-4.379689	-0.378060
2.274402	-4.369469	-0.365500
2.274453	-4.382619	-0.362210
2.274562	-4.367399	-0.364570
2.274712	-4.385529	-0.363030
2.274812	-4.378389	-0.359650
2.274892	-4.376349	-0.358660
2.274892	-4.367829	-0.365980
2.274952	-4.365639	-0.366310
2.274982	-4.370199	-0.363720
2.275003	-4.374599	-0.354980
2.275012	-4.376258	-0.356040
2.275022	-4.383809	-0.374030
2.275092	-4.385899	-0.369660
2.275172	-4.364869	-0.369500
2.275192	-4.385419	-0.372430
2.275202	-4.384289	-0.361960
2.275212	-4.367169	-0.376390
2.275262	-4.379019	-0.358230
2.275292	-4.377329	-0.357210
2.275313	-4.364039	-0.372650
2.275412	-4.387219	-0.363440
2.275412	-4.380789	-0.376630
2.275432	-4.380289	-0.359360
2.275482	-4.386629	-0.367580
2.275482	-4.382429	-0.375690
2.275492	-4.369819	-0.378130
2.275713	-4.371119	-0.362650
2.275722	-4.383159	-0.359550
2.275762	-4.365599	-0.367720
2.275802	-4.381339	-0.378560
2.275852	-4.385199	-0.373850
2.275852	-4.364749	-0.374130
2.275902	-4.379409	-0.377620
2.275922	-4.387049	-0.366190
2.275922	-4.386019	-0.361740
2.275952	-4.363879	-0.370760
2.276073	-4.365989	-0.374980
2.276082	-4.368259	-0.364240
2.276112	-4.386189	-0.371030
2.276162	-4.382049	-0.358480
2.276162	-4.378688	-0.355730
2.276182	-4.383968	-0.358130
2.276262	-4.388259	-0.362040
2.276302	-4.366279	-0.365950
2.276352	-4.387779	-0.364770
2.276402	-4.371989	-0.361540
2.276502	-4.370959	-0.359430
2.276532	-4.370978	-0.356840
2.276562	-4.374219	-0.354540
2.276582	-4.364669	-0.368990
2.276612	-4.375749	-0.354930
2.276622	-4.382669	-0.379080
2.276732	-4.369119	-0.377510
2.276752	-4.384169	-0.374820
2.276772	-4.380739	-0.377440
2.276782	-4.369949	-0.358190
2.276812	-4.386259	-0.368420
2.276852	-4.370339	-0.361360
2.276932	-4.369319	-0.362510
2.277002	-4.387309	-0.370250
2.277002	-4.372869	-0.359590
2.277002	-4.372738	-0.356550
2.277062	-4.372669	-0.358050
2.277132	-4.379719	-0.356290
2.277222	-4.382859	-0.375780
2.277273	-4.381189	-0.357390
2.277273	-4.364499	-0.372950
2.277342	-4.371029	-0.378510
2.277352	-4.366589	-0.364810
2.277433	-4.367699	-0.363660
2.277462	-4.377219	-0.354790
2.277482	-4.380379	-0.378930
2.277522	-4.385759	-0.373270
2.277552	-4.367879	-0.376100
2.277562	-4.378679	-0.355180
2.277572	-4.388129	-0.366170
2.277652	-4.386369	-0.361160
2.277682	-4.364039	-0.370330
2.277732	-4.368579	-0.357950
2.277782	-4.387809	-0.364250
2.277792	-4.382918	-0.357790
2.277802	-4.387419	-0.367650
2.277872	-4.369669	-0.356860
2.277892	-4.365239	-0.366620
2.277962	-4.387439	-0.362330
2.278042	-4.386469	-0.371190
2.278072	-4.374158	-0.356580
2.278182	-4.369759	-0.360940
2.278182	-4.364659	-0.368510
2.278212	-4.381829	-0.377410
2.278232	-4.373788	-0.358100
2.278272	-4.365779	-0.374590
2.278362	-4.368919	-0.377030
2.278462	-4.374639	-0.353970
2.278502	-4.384409	-0.357610
2.278542	-4.371338	-0.357780
2.278592	-4.389089	-0.368760
2.278622	-4.366159	-0.365520
2.278722	-4.371549	-0.355860
2.278752	-4.384379	-0.374320
2.278793	-4.386399	-0.372610
2.278802	-4.388739	-0.366840
2.278843	-4.385339	-0.359480
2.278852	-4.381909	-0.356770
2.278872	-4.363339	-0.369740
2.278962	-4.376969	-0.354300
2.278972	-4.386949	-0.360540
2.278993	-4.367669	-0.359280
2.279012	-4.381349	-0.378900
2.279012	-4.368679	-0.362040
2.279062	-4.371609	-0.359460
2.279102	-4.383339	-0.375870
2.279162	-4.367179	-0.362280
2.279202	-4.370339	-0.356650
2.279242	-4.379279	-0.355270
2.279342	-4.388739	-0.370220
2.279393	-4.365099	-0.373300
2.279402	-4.371319	-0.361150
2.279492	-4.383909	-0.356480
2.279512	-4.369209	-0.359280
2.279612	-4.366459	-0.374860
2.279662	-4.388399	-0.363680
2.279662	-4.372748	-0.354820
2.279742	-4.374779	-0.355020
2.279802	-4.381198	-0.355640
2.279802	-4.368819	-0.376520
2.279822	-4.370789	-0.378120
2.279832	-4.364569	-0.371340
2.279872	-4.365379	-0.363710
2.279902	-4.386519	-0.358710
2.279902	-4.367989	-0.356930
2.279922	-4.387899	-0.361790
2.279982	-4.365109	-0.365190
2.280022	-4.374089	-0.356500
2.280053	-4.388949	-0.365620
2.280072	-4.388739	-0.368320
2.280092	-4.372179	-0.357420
2.280192	-4.368589	-0.360810
2.280192	-4.361839	-0.378150
2.280212	-4.373599	-0.358020
2.280222	-4.382229	-0.376840
2.280302	-4.364079	-0.378490
2.280332	-4.364049	-0.368710
2.280342	-4.364189	-0.366680
2.280352	-4.389949	-0.367450
2.280382	-4.383909	-0.375240
2.280382	-4.367449	-0.375750
2.280482	-4.385369	-0.374300
2.280502	-4.367808	-0.359560
2.280512	-4.381379	-0.378390
2.280512	-4.372799	-0.379820
2.280542	-4.384949	-0.357700
2.280542	-4.367629	-0.363340
2.280553	-4.374439	-0.353540
2.280622	-4.365549	-0.376790
2.280632	-4.377379	-0.354280
2.280642	-4.364489	-0.375340
2.280672	-4.389349	-0.364270
2.280672	-4.387799	-0.359890
2.280682	-4.386749	-0.372740
2.280762	-4.390819	-0.366000
2.280793	-4.389329	-0.361610
2.280852	-4.382369	-0.356200
2.280892	-4.383989	-0.377950
2.280902	-4.360999	-0.379420
2.280912	-4.380359	-0.354550
2.280922	-4.389929	-0.370830
2.280922	-4.366669	-0.362210
2.280942	-4.392439	-0.365060
2.280972	-4.392158	-0.367790
2.280992	-4.395449	-0.369170
2.281022	-4.389869	-0.368870
2.281032	-4.362899	-0.377120
2.281042	-4.372259	-0.358830
2.281042	-4.361159	-0.376860
2.281062	-4.370409	-0.356300
2.281062	-4.362959	-0.379750
2.281102	-4.366149	-0.374340
2.281143	-4.360209	-0.378050
2.281182	-4.375799	-0.354130
2.281202	-4.388049	-0.363230
2.281222	-4.393149	-0.368960
2.281242	-4.391319	-0.369970
2.281272	-4.367519	-0.377160
2.281322	-4.365339	-0.372270
2.281382	-4.388579	-0.372490
2.281392	-4.370429	-0.359330
2.281412	-4.365499	-0.379490
2.281432	-4.370899	-0.378350
2.281442	-4.378989	-0.354170
2.281472	-4.368799	-0.361680
2.281532	-4.364459	-0.370200
2.281572	-4.391929	-0.372540
2.281642	-4.364839	-0.365150
2.281672	-4.373939	-0.354920
2.281692	-4.390669	-0.364130
2.281702	-4.393819	-0.365740
2.281712	-4.370169	-0.376940
2.281732	-4.387538	-0.374030
2.281762	-4.381969	-0.355030
2.281772	-4.387029	-0.357470
2.281832	-4.385099	-0.356480
2.281872	-4.388429	-0.359230
2.281992	-4.371629	-0.379830
2.282002	-4.394639	-0.370070
2.282022	-4.382839	-0.377600
2.282032	-4.372979	-0.356410
2.282102	-4.363679	-0.366570
2.282102	-4.358219	-0.379830
2.282112	-4.384658	-0.375260
2.282142	-4.364298	-0.374830
2.282192	-4.366389	-0.364690
2.282212	-4.387449	-0.360770
2.282262	-4.363259	-0.368090
2.282272	-4.392379	-0.365870
2.282282	-4.370509	-0.354970
2.282352	-4.367879	-0.360710
2.282382	-4.392249	-0.363910
2.282382	-4.388999	-0.361840
2.282392	-4.394319	-0.364400
2.282402	-4.389608	-0.373710
2.282452	-4.372229	-0.381280
2.282452	-4.362919	-0.380570
2.282532	-4.396119	-0.366790
2.282542	-4.360749	-0.378280
2.282553	-4.397419	-0.365410
2.282563	-4.365779	-0.373130
2.282572	-4.371599	-0.357830
2.282672	-4.373309	-0.358550
2.282692	-4.383029	-0.354260
2.282772	-4.365069	-0.371100
2.282802	-4.375579	-0.352240
2.282812	-4.389839	-0.359080
2.282812	-4.384509	-0.377380
2.282832	-4.396229	-0.362950
2.282832	-4.367259	-0.380610
2.282842	-4.377419	-0.352600
2.282852	-4.394089	-0.368940
2.282882	-4.386029	-0.357080
2.282913	-4.367289	-0.362950
2.282922	-4.368499	-0.379470
2.282932	-4.387939	-0.358100
2.282932	-4.360239	-0.380210
2.282972	-4.380359	-0.354330
2.283022	-4.367148	-0.359560
2.283022	-4.362578	-0.374690
2.283162	-4.365779	-0.362070
2.283252	-4.392979	-0.370530
2.283263	-4.390009	-0.363090
2.283342	-4.372149	-0.352870
2.283352	-4.398119	-0.366590
2.283352	-4.370318	-0.353180
2.283373	-4.365209	-0.363590
2.283432	-4.369389	-0.359200
2.283462	-4.396979	-0.367970
2.283482	-4.393599	-0.366970
2.283532	-4.364298	-0.373690
2.283542	-4.360969	-0.374510
2.283552	-4.386519	-0.375060
2.283552	-4.371179	-0.356410
2.283552	-4.370429	-0.379180
2.283552	-4.368099	-0.361810
2.283552	-4.364298	-0.369770
2.283562	-4.360019	-0.371760
2.283592	-4.378979	-0.353050
2.283602	-4.364719	-0.365070
2.283652	-4.393559	-0.363120
2.283682	-4.373129	-0.354820
2.283682	-4.361168	-0.377170
2.283692	-4.358069	-0.380340
2.283752	-4.359309	-0.373650
2.283792	-4.392229	-0.365770
2.283822	-4.372839	-0.356330
2.283832	-4.371889	-0.382060
2.283862	-4.389499	-0.372560
2.283882	-4.371939	-0.379440
2.283882	-4.363599	-0.372320
2.283892	-4.388439	-0.362750
2.283932	-4.391799	-0.362840
2.283942	-4.385468	-0.355290
2.283952	-4.391109	-0.371590
2.283972	-4.397829	-0.376340
2.283972	-4.381759	-0.351950
2.283982	-4.383279	-0.355000
2.284032	-4.364889	-0.367950
2.284092	-4.374149	-0.358150
2.284112	-4.363409	-0.366490
2.284142	-4.361709	-0.379290
2.284152	-4.361739	-0.372100
2.284182	-4.365059	-0.371920
2.284212	-4.394279	-0.368140
2.284212	-4.367269	-0.360600
2.284222	-4.389689	-0.359900
2.284242	-4.382839	-0.377840
2.284302	-4.359058	-0.376290
2.284342	-4.388229	-0.373520
2.284382	-4.395829	-0.361640
2.284402	-4.382279	-0.353890
2.284473	-4.387488	-0.356320
2.284473	-4.357119	-0.374730
2.284483	-4.371499	-0.354560
2.284492	-4.366579	-0.362090
2.284552	-4.370859	-0.357730
2.284562	-4.380179	-0.352940
2.284562	-4.371579	-0.359150
2.284592	-4.396349	-0.369210
2.284592	-4.367339	-0.363810
2.284732	-4.365769	-0.365550
2.284742	-4.388559	-0.357490
2.284752	-4.389759	-0.361940
2.284792	-4.393009	-0.364390
2.284792	-4.391469	-0.361640
2.284792	-4.390049	-0.357920
2.284823	-4.361549	-0.367890
2.284882	-4.361389	-0.369400
2.284912	-4.375179	-0.357080
2.284952	-4.368739	-0.361440
2.285092	-4.386209	-0.374620
2.285133	-4.360099	-0.373290
2.285162	-4.394889	-0.374370
2.285162	-4.384089	-0.354340
2.285172	-4.391509	-0.364500
2.285172	-4.365239	-0.370780
2.285182	-4.356859	-0.372810
2.285202	-4.364719	-0.363480
2.285232	-4.375569	-0.353900
2.285292	-4.373549	-0.354800
2.285292	-4.360289	-0.370700
2.285302	-4.359819	-0.377890
2.285402	-4.392689	-0.373460
2.285442	-4.370119	-0.353780
2.285442	-4.357579	-0.380480
2.285502	-4.373088	-0.356280
2.285512	-4.359259	-0.379470
2.285523	-4.383059	-0.376580
2.285542	-4.372839	-0.352900
2.285562	-4.394829	-0.360640
2.285582	-4.393539	-0.361790
2.285582	-4.369599	-0.358120
2.285592	-4.372889	-0.358160
2.285612	-4.390219	-0.374610
2.285612	-4.368109	-0.359070
2.285612	-4.358069	-0.378280
2.285632	-4.392119	-0.369520
2.285642	-4.391989	-0.367000
2.285712	-4.397609	-0.376700
2.285712	-4.381189	-0.352210
2.285732	-4.389229	-0.358780
2.285732	-4.363339	-0.364910
2.285802	-4.391678	-0.356810
2.285812	-4.382659	-0.351300
2.285862	-4.385849	-0.355410
2.285872	-4.362939	-0.379040
2.285892	-4.399399	-0.377840
2.285892	-4.371529	-0.355950
2.285892	-4.363879	-0.370000
2.285902	-4.358859	-0.373850
2.285922	-4.393559	-0.356650
2.285932	-4.389659	-0.371400
2.285952	-4.390398	-0.361280
2.285952	-4.377799	-0.379640
2.285962	-4.392339	-0.360940
2.285962	-4.370019	-0.360410
2.285982	-4.362928	-0.372520
2.286033	-4.364659	-0.379680
2.286043	-4.396079	-0.373560
2.286062	-4.392179	-0.363120
2.286092	-4.395769	-0.375630
2.286092	-4.387069	-0.373880
2.286092	-4.381309	-0.378050
2.286092	-4.371509	-0.357710
2.286132	-4.400939	-0.377990
2.286132	-4.371369	-0.359310
2.286132	-4.358079	-0.372450
2.286142	-4.366729	-0.360530
2.286142	-4.362909	-0.380620
2.286152	-4.362479	-0.370950
2.286172	-4.367529	-0.363380
2.286172	-4.365669	-0.359420
2.286192	-4.390689	-0.373230
2.286202	-4.360389	-0.374740
2.286212	-4.360389	-0.372150
2.286243	-4.364289	-0.366820
2.286243	-4.363369	-0.363450
2.286312	-4.381109	-0.353620
2.286342	-4.393679	-0.372720
2.286362	-4.382699	-0.354020
2.286383	-4.361609	-0.367900
2.286392	-4.388349	-0.373020
2.286432	-4.386088	-0.375430
2.286432	-4.379719	-0.379450
2.286472	-4.361409	-0.366310
2.286492	-4.361769	-0.364520
2.286522	-4.392139	-0.365680
2.286562	-4.389989	-0.370050
2.286562	-4.361239	-0.369360
2.286572	-4.388889	-0.360940
2.286592	-4.395879	-0.361560
2.286602	-4.365459	-0.361950
2.286642	-4.365829	-0.367750
2.286802	-4.373729	-0.354750
2.286802	-4.371809	-0.353600
2.286802	-4.359929	-0.376490
2.286832	-4.391129	-0.368560
2.286852	-4.378459	-0.378260
2.286882	-4.369389	-0.362380
2.286892	-4.369349	-0.359110
2.286892	-4.364769	-0.363440
2.286912	-4.388129	-0.359090
2.286912	-4.357719	-0.374700
2.286933	-4.380009	-0.376840
2.286952	-4.360169	-0.367760
2.286962	-4.400199	-0.376430
2.286962	-4.394519	-0.359090
2.286972	-4.391459	-0.359880
2.287032	-4.389629	-0.359520
2.287042	-4.389879	-0.356830
2.287042	-4.388679	-0.371010
2.287082	-4.391769	-0.372460
2.287102	-4.387829	-0.356510
2.287102	-4.368889	-0.360590
2.287162	-4.372769	-0.356200
2.287172	-4.391499	-0.366950
2.287172	-4.378999	-0.352730
2.287272	-4.389598	-0.372870
2.287292	-4.363759	-0.364890
2.287302	-4.393049	-0.359190
2.287322	-4.363959	-0.374040
2.287342	-4.360679	-0.371010
2.287372	-4.375109	-0.352760
2.287402	-4.365919	-0.360260
2.287432	-4.363739	-0.375550
2.287492	-4.371939	-0.354980
2.287512	-4.367009	-0.359210
2.287532	-4.393239	-0.360920
2.287532	-4.363119	-0.366370
2.287542	-4.371009	-0.360090
2.287542	-4.363199	-0.367910
2.287562	-4.396629	-0.358870
2.287572	-4.392369	-0.371070
2.287572	-4.363099	-0.369420
2.287582	-4.364199	-0.380940
2.287582	-4.361919	-0.380270
2.287622	-4.390469	-0.371420
2.287622	-4.375769	-0.379720
2.287622	-4.361049	-0.373050
2.287632	-4.363029	-0.370930
2.287682	-4.367129	-0.364130
2.287712	-4.362939	-0.372440
2.287722	-4.364169	-0.378170
2.287782	-4.397629	-0.377890
2.287793	-4.359159	-0.378980
2.287803	-4.399439	-0.378990
2.287822	-4.395759	-0.370390
2.287822	-4.395089	-0.373260
2.287822	-4.365249	-0.379330
2.287852	-4.385999	-0.355580
2.287862	-4.390039	-0.368870
2.287862	-4.364399	-0.361790
2.287892	-4.383989	-0.354630
2.287892	-4.366809	-0.361990
2.287902	-4.394049	-0.370550
2.287932	-4.362409	-0.378030
2.287993	-4.388988	-0.357730
2.288022	-4.392259	-0.368130
2.288022	-4.392089	-0.364310
2.288022	-4.373729	-0.353320
2.288032	-4.366299	-0.380450
2.288042	-4.361549	-0.368610
2.288072	-4.381919	-0.353640
2.288092	-4.399449	-0.375140
2.288092	-4.374829	-0.354760
2.288242	-4.367818	-0.360390
2.288302	-4.369749	-0.357550
2.288322	-4.358849	-0.370230
2.288352	-4.360029	-0.376700
2.288382	-4.395919	-0.360680
2.288402	-4.383149	-0.376500
2.288422	-4.366758	-0.378730
2.288452	-4.365879	-0.377150
2.288462	-4.392319	-0.361730
2.288492	-4.382759	-0.350890
2.288532	-4.396389	-0.371600
2.288552	-4.390799	-0.358800
2.288562	-4.396499	-0.374120
2.288562	-4.362199	-0.363140
2.288572	-4.365029	-0.363390
2.288652	-4.380448	-0.353310
2.288672	-4.377529	-0.353370
2.288693	-4.391429	-0.370020
2.288702	-4.364729	-0.364900
2.288732	-4.387149	-0.356130
2.288752	-4.378499	-0.379450
2.288772	-4.392909	-0.369300
2.288772	-4.365559	-0.361430
2.288792	-4.364859	-0.375590
2.288792	-4.364539	-0.366410
2.288802	-4.372589	-0.355880
2.288802	-4.364519	-0.367920
2.288832	-4.372979	-0.357700
2.288842	-4.362169	-0.375090
2.288842	-4.360379	-0.379400
2.288972	-4.368149	-0.362030
2.288982	-4.376719	-0.354820
2.288992	-4.388719	-0.370540
2.288992	-4.376839	-0.356360
2.289013	-4.364259	-0.374020
2.289052	-4.364079	-0.372480
2.289052	-4.360349	-0.372770
2.289063	-4.363949	-0.369430
2.289082	-4.381149	-0.351890
2.289082	-4.362099	-0.376700
2.289082	-4.360309	-0.366180
2.289122	-4.394619	-0.361560
2.289122	-4.371139	-0.357490
2.289122	-4.365459	-0.381260
2.289132	-4.382779	-0.354270
2.289142	-4.397089	-0.376580
2.289142	-4.360818	-0.371240
2.289172	-4.389409	-0.356430
2.289203	-4.368139	-0.378780
2.289222	-4.391439	-0.366850
2.289222	-4.363049	-0.367650
2.289262	-4.365429	-0.378490
2.289272	-4.395369	-0.375460
2.289342	-4.386149	-0.354550
2.289363	-4.398689	-0.372610
2.289363	-4.364269	-0.359810
2.289392	-4.394719	-0.372150
2.289392	-4.375469	-0.379650
2.289392	-4.363259	-0.365760
2.289472	-4.371299	-0.359130
2.289492	-4.375479	-0.357820
2.289492	-4.367269	-0.377220
2.289542	-4.379869	-0.354970
2.289553	-4.390199	-0.357670
2.289582	-4.375719	-0.353110
2.289602	-4.391649	-0.364270
2.289642	-4.395569	-0.359880
2.289662	-4.373669	-0.354810
2.289682	-4.370509	-0.378700
2.289722	-4.399119	-0.374060
2.289753	-4.369949	-0.358400
2.289763	-4.366689	-0.380210
2.289772	-4.393719	-0.358730
2.289782	-4.365949	-0.363400
2.289812	-4.390359	-0.368330
2.289822	-4.361289	-0.363380
2.289832	-4.384479	-0.354720
2.289852	-4.360699	-0.378100
2.289852	-4.360099	-0.376420
2.289892	-4.363569	-0.380970
2.289922	-4.359079	-0.378000
2.289932	-4.366048	-0.375590
2.289952	-4.365999	-0.374090
2.289982	-4.377719	-0.377360
2.289992	-4.363009	-0.361240
2.290032	-4.368119	-0.359960
2.290042	-4.391919	-0.361690
2.290052	-4.369809	-0.360550
2.290092	-4.379499	-0.376750
2.290113	-4.382429	-0.350410
2.290122	-4.392229	-0.358710
2.290132	-4.361779	-0.373720
2.290212	-4.365199	-0.372490
2.290222	-4.392319	-0.368030
2.290262	-4.396079	-0.372780
2.290272	-4.372019	-0.356230
2.290272	-4.369839	-0.380170
2.290292	-4.373639	-0.356180
2.290372	-4.379778	-0.352230
2.290372	-4.372839	-0.358040
2.290432	-4.364509	-0.364730
2.290442	-4.393729	-0.356450
2.290453	-4.361709	-0.370360
2.290482	-4.393679	-0.360120
2.290512	-4.364199	-0.367880
2.290582	-4.390049	-0.355870
2.290623	-4.364479	-0.376490
2.290632	-4.387269	-0.355670
2.290662	-4.392179	-0.356550
2.290662	-4.373519	-0.353500
2.290662	-4.361639	-0.362120
2.290682	-4.389059	-0.357320
2.290692	-4.368659	-0.375720
2.290692	-4.368199	-0.380520
2.290712	-4.391089	-0.365540
2.290712	-4.368009	-0.361950
2.290723	-4.398459	-0.377670
2.290752	-4.368489	-0.377230
2.290762	-4.382099	-0.353860
2.290802	-4.366619	-0.377680
2.290802	-4.361009	-0.372420
2.290842	-4.374879	-0.379640
2.290842	-4.371249	-0.352270
2.290852	-4.363339	-0.370840
2.290862	-4.368269	-0.378740
2.290892	-4.394469	-0.371700
2.290912	-4.371249	-0.357700
2.290932	-4.375279	-0.353860
2.290942	-4.367458	-0.363430
2.290942	-4.363009	-0.369300
2.290963	-4.383159	-0.355060
2.290963	-4.367858	-0.374150
2.291012	-4.366549	-0.361770
2.291052	-4.371809	-0.379010
2.291052	-4.363259	-0.366500
2.291082	-4.396919	-0.376510
2.291082	-4.358769	-0.379360
2.291102	-4.375759	-0.357770
2.291152	-4.365429	-0.381400
2.291162	-4.390829	-0.363710
2.291192	-4.363219	-0.373580
2.291232	-4.366769	-0.364920
2.291262	-4.395179	-0.374090
2.291262	-4.375029	-0.355670
2.291262	-4.364309	-0.374700
2.291292	-4.376989	-0.378160
2.291372	-4.380839	-0.350170
2.291442	-4.391399	-0.359110
2.291452	-4.366448	-0.372530
2.291472	-4.367529	-0.360120
2.291472	-4.359189	-0.377680
2.291492	-4.390479	-0.357800
2.291502	-4.373799	-0.352270
2.291592	-4.370529	-0.377320
2.291592	-4.366339	-0.380140
2.291602	-4.370479	-0.375780
2.291612	-4.365899	-0.370960
2.291632	-4.392949	-0.367380
2.291702	-4.384819	-0.355510
2.291712	-4.397739	-0.374500
2.291712	-4.367458	-0.381400
2.291722	-4.393589	-0.369120
2.291742	-4.359739	-0.374130
2.291752	-4.393289	-0.359320
2.291792	-4.397619	-0.378670
2.291792	-4.380848	-0.375280
2.291802	-4.373579	-0.358310
2.291812	-4.369299	-0.360480
2.291832	-4.365169	-0.366340
2.291842	-4.379639	-0.351090
2.291852	-4.383049	-0.353420
2.291873	-4.391859	-0.361610
2.291902	-4.379259	-0.353150
2.291922	-4.368858	-0.359000
2.291942	-4.377589	-0.353240
2.292052	-4.364679	-0.369370
2.292072	-4.375869	-0.352750
2.292092	-4.369059	-0.374160
2.292133	-4.372089	-0.377190
2.292142	-4.388909	-0.356840
2.292142	-4.364399	-0.367830
2.292202	-4.373098	-0.355920
2.292202	-4.367779	-0.376350
2.292202	-4.360069	-0.376450
2.292302	-4.382789	-0.373800
2.292302	-4.364439	-0.364020
2.292322	-4.381579	-0.352790
2.292372	-4.374389	-0.379600
2.292382	-4.370268	-0.380310
2.292412	-4.372169	-0.359060
2.292412	-4.367979	-0.369510
2.292422	-4.377839	-0.376750
2.292452	-4.367989	-0.371060
2.292483	-4.367889	-0.372560
2.292502	-4.376129	-0.354710
2.292562	-4.376189	-0.376880
2.292562	-4.376059	-0.356210
2.292612	-4.390649	-0.356610
2.292622	-4.365599	-0.376700
2.292662	-4.361679	-0.372630
2.292672	-4.394519	-0.371520
2.292742	-4.384009	-0.354420
2.292762	-4.391199	-0.366970
2.292762	-4.390978	-0.360360
2.292762	-4.366879	-0.364870
2.292812	-4.391139	-0.362920
2.292872	-4.394029	-0.358050
2.292872	-4.364449	-0.374390
2.292902	-4.374609	-0.376070
2.292902	-4.371879	-0.379190
2.292902	-4.371839	-0.356790
2.292902	-4.367108	-0.361450
2.292982	-4.389499	-0.361750
2.293012	-4.375139	-0.353670
2.293042	-4.374539	-0.356370
2.293042	-4.365989	-0.363520
2.293083	-4.366089	-0.367860
2.293152	-4.388099	-0.357670
2.293152	-4.373349	-0.377050
2.293152	-4.365889	-0.366360
2.293182	-4.386229	-0.356090
2.293192	-4.389669	-0.359460
2.293222	-4.362129	-0.369270
2.293252	-4.363749	-0.366080
2.293262	-4.378559	-0.351750
2.293273	-4.380299	-0.375240
2.293302	-4.365979	-0.380060
2.293312	-4.396929	-0.375120
2.293342	-4.370329	-0.375700
2.293392	-4.394479	-0.376030
2.293402	-4.370259	-0.377250
2.293433	-4.363189	-0.372560
2.293452	-4.369928	-0.374170
2.293462	-4.396089	-0.378350
2.293482	-4.393539	-0.369040
2.293492	-4.373579	-0.357590
2.293532	-4.388119	-0.355480
2.293532	-4.371068	-0.358260
2.293572	-4.395359	-0.373960
2.293572	-4.369079	-0.360410
2.293602	-4.364239	-0.375860
2.293642	-4.367389	-0.381500
2.293662	-4.369009	-0.363460
2.293672	-4.372719	-0.375260
2.293712	-4.367359	-0.360190
2.293722	-4.369129	-0.372600
2.293743	-4.390219	-0.364220
2.293743	-4.361399	-0.371300
2.293752	-4.376009	-0.358240
2.293762	-4.379769	-0.352580
2.293782	-4.383129	-0.353320
2.293782	-4.369218	-0.378700
2.293792	-4.378039	-0.350190
2.293812	-4.378299	-0.375450
2.293822	-4.368639	-0.364930
2.293852	-4.368389	-0.361890
2.293882	-4.364859	-0.370450
2.293912	-4.368609	-0.371030
2.293922	-4.388679	-0.360500
2.293922	-4.376919	-0.351430
2.293922	-4.368829	-0.380970
2.293952	-4.376919	-0.355780
2.293952	-4.368479	-0.369490
2.293962	-4.368299	-0.366450
2.294002	-4.380759	-0.353740
2.294022	-4.376649	-0.375440
2.294022	-4.365738	-0.375860
2.294052	-4.376429	-0.353150
2.294082	-4.392309	-0.366560
2.294093	-4.374229	-0.351780
2.294093	-4.368009	-0.367960
2.294102	-4.384859	-0.351900
2.294102	-4.382608	-0.372470
2.294212	-4.370339	-0.356170
2.294252	-4.377459	-0.374160
2.294252	-4.365319	-0.368570
2.294282	-4.379279	-0.373990
2.294302	-4.374449	-0.359390
2.294342	-4.367669	-0.374840
2.294392	-4.381158	-0.373830
2.294452	-4.370268	-0.380410
2.294462	-4.375469	-0.354600
2.294472	-4.384718	-0.355800
2.294502	-4.381538	-0.352330
2.294552	-4.394369	-0.372750
2.294592	-4.387119	-0.358400
2.294592	-4.362839	-0.367940
2.294602	-4.394498	-0.370190
2.294622	-4.366659	-0.363240
2.294662	-4.385549	-0.358300
2.294662	-4.380009	-0.356370
2.294722	-4.374749	-0.356090
2.294722	-4.366809	-0.359020
2.294732	-4.374649	-0.357670
2.294732	-4.364449	-0.364750
2.294762	-4.394589	-0.374670
2.294762	-4.391219	-0.355880
2.294772	-4.370069	-0.358870
2.294802	-4.395669	-0.376940
2.294802	-4.375659	-0.351750
2.294812	-4.390419	-0.358510
2.294832	-4.388879	-0.357910
2.294852	-4.378509	-0.351700
2.294902	-4.388209	-0.356230
2.294902	-4.384089	-0.354460
2.294942	-4.365989	-0.364780
2.294972	-4.385999	-0.356620
2.294993	-4.369578	-0.361900
2.295002	-4.366259	-0.367500
2.295012	-4.369529	-0.360390
2.295042	-4.375629	-0.374600
2.295042	-4.364338	-0.373400
2.295052	-4.387669	-0.354180
2.295072	-4.388019	-0.361780
2.295082	-4.361609	-0.369970
2.295152	-4.373379	-0.378280
2.295162	-4.374359	-0.375860
2.295172	-4.369089	-0.363410
2.295182	-4.376569	-0.357140
2.295212	-4.391479	-0.365310
2.295252	-4.394569	-0.367450
2.295252	-4.378779	-0.355640
2.295272	-4.369529	-0.378650
2.295282	-4.377419	-0.353160
2.295292	-4.389889	-0.356790
2.295292	-4.377969	-0.358030
2.295432	-4.396688	-0.377960
2.295432	-4.390449	-0.360090
2.295462	-4.371699	-0.379750
2.295462	-4.371699	-0.374840
2.295462	-4.362029	-0.371550
2.295503	-4.396989	-0.375020
2.295522	-4.372649	-0.357450
2.295562	-4.368199	-0.364860
2.295572	-4.383579	-0.359110
2.295572	-4.380879	-0.355150
2.295572	-4.373109	-0.374270
2.295592	-4.368399	-0.374010
2.295592	-4.368109	-0.366370
2.295612	-4.395449	-0.372600
2.295672	-4.366829	-0.374490
2.295682	-4.380289	-0.350680
2.295712	-4.385229	-0.359700
2.295762	-4.399669	-0.376560
2.295782	-4.387959	-0.360400
2.295782	-4.367779	-0.362540
2.295802	-4.386859	-0.355540
2.295812	-4.393749	-0.373860
2.295812	-4.392479	-0.368460
2.295812	-4.384629	-0.356930
2.295812	-4.363609	-0.371550
2.295812	-4.363609	-0.367200
2.295832	-4.370149	-0.357660
2.295832	-4.367559	-0.367850
2.295872	-4.388719	-0.362950
2.295932	-4.393949	-0.368880
2.295952	-4.392969	-0.365820
2.295952	-4.375699	-0.356100
2.295972	-4.380149	-0.353280
2.295972	-4.372149	-0.377270
2.295992	-4.394109	-0.370940
2.295992	-4.390869	-0.355070
2.295992	-4.382389	-0.354580
2.295992	-4.365179	-0.374880
2.296072	-4.380689	-0.372530
2.296092	-4.382849	-0.356230
2.296102	-4.378929	-0.372660
2.296132	-4.387859	-0.358160
2.296172	-4.390699	-0.364060
2.296192	-4.375109	-0.357580
2.296212	-4.369658	-0.366180
2.296222	-4.370849	-0.360390
2.296232	-4.382809	-0.357840
2.296232	-4.379589	-0.354760
2.296282	-4.366299	-0.369310
2.296292	-4.379259	-0.351680
2.296302	-4.385419	-0.358110
2.296342	-4.375769	-0.375440
2.296342	-4.357679	-0.372320
2.296352	-4.366309	-0.372360
2.296372	-4.389579	-0.360930
2.296372	-4.366159	-0.370820
2.296412	-4.381198	-0.352270
2.296412	-4.374679	-0.350830
2.296432	-4.388759	-0.352740
2.296452	-4.390739	-0.357600
2.296462	-4.385359	-0.352540
2.296462	-4.371589	-0.356680
2.296472	-4.394919	-0.366190
2.296482	-4.380109	-0.359280
2.296482	-4.365569	-0.364990
2.296482	-4.361749	-0.369130
2.296512	-4.386559	-0.360190
2.296553	-4.383899	-0.355110
2.296553	-4.381158	-0.357140
2.296553	-4.378399	-0.356440
2.296582	-4.395739	-0.376030
2.296582	-4.384919	-0.353980
2.296582	-4.377869	-0.349890
2.296582	-4.377289	-0.359410
2.296603	-4.369859	-0.361880
2.296613	-4.386939	-0.352930
2.296622	-4.375659	-0.359000
2.296632	-4.396369	-0.373740
2.296632	-4.382899	-0.371050
2.296642	-4.372309	-0.358700
2.296652	-4.384979	-0.361140
2.296652	-4.373519	-0.360510
2.296662	-4.374459	-0.374310
2.296692	-4.364449	-0.365970
2.296702	-4.355249	-0.373320
2.296822	-4.367579	-0.371180
2.296832	-4.392869	-0.372530
2.296832	-4.376119	-0.349750
2.296842	-4.392158	-0.366740
2.296842	-4.369639	-0.372500
2.296862	-4.378819	-0.358050
2.296862	-4.368579	-0.360850
2.296862	-4.364409	-0.372490
2.296932	-4.389399	-0.355360
2.296932	-4.367989	-0.373230
2.296942	-4.373769	-0.375790
2.296953	-4.394869	-0.370020
2.296972	-4.398249	-0.376270
2.296972	-4.388879	-0.359140
2.296982	-4.393539	-0.367820
2.297012	-4.354549	-0.371280
2.297072	-4.381619	-0.353810
2.297072	-4.361609	-0.370640
2.297112	-4.381619	-0.358680
2.297112	-4.373419	-0.378420
2.297182	-4.373979	-0.372980
2.297212	-4.391709	-0.356510
2.297242	-4.400209	-0.375920
2.297252	-4.394379	-0.374180
2.297252	-4.371699	-0.379360
2.297282	-4.390489	-0.359180
2.297282	-4.375309	-0.361820
2.297322	-4.362618	-0.367940
2.297352	-4.371139	-0.373860
2.297422	-4.398809	-0.374890
2.297422	-4.385719	-0.355040
2.297422	-4.373279	-0.350550
2.297442	-4.379999	-0.371260
2.297462	-4.381519	-0.360260
2.297482	-4.367529	-0.363250
2.297512	-4.393219	-0.355290
2.297522	-4.392379	-0.364750
2.297532	-4.372069	-0.372630
2.297622	-4.371419	-0.360670
2.297672	-4.396479	-0.377470
2.297672	-4.394759	-0.354360
2.297672	-4.393819	-0.365840
2.297672	-4.379729	-0.350310
2.297672	-4.376469	-0.374110
2.297702	-4.387399	-0.361070
2.297742	-4.366819	-0.364740
2.297772	-4.374819	-0.350030
2.297772	-4.363609	-0.370600
2.297813	-4.395629	-0.371200
2.297813	-4.383549	-0.360860
2.297882	-4.389719	-0.357910
2.297882	-4.369279	-0.363840
2.297902	-4.396189	-0.372760
2.297912	-4.385579	-0.360400
2.297912	-4.378709	-0.372590
2.297912	-4.371819	-0.365370
2.297932	-4.390509	-0.363980
2.297942	-4.357739	-0.373840
2.297952	-4.393779	-0.357900
2.297982	-4.396409	-0.375790
2.297982	-4.372539	-0.361800
2.298022	-4.381339	-0.351960
2.298082	-4.369789	-0.360590
2.298092	-4.390869	-0.367760
2.298102	-4.395969	-0.369500
2.298122	-4.382689	-0.371790
2.298163	-4.393049	-0.371690
2.298163	-4.367108	-0.372910
2.298182	-4.375359	-0.359310
2.298182	-4.357129	-0.372470
2.298192	-4.368219	-0.367520
2.298212	-4.359999	-0.372250
2.298222	-4.398749	-0.370990
2.298222	-4.374879	-0.374290
2.298302	-4.387589	-0.369290
2.298342	-4.380079	-0.359980
2.298342	-4.375209	-0.372810
2.298342	-4.374679	-0.376590
2.298382	-4.378479	-0.358590
2.298382	-4.365189	-0.366130
2.298402	-4.365269	-0.370720
2.298412	-4.390769	-0.355670
2.298412	-4.378399	-0.360440
2.298452	-4.394269	-0.367460
2.298462	-4.384439	-0.370060
2.298462	-4.374589	-0.360570
2.298482	-4.388979	-0.361030
2.298482	-4.374119	-0.362360
2.298513	-4.395779	-0.374530
2.298513	-4.391849	-0.370460
2.298542	-4.370668	-0.361970
2.298542	-4.357569	-0.369290
2.298552	-4.365569	-0.373300
2.298622	-4.382709	-0.353010
2.298692	-4.363919	-0.373160
2.298702	-4.374919	-0.363940
2.298722	-4.373559	-0.370990
2.298752	-4.397339	-0.371980
2.298752	-4.360669	-0.368480
2.298762	-4.373319	-0.372670
2.298772	-4.397479	-0.369280
2.298782	-4.362769	-0.372040
2.298792	-4.398219	-0.376000
2.298792	-4.393919	-0.373260
2.298802	-4.377529	-0.372870
2.298832	-4.394679	-0.369950
2.298832	-4.389258	-0.362770
2.298872	-4.393559	-0.354040
2.298892	-4.395049	-0.355760
2.298902	-4.373488	-0.377510
2.298972	-4.375519	-0.361800
2.299002	-4.381059	-0.361000
2.299012	-4.393009	-0.356810
2.299022	-4.391449	-0.365130
2.299042	-4.367849	-0.370810
2.299122	-4.363229	-0.369040
2.299142	-4.376009	-0.348730
2.299172	-4.369489	-0.370450
2.299182	-4.396849	-0.373580
2.299182	-4.376049	-0.374840
2.299202	-4.361199	-0.371890
2.299212	-4.396589	-0.377190
2.299212	-4.385759	-0.361240
2.299212	-4.372229	-0.378450
2.299212	-4.370569	-0.363340
2.299252	-4.364269	-0.371670
2.299262	-4.376239	-0.371280
2.299262	-4.360369	-0.370450
2.299272	-4.394289	-0.352620
2.299282	-4.382529	-0.361590
2.299282	-4.358459	-0.371480
2.299352	-4.384179	-0.354060
2.299352	-4.366499	-0.364790
2.299392	-4.390489	-0.366400
2.299392	-4.384179	-0.362190
2.299402	-4.396049	-0.368280
2.299442	-4.386009	-0.368310
2.299482	-4.371328	-0.370980
2.299512	-4.393539	-0.355420
2.299533	-4.387538	-0.361280
2.299552	-4.379999	-0.371160
2.299573	-4.368929	-0.363830
2.299583	-4.381229	-0.359570
2.299592	-4.383479	-0.369570
2.299592	-4.371068	-0.366090
2.299602	-4.395369	-0.371130
2.299652	-4.373979	-0.365200
2.299672	-4.378009	-0.349290
2.299682	-4.370089	-0.371900
2.299692	-4.361819	-0.370040
2.299812	-4.374789	-0.371930
2.299822	-4.392149	-0.366310
2.299842	-4.395359	-0.373680
2.299842	-4.372019	-0.362500
2.299842	-4.362479	-0.367940
2.299862	-4.388749	-0.359620
2.299872	-4.395929	-0.354360
2.299882	-4.385289	-0.364330
2.299952	-4.374749	-0.375720
2.299952	-4.365189	-0.367590
2.299952	-4.363119	-0.370930
2.300002	-4.365169	-0.369130
2.300022	-4.382319	-0.363070
2.300032	-4.394089	-0.368670
2.300032	-4.376599	-0.363650
2.300092	-4.369618	-0.367270
2.300112	-4.378389	-0.359770
2.300123	-4.391399	-0.369550
2.300132	-4.377799	-0.361840
2.300142	-4.364719	-0.366060
2.300152	-4.373629	-0.362580
2.300162	-4.381689	-0.352130
2.300162	-4.376329	-0.361070
2.300162	-4.375729	-0.366990
2.300162	-4.366589	-0.371930
2.300172	-4.385639	-0.366830
2.300232	-4.379549	-0.361210
2.300262	-4.378429	-0.366040
2.300302	-4.373098	-0.367900
2.300332	-4.396269	-0.375300
2.300332	-4.394029	-0.372420
2.300332	-4.389019	-0.363380
2.300332	-4.380669	-0.362360
2.300332	-4.380669	-0.350940
2.300332	-4.377339	-0.373050
2.300332	-4.374119	-0.369580
2.300342	-4.368899	-0.369310
2.300442	-4.378399	-0.371480
2.300452	-4.389169	-0.364870
2.300462	-4.372109	-0.364390
2.300512	-4.374579	-0.361420
2.300512	-4.370759	-0.369370
2.300532	-4.392139	-0.359760
2.300542	-4.380639	-0.364500
2.300552	-4.394219	-0.354090
2.300582	-4.372519	-0.369520
2.300652	-4.375248	-0.364840
2.300652	-4.375229	-0.362870
2.300682	-4.391219	-0.354720
2.300682	-4.367929	-0.367750
2.300692	-4.387869	-0.366600
2.300722	-4.377239	-0.368600
2.300792	-4.367189	-0.370310
2.300812	-4.369489	-0.370640
2.300823	-4.373519	-0.363980
2.300862	-4.390629	-0.366110
2.300882	-4.384499	-0.368160
2.300882	-4.370609	-0.364870
2.300932	-4.381479	-0.370460
2.300962	-4.375519	-0.368460
2.301002	-4.377659	-0.364780
2.301002	-4.375519	-0.370080
2.301002	-4.366469	-0.368910
2.301022	-4.366859	-0.366150
2.301082	-4.390419	-0.364110
2.301122	-4.368709	-0.365950
2.301143	-4.387049	-0.361490
2.301143	-4.376079	-0.371720
2.301152	-4.392818	-0.352390
2.301173	-4.384629	-0.362400
2.301192	-4.382709	-0.361930
2.301222	-4.393269	-0.365630
2.301252	-4.371059	-0.370910
2.301282	-4.389329	-0.367030
2.301293	-4.378149	-0.363360
2.301312	-4.393189	-0.369440
2.301312	-4.392129	-0.368290
2.301352	-4.386349	-0.363030
2.301382	-4.388139	-0.362570
2.301402	-4.372229	-0.365840
2.301422	-4.377519	-0.366850
2.301472	-4.370239	-0.366870
2.301493	-4.372159	-0.368150
2.301522	-4.385089	-0.366180
2.301562	-4.395319	-0.373330
2.301562	-4.395109	-0.352690
2.301562	-4.385089	-0.364010
2.301592	-4.378639	-0.369060
2.301632	-4.380319	-0.365870
2.301662	-4.379129	-0.366890
2.301662	-4.373729	-0.365480
2.301712	-4.392059	-0.364550
2.301732	-4.367669	-0.364420
2.301772	-4.378609	-0.370670
2.301772	-4.376399	-0.363450
2.301772	-4.373169	-0.362720
2.301772	-4.371049	-0.361580
2.301802	-4.379099	-0.364680
2.301842	-4.386209	-0.365100
2.301842	-4.381799	-0.364290
2.301902	-4.368579	-0.368650
2.301912	-4.374679	-0.367130
2.301922	-4.380039	-0.363390
2.301952	-4.394169	-0.370990
2.301982	-4.375839	-0.365550
2.302022	-4.376849	-0.370500
2.302052	-4.383409	-0.363800
2.302072	-4.374819	-0.362520
2.302122	-4.380179	-0.367970
2.302132	-4.371489	-0.364070
2.302162	-4.381689	-0.368040
2.302192	-4.390239	-0.368530
2.302192	-4.370039	-0.368910
2.302232	-4.391259	-0.354970
2.302232	-4.388449	-0.364610
2.302302	-4.382779	-0.369690
2.302332	-4.391819	-0.366960
2.302332	-4.373029	-0.366960
2.302352	-4.390739	-0.361520
2.302362	-4.369689	-0.362950
2.302402	-4.380569	-0.370110
2.302442	-4.381619	-0.365800
2.302472	-4.388379	-0.366180
2.302472	-4.384279	-0.368110
2.302472	-4.382739	-0.366960
2.302503	-4.370109	-0.370550
2.302512	-4.390169	-0.364640
2.302512	-4.379479	-0.371650
2.302532	-4.391079	-0.351480
2.302542	-4.387259	-0.363380
2.302583	-4.377769	-0.372070
2.302612	-4.377769	-0.364470
2.302652	-4.367098	-0.370770
2.302682	-4.366909	-0.365690
2.302692	-4.365319	-0.368380
2.302782	-4.365489	-0.370900
2.303002	-4.393259	-0.369090
2.303032	-4.384669	-0.364780
2.303032	-4.376569	-0.372980
2.303072	-4.388209	-0.360610
2.303072	-4.380359	-0.366680
2.303212	-4.385789	-0.363700
2.303312	-4.385159	-0.366920
2.303422	-4.383019	-0.368390
2.303453	-4.389298	-0.363310
2.303492	-4.394309	-0.371790
2.303872	-4.380149	-0.371410
2.303952	-4.364949	-0.372180
2.304052	-4.386809	-0.365240
2.304122	-4.377909	-0.372320
2.304432	-4.387819	-0.366290
2.304452	-4.365239	-0.369570
2.304472	-4.391189	-0.365940
2.304472	-4.384249	-0.367730
2.304782	-4.390519	-0.353360
2.304962	-4.385929	-0.366640
2.305172	-4.382529	-0.369650
2.305732	-4.383339	-0.368500
2.306362	-4.390629	-0.353600
2.306402	-4.386669	-0.365830
2.306642	-4.381519	-0.369830
