2.335799	-4.734519	0.308720
2.335839	-4.730569	0.308700
2.336519	-4.727939	0.309630
2.336579	-4.731769	0.309690
2.336639	-4.728879	0.308400
2.336779	-4.733849	0.307710
2.336779	-4.726069	0.309350
2.336879	-4.751859	0.320780
2.336879	-4.727109	0.308080
2.337049	-4.733359	0.309460
2.337099	-4.752739	0.322870
2.337269	-4.732719	0.305630
2.337289	-4.724979	0.307830
2.337409	-4.743019	0.317080
2.337469	-4.728429	0.306800
2.337719	-4.734239	0.306560
2.337859	-4.723649	0.306350
2.337999	-4.750919	0.322640
2.338109	-4.729619	0.305550
2.338239	-4.725499	0.306680
2.338469	-4.733599	0.305000
2.338479	-4.740079	0.305780
2.338609	-4.731249	0.305320
2.338669	-4.727259	0.305890
2.338679	-4.743079	0.302050
2.338719	-4.743679	0.312000
2.338729	-4.741989	0.304440
2.338739	-4.731269	0.309830
2.338799	-4.748529	0.310750
2.338859	-4.732059	0.308040
2.338869	-4.741289	0.317360
2.338919	-4.740139	0.301920
2.338949	-4.723909	0.305230
2.339019	-4.735029	0.305400
2.339059	-4.737719	0.305600
2.339199	-4.722109	0.304910
2.339229	-4.748449	0.322470
2.339249	-4.741699	0.315670
2.339309	-4.738109	0.301630
2.339419	-4.743599	0.313690
2.339419	-4.741589	0.301720
2.339469	-4.743189	0.308760
2.339499	-4.740399	0.303550
2.339549	-4.738989	0.304320
2.339549	-4.729299	0.305090
2.339559	-4.739759	0.315380
2.339559	-4.734009	0.306680
2.339569	-4.732519	0.304620
2.339579	-4.742739	0.305460
2.339619	-4.725279	0.305630
2.339659	-4.740449	0.309140
2.339659	-4.736569	0.306880
2.339759	-4.730919	0.304310
2.339769	-4.740289	0.310860
2.339839	-4.745179	0.310730
2.339859	-4.744559	0.301350
2.339879	-4.740839	0.305180
2.339889	-4.734549	0.302680
2.339899	-4.738719	0.309950
2.339909	-4.747909	0.315340
2.339929	-4.737659	0.314010
2.340029	-4.744579	0.306910
2.340029	-4.742169	0.310600
2.340039	-4.745809	0.308410
2.340049	-4.735419	0.301450
2.340089	-4.747339	0.312650
2.340119	-4.748629	0.302500
2.340119	-4.739739	0.312600
2.340129	-4.739219	0.305980
2.340149	-4.736529	0.302980
2.340169	-4.749649	0.312320
2.340229	-4.743869	0.303130
2.340259	-4.727779	0.304760
2.340269	-4.729189	0.309620
2.340309	-4.742499	0.303870
2.340319	-4.744119	0.309780
2.340339	-4.744229	0.311980
2.340359	-4.736169	0.304730
2.340369	-4.737829	0.311760
2.340419	-4.736389	0.310290
2.340439	-4.741059	0.307400
2.340499	-4.737359	0.307900
2.340509	-4.746589	0.313900
2.340509	-4.741859	0.300600
2.340509	-4.736759	0.299610
2.340539	-4.720639	0.304600
2.340569	-4.716849	0.296270
2.340579	-4.745079	0.313550
2.340619	-4.748829	0.314130
2.340659	-4.750999	0.310480
2.340689	-4.729039	0.304040
2.340699	-4.739329	0.307650
2.340729	-4.745299	0.321880
2.340749	-4.742169	0.312290
2.340759	-4.748109	0.307020
2.340789	-4.745319	0.304050
2.340789	-4.742309	0.316740
2.340789	-4.732699	0.302410
2.340809	-4.753489	0.315680
2.340809	-4.728279	0.311430
2.340819	-4.743829	0.320450
2.340849	-4.731399	0.307640
2.340919	-4.733809	0.303950
2.340959	-4.740599	0.315300
2.340969	-4.730849	0.303220
2.340989	-4.729859	0.308410
2.340999	-4.745799	0.316790
2.340999	-4.738209	0.299450
2.341049	-4.740659	0.299680
2.341059	-4.741609	0.314070
2.341079	-4.723399	0.304260
2.341089	-4.734369	0.300510
2.341109	-4.740369	0.317020
2.341119	-4.742359	0.307800
2.341129	-4.738889	0.313870
2.341149	-4.749409	0.301210
2.341149	-4.748699	0.308620
2.341149	-4.746399	0.310590
2.341199	-4.733879	0.313460
2.341219	-4.742839	0.299390
2.341229	-4.745879	0.306210
2.341229	-4.741989	0.305070
2.341259	-4.734809	0.311670
2.341309	-4.740079	0.318760
2.341389	-4.743929	0.300920
2.341399	-4.746889	0.308300
2.341409	-4.747929	0.304270
2.341409	-4.745969	0.312330
2.341429	-4.751099	0.315500
2.341449	-4.726429	0.303850
2.341459	-4.744149	0.306450
2.341479	-4.746019	0.315130
2.341499	-4.748109	0.310360
2.341519	-4.727709	0.309870
2.341619	-4.748089	0.313160
2.341619	-4.720139	0.305970
2.341639	-4.733059	0.314720
2.341649	-4.748129	0.315400
2.341649	-4.745909	0.301220
2.341659	-4.750459	0.312830
2.341699	-4.742899	0.315590
2.341729	-4.744319	0.317620
2.341739	-4.748959	0.311930
2.341799	-4.751579	0.317130
2.341869	-4.749509	0.304640
2.341909	-4.732249	0.310370
2.341929	-4.729639	0.314090
2.341949	-4.740569	0.305850
2.341949	-4.732289	0.312050
2.341999	-4.739989	0.298680
2.342029	-4.753309	0.312990
2.342049	-4.749809	0.314610
2.342049	-4.747629	0.301550
2.342059	-4.742529	0.320100
2.342059	-4.725799	0.312940
2.342079	-4.737199	0.298510
2.342089	-4.744059	0.304820
2.342089	-4.734799	0.299390
2.342119	-4.740849	0.297440
2.342159	-4.748779	0.302530
2.342179	-4.742309	0.300620
2.342179	-4.721119	0.304020
2.342189	-4.750369	0.310090
2.342189	-4.748489	0.318710
2.342239	-4.746869	0.313910
2.342249	-4.751299	0.308290
2.342269	-4.752679	0.309760
2.342279	-4.752709	0.311440
2.342309	-4.751549	0.313830
2.342319	-4.728109	0.303090
2.342339	-4.753989	0.314590
2.342339	-4.749389	0.317440
2.342369	-4.744509	0.319840
2.342389	-4.746919	0.318920
2.342419	-4.754639	0.310060
2.342429	-4.748529	0.307000
2.342429	-4.748069	0.299830
2.342439	-4.752658	0.315320
2.342449	-4.745449	0.318610
2.342469	-4.746619	0.316740
2.342479	-4.745429	0.299660
2.342479	-4.741609	0.299040
2.342479	-4.729609	0.308500
2.342489	-4.751049	0.311650
2.342489	-4.745779	0.305160
2.342529	-4.747019	0.306660
2.342549	-4.740299	0.319880
2.342579	-4.729589	0.310740
2.342639	-4.724019	0.303650
2.342689	-4.747599	0.320520
2.342689	-4.743659	0.299340
2.342739	-4.726359	0.310080
2.342749	-4.742339	0.318500
2.342809	-4.716989	0.295950
2.342849	-4.749829	0.303520
2.342869	-4.756158	0.310960
2.342889	-4.745089	0.306930
2.342889	-4.729069	0.312520
2.342889	-4.725679	0.303430
2.342899	-4.753119	0.318600
2.342909	-4.749219	0.301080
2.342919	-4.750499	0.316230
2.342919	-4.744729	0.321500
2.342929	-4.754349	0.320660
2.342929	-4.753409	0.306900
2.342949	-4.719469	0.305130
2.342979	-4.749669	0.305760
2.343029	-4.742929	0.297760
2.343049	-4.755009	0.317220
2.343059	-4.743199	0.321190
2.343069	-4.748229	0.304290
2.343089	-4.751589	0.318850
2.343109	-4.753679	0.316320
2.343129	-4.755729	0.312700
2.343139	-4.751629	0.320520
2.343159	-4.727019	0.312840
2.343169	-4.722259	0.305800
2.343219	-4.736169	0.297570
2.343279	-4.746479	0.321830
2.343289	-4.746219	0.298440
2.343299	-4.718039	0.297070
2.343309	-4.752149	0.317090
2.343329	-4.754139	0.311830
2.343339	-4.727929	0.309320
2.343369	-4.719829	0.306820
2.343369	-4.715999	0.298020
2.343379	-4.751529	0.309420
2.343389	-4.744709	0.298090
2.343399	-4.713059	0.298940
2.343439	-4.752809	0.312560
2.343479	-4.755219	0.315000
2.343509	-4.751869	0.301040
2.343509	-4.749559	0.320840
2.343529	-4.753529	0.309690
2.343529	-4.750739	0.302310
2.343619	-4.747139	0.305570
2.343649	-4.755098	0.318920
2.343719	-4.750259	0.317960
2.343899	-4.753119	0.314190
2.343939	-4.753379	0.301410
2.343949	-4.724669	0.310830
2.343959	-4.751299	0.306140
2.343969	-4.759419	0.316100
2.344009	-4.753269	0.319760
2.344009	-4.740909	0.296970
2.344029	-4.739609	0.296030
2.344079	-4.756649	0.314810
2.344089	-4.749829	0.304670
2.344189	-4.724029	0.309170
2.344199	-4.721769	0.303440
2.344219	-4.737939	0.296800
2.344229	-4.757899	0.318540
2.344229	-4.752039	0.308270
2.344259	-4.736249	0.292560
2.344379	-4.756259	0.318230
2.344379	-4.751559	0.322800
2.344399	-4.755779	0.311610
2.344419	-4.745479	0.322010
2.344439	-4.756029	0.316580
2.344469	-4.742429	0.296210
2.344479	-4.757979	0.309640
2.344489	-4.746249	0.299600
2.344489	-4.715439	0.300090
2.344499	-4.743669	0.297150
2.344509	-4.735959	0.295950
2.344519	-4.754029	0.308530
2.344529	-4.748909	0.299750
2.344529	-4.719229	0.305450
2.344539	-4.750129	0.323570
2.344549	-4.747489	0.300540
2.344579	-4.757419	0.321970
2.344589	-4.761029	0.319750
2.344609	-4.723419	0.302680
2.344629	-4.756079	0.323270
2.344639	-4.752209	0.304930
2.344649	-4.748699	0.322660
2.344659	-4.757899	0.314120
2.344659	-4.757789	0.312470
2.344679	-4.756309	0.308240
2.344679	-4.752039	0.303280
2.344699	-4.753529	0.306390
2.344719	-4.757869	0.315800
2.344719	-4.753199	0.322010
2.344779	-4.734159	0.296200
2.344809	-4.730509	0.289920
2.344809	-4.716599	0.296160
2.344819	-4.722209	0.307390
2.344899	-4.745249	0.296960
2.344959	-4.755319	0.321160
2.344959	-4.721869	0.305740
2.345019	-4.759579	0.311650
2.345029	-4.758689	0.317330
2.345039	-4.739969	0.294870
2.345049	-4.714569	0.298790
2.345079	-4.737389	0.294670
2.345089	-4.719509	0.307060
2.345099	-4.756759	0.310400
2.345099	-4.747289	0.296700
2.345159	-4.717759	0.302960
2.345179	-4.757699	0.306960
2.345199	-4.747169	0.298380
2.345219	-4.752149	0.301620
2.345269	-4.750639	0.300710
2.345359	-4.759159	0.315070
2.345369	-4.752239	0.307150
2.345439	-4.756349	0.313820
2.345469	-4.760949	0.310930
2.345469	-4.724349	0.310800
2.345499	-4.761059	0.312580
2.345509	-4.759219	0.320600
2.345509	-4.716249	0.301100
2.345539	-4.754339	0.324120
2.345549	-4.721469	0.302420
2.345549	-4.720139	0.303990
2.345559	-4.755619	0.325030
2.345579	-4.735019	0.293860
2.345589	-4.751549	0.323950
2.345619	-4.716389	0.298020
2.345629	-4.760008	0.318850
2.345629	-4.758318	0.310760
2.345649	-4.755458	0.307270
2.345659	-4.723679	0.312370
2.345699	-4.753799	0.320860
2.345759	-4.753819	0.304190
2.345799	-4.751209	0.304550
2.345839	-4.762949	0.312880
2.345859	-4.745949	0.300260
2.345889	-4.752069	0.299990
2.345959	-4.714109	0.297490
2.345969	-4.742999	0.295640
2.345979	-4.758939	0.313450
2.346009	-4.759718	0.307800
2.346009	-4.753259	0.302610
2.346009	-4.734199	0.295110
2.346049	-4.761529	0.316410
2.346049	-4.759479	0.305630
2.346069	-4.741459	0.294170
2.346119	-4.760579	0.324890
2.346129	-4.754119	0.301380
2.346139	-4.757999	0.321360
2.346209	-4.750329	0.324750
2.346209	-4.718949	0.302330
2.346229	-4.757629	0.318100
2.346229	-4.751529	0.303130
2.346249	-4.716129	0.296360
2.346259	-4.755379	0.304560
2.346269	-4.759299	0.309550
2.346309	-4.738559	0.294000
2.346359	-4.745809	0.296390
2.346369	-4.760689	0.313780
2.346419	-4.737909	0.289120
2.346439	-4.761869	0.314720
2.346469	-4.752489	0.324980
2.346499	-4.753709	0.305880
2.346509	-4.759678	0.322810
2.346519	-4.761979	0.319160
2.346549	-4.747749	0.295570
2.346559	-4.760749	0.320430
2.346559	-4.750309	0.301940
2.346559	-4.718209	0.303910
2.346569	-4.757499	0.309790
2.346569	-4.756009	0.323910
2.346599	-4.717019	0.302120
2.346619	-4.757339	0.308180
2.346639	-4.743979	0.294430
2.346649	-4.747659	0.297250
2.346679	-4.762359	0.310790
2.346719	-4.758999	0.318470
2.346729	-4.758869	0.316820
2.346769	-4.736429	0.294280
2.346769	-4.716299	0.299180
2.346839	-4.755639	0.306180
2.346839	-4.717159	0.297390
2.346849	-4.714799	0.295990
2.346869	-4.720399	0.302390
2.346879	-4.719189	0.305060
2.346909	-4.724419	0.314030
2.346919	-4.762529	0.320760
2.346929	-4.762779	0.324580
2.346949	-4.722979	0.301980
2.347019	-4.763149	0.314030
2.347019	-4.733139	0.288660
2.347019	-4.731109	0.288520
2.347059	-4.749489	0.297020
2.347079	-4.759169	0.312360
2.347089	-4.744359	0.296060
2.347099	-4.755059	0.325190
2.347149	-4.723809	0.310730
2.347189	-4.757208	0.305430
2.347209	-4.723789	0.309120
2.347219	-4.717819	0.299020
2.347229	-4.761659	0.317570
2.347229	-4.746399	0.295240
2.347229	-4.742989	0.291670
2.347279	-4.761039	0.309340
2.347299	-4.730299	0.291220
2.347329	-4.761179	0.312630
2.347369	-4.751399	0.297920
2.347399	-4.718919	0.300650
2.347449	-4.750178	0.299180
2.347449	-4.739849	0.293300
2.347469	-4.742299	0.294090
2.347539	-4.715859	0.301310
2.347579	-4.760859	0.316020
2.347589	-4.762989	0.312400
2.347619	-4.759249	0.310700
2.347619	-4.733299	0.292470
2.347629	-4.759069	0.307970
2.347629	-4.721099	0.300290
2.347659	-4.753709	0.302030
2.347699	-4.764689	0.324340
2.347719	-4.718769	0.306600
2.347739	-4.759929	0.323930
2.347739	-4.758719	0.325230
2.347749	-4.735389	0.289850
2.347749	-4.718739	0.302640
2.347779	-4.735549	0.293300
2.347789	-4.757208	0.324330
2.347799	-4.737919	0.293570
2.347799	-4.721969	0.307370
2.347809	-4.763189	0.321780
2.347809	-4.755879	0.304540
2.347819	-4.731629	0.292160
2.347859	-4.721949	0.305720
2.347869	-4.751929	0.300630
2.347919	-4.762749	0.318520
2.347959	-4.752939	0.298840
2.348009	-4.761729	0.322590
2.348029	-4.758209	0.306420
2.348079	-4.763379	0.315120
2.348099	-4.741309	0.290830
2.348099	-4.733839	0.290240
2.348129	-4.744509	0.294940
2.348189	-4.752759	0.303320
2.348199	-4.734549	0.291790
2.348239	-4.716409	0.298850
2.348279	-4.763089	0.316830
2.348279	-4.729289	0.289850
2.348279	-4.728729	0.291500
2.348299	-4.762629	0.310810
2.348329	-4.756309	0.306140
2.348349	-4.760799	0.318830
2.348349	-4.734399	0.288560
2.348359	-4.764869	0.312720
2.348379	-4.731109	0.289430
2.348389	-4.764699	0.310520
2.348409	-4.735839	0.288040
2.348519	-4.718349	0.304190
2.348549	-4.760499	0.320540
2.348579	-4.750239	0.295890
2.348589	-4.747659	0.295650
2.348599	-4.762879	0.324110
2.348599	-4.736239	0.292160
2.348629	-4.732899	0.288980
2.348699	-4.746149	0.295860
2.348789	-4.760479	0.309470
2.348799	-4.729529	0.288130
2.348799	-4.720069	0.303700
2.348809	-4.764569	0.321640
2.348819	-4.724319	0.309140
2.348819	-4.724099	0.314000
2.348859	-4.738219	0.292460
2.348869	-4.717619	0.302360
2.348909	-4.760038	0.306770
2.348919	-4.766259	0.315860
2.348939	-4.763139	0.320170
2.348949	-4.723759	0.312350
2.348969	-4.764029	0.318380
2.348979	-4.714239	0.297060
2.349009	-4.737239	0.290940
2.349009	-4.727009	0.292970
2.349019	-4.765949	0.314240
2.349029	-4.741459	0.293700
2.349049	-4.761849	0.321510
2.349049	-4.732089	0.291110
2.349049	-4.721889	0.301000
2.349069	-4.760859	0.324410
2.349109	-4.723299	0.310700
2.349119	-4.751899	0.301790
2.349209	-4.756829	0.303900
2.349229	-4.754319	0.303140
2.349239	-4.717939	0.300570
2.349249	-4.763749	0.322890
2.349259	-4.752529	0.296700
2.349259	-4.751569	0.300170
2.349329	-4.735209	0.290730
2.349329	-4.730579	0.291500
2.349339	-4.722979	0.302520
2.349339	-4.722899	0.305780
2.349349	-4.733269	0.287520
2.349359	-4.719829	0.305870
2.349399	-4.722729	0.304130
2.349419	-4.743179	0.293510
2.349439	-4.764069	0.315640
2.349449	-4.717329	0.298880
2.349489	-4.761219	0.308290
2.349499	-4.736329	0.289120
2.349549	-4.740329	0.292740
2.349569	-4.739379	0.289890
2.349619	-4.761929	0.323170
2.349649	-4.756009	0.305150
2.349669	-4.763218	0.309680
2.349679	-4.733699	0.290550
2.349759	-4.715499	0.299410
2.349779	-4.743939	0.295070
2.349779	-4.717689	0.306750
2.349829	-4.758149	0.305950
2.349919	-4.765308	0.311630
2.350029	-4.728899	0.291810
2.350059	-4.718769	0.304540
2.350079	-4.763669	0.311280
2.350089	-4.764089	0.317330
2.350089	-4.745779	0.295410
2.350159	-4.748269	0.295640
2.350199	-4.764029	0.320660
2.350209	-4.739629	0.291500
2.350219	-4.765239	0.318830
2.350289	-4.753129	0.298350
2.350309	-4.737839	0.289680
2.350319	-4.751619	0.295760
2.350329	-4.752939	0.302760
2.350339	-4.745189	0.293820
2.350389	-4.716719	0.300400
2.350399	-4.731119	0.287250
2.350449	-4.737769	0.291320
2.350459	-4.761639	0.309380
2.350459	-4.731559	0.289440
2.350469	-4.724059	0.315590
2.350489	-4.751429	0.298000
2.350489	-4.719829	0.303420
2.350499	-4.766839	0.314720
2.350559	-4.765499	0.313810
2.350579	-4.749779	0.295450
2.350589	-4.729839	0.289340
2.350619	-4.766709	0.316960
2.350619	-4.759999	0.305740
2.350639	-4.766429	0.312580
2.350659	-4.765719	0.320430
2.350659	-4.729319	0.287500
2.350709	-4.764489	0.322290
2.350709	-4.741949	0.293160
2.350719	-4.764529	0.323930
2.350739	-4.766659	0.319200
2.350759	-4.763119	0.323030
2.350799	-4.764759	0.310060
2.350799	-4.758539	0.307040
2.350829	-4.723209	0.309020
2.350839	-4.737339	0.287040
2.350909	-4.732369	0.291390
2.350919	-4.722889	0.310630
2.350929	-4.757069	0.305600
2.350929	-4.722749	0.313890
2.350949	-4.768739	0.321110
2.350969	-4.756899	0.303960
2.351049	-4.734609	0.286840
2.351059	-4.754409	0.303190
2.351099	-4.750379	0.300400
2.351119	-4.721509	0.300650
2.351139	-4.722349	0.307360
2.351169	-4.767249	0.322440
2.351189	-4.722089	0.312190
2.351199	-4.735589	0.288400
2.351229	-4.752389	0.296780
2.351269	-4.743299	0.293560
2.351279	-4.765389	0.316070
2.351279	-4.760679	0.308470
2.351289	-4.721999	0.302360
2.351299	-4.765779	0.323250
2.351309	-4.733869	0.288800
2.351319	-4.732809	0.284840
2.351339	-4.758479	0.304850
2.351339	-4.727809	0.286510
2.351359	-4.727679	0.292100
2.351379	-4.752319	0.301520
2.351379	-4.732819	0.287080
2.351399	-4.762199	0.308230
2.351439	-4.746789	0.294770
2.351449	-4.730109	0.285750
2.351459	-4.740399	0.292830
2.351469	-4.768949	0.322770
2.351539	-4.719929	0.306080
2.351609	-4.738889	0.291810
2.351609	-4.737139	0.292240
2.351649	-4.762219	0.310790
2.351679	-4.716739	0.306920
2.351679	-4.715579	0.309090
2.351709	-4.734579	0.291460
2.351719	-4.765879	0.317700
2.351749	-4.751499	0.299150
2.351749	-4.725639	0.293010
2.351779	-4.721159	0.305030
2.351789	-4.738219	0.289740
2.351849	-4.770419	0.322580
2.351889	-4.765789	0.321580
2.351909	-4.767809	0.319090
2.351919	-4.729249	0.291570
2.351929	-4.767609	0.316360
2.351969	-4.736199	0.284980
2.352079	-4.763809	0.311880
2.352139	-4.765869	0.312710
2.352149	-4.754389	0.301550
2.352179	-4.755779	0.303740
2.352229	-4.769449	0.319950
2.352239	-4.748909	0.296480
2.352279	-4.761349	0.309560
2.352309	-4.735639	0.286760
2.352319	-4.762719	0.307080
2.352319	-4.752679	0.297910
2.352339	-4.737019	0.288260
2.352379	-4.729969	0.287590
2.352389	-4.753539	0.296120
2.352389	-4.728509	0.288790
2.352399	-4.731869	0.285540
2.352449	-4.714599	0.310000
2.352489	-4.737599	0.291010
2.352519	-4.720769	0.303770
2.352549	-4.761159	0.307330
2.352559	-4.739679	0.289660
2.352569	-4.742009	0.292650
2.352589	-4.767798	0.322990
2.352589	-4.766529	0.320400
2.352599	-4.752019	0.295800
2.352699	-4.744179	0.293480
2.352699	-4.740289	0.291180
2.352729	-4.713869	0.313260
2.352759	-4.720629	0.307060
2.352799	-4.767088	0.318120
2.352799	-4.719969	0.299140
2.352799	-4.718669	0.306360
2.352819	-4.750419	0.295450
2.352829	-4.767989	0.315210
2.352839	-4.769539	0.321650
2.352869	-4.719929	0.297460
2.352879	-4.752899	0.301250
2.352879	-4.722369	0.310560
2.352889	-4.722239	0.313820
2.352899	-4.735879	0.291960
2.352899	-4.722269	0.312210
2.352919	-4.757659	0.304830
2.352919	-4.738449	0.287540
2.352979	-4.766489	0.314330
2.352989	-4.750269	0.299370
2.353009	-4.744179	0.329980
2.353009	-4.713729	0.311550
2.353039	-4.727459	0.287560
2.353039	-4.722309	0.303800
2.353039	-4.721119	0.300890
2.353049	-4.747449	0.294750
2.353059	-4.758789	0.307110
2.353149	-4.732549	0.291640
2.353149	-4.726199	0.292270
2.353179	-4.722239	0.302080
2.353199	-4.771109	0.322540
2.353239	-4.763489	0.309780
2.353249	-4.721579	0.305380
2.353359	-4.724939	0.287590
2.353409	-4.755279	0.302030
2.353429	-4.717719	0.307870
2.353429	-4.714109	0.314880
2.353449	-4.745349	0.294470
2.353459	-4.764668	0.315310
2.353489	-4.767939	0.316910
2.353489	-4.728879	0.290830
2.353559	-4.737059	0.286610
2.353599	-4.767949	0.320790
2.353619	-4.726599	0.285180
2.353629	-4.735589	0.285670
2.353659	-4.757609	0.306180
2.353709	-4.741379	0.329600
2.353719	-4.752179	0.298570
2.353739	-4.730269	0.291360
2.353749	-4.753169	0.297340
2.353759	-4.755889	0.303630
2.353759	-4.743239	0.292500
2.353769	-4.762538	0.311030
2.353779	-4.757099	0.301810
2.353779	-4.716249	0.307130
2.353799	-4.765789	0.311130
2.353809	-4.723929	0.293110
2.353849	-4.734049	0.291670
2.353869	-4.771839	0.321330
2.353879	-4.728139	0.286320
2.353879	-4.715619	0.308740
2.353899	-4.740329	0.287890
2.353919	-4.720069	0.307970
2.353949	-4.740329	0.289570
2.353999	-4.750619	0.300460
2.354019	-4.738679	0.286420
2.354029	-4.751439	0.295900
2.354039	-4.738789	0.288620
2.354049	-4.770349	0.319890
2.354059	-4.721159	0.299600
2.354059	-4.719329	0.298330
2.354069	-4.768089	0.319130
2.354079	-4.763889	0.311710
2.354099	-4.738119	0.327560
2.354099	-4.723049	0.305940
2.354099	-4.713799	0.310250
2.354109	-4.759048	0.304350
2.354129	-4.742989	0.329110
2.354159	-4.753439	0.295640
2.354169	-4.757679	0.303400
2.354189	-4.752489	0.300230
2.354209	-4.766519	0.317690
2.354239	-4.769779	0.316670
2.354279	-4.753599	0.301730
2.354309	-4.745299	0.297000
2.354409	-4.738579	0.291920
2.354449	-4.764399	0.309710
2.354449	-4.721609	0.306320
2.354469	-4.740709	0.291300
2.354479	-4.736789	0.292340
2.354499	-4.769669	0.322230
2.354499	-4.769349	0.318410
2.354499	-4.737619	0.285430
2.354549	-4.728459	0.289840
2.354569	-4.765509	0.314020
2.354579	-4.758859	0.305840
2.354589	-4.735429	0.291060
2.354619	-4.767009	0.315160
2.354619	-4.726549	0.292060
2.354639	-4.761709	0.307860
2.354709	-4.718919	0.307160
2.354749	-4.721629	0.313750
2.354759	-4.756558	0.304690
2.354759	-4.722729	0.300750
2.354759	-4.722729	0.304120
2.354829	-4.748659	0.295180
2.354879	-4.743719	0.294190
2.354909	-4.742339	0.293240
2.354959	-4.726009	0.289820
2.355009	-4.722589	0.302360
2.355009	-4.714459	0.316310
2.355069	-4.747069	0.295390
2.355069	-4.739219	0.289750
2.355079	-4.716879	0.308080
2.355109	-4.738979	0.287540
2.355149	-4.742339	0.291340
2.355149	-4.741239	0.328790
2.355199	-4.759419	0.307110
2.355279	-4.720739	0.302140
2.355309	-4.768979	0.320170
2.355339	-4.724869	0.288640
2.355359	-4.728169	0.291530
2.355359	-4.720489	0.295990
2.355389	-4.760048	0.304790
2.355389	-4.713689	0.311130
2.355399	-4.751139	0.298770
2.355399	-4.739549	0.285780
2.355429	-4.721789	0.293810
2.355429	-4.715409	0.309020
2.355429	-4.713099	0.312770
2.355449	-4.750839	0.295470
2.355459	-4.736819	0.326620
2.355499	-4.721089	0.298260
2.355519	-4.766279	0.318880
2.355519	-4.752288	0.301420
2.355519	-4.735159	0.293190
2.355529	-4.745159	0.329630
2.355549	-4.764909	0.312750
2.355559	-4.762019	0.305660
2.355569	-4.740669	0.288430
2.355589	-4.762249	0.310440
2.355639	-4.738539	0.326760
2.355659	-4.766219	0.316270
2.355709	-4.767729	0.317410
2.355759	-4.732339	0.289670
2.355879	-4.754179	0.301160
2.355909	-4.762599	0.308050
2.355919	-4.722099	0.306110
2.355939	-4.752389	0.295840
2.355969	-4.720589	0.300410
2.356019	-4.748559	0.296440
2.356039	-4.763989	0.310380
2.356039	-4.741159	0.290060
2.356049	-4.763918	0.315930
2.356059	-4.722069	0.297110
2.356089	-4.729709	0.291530
2.356129	-4.758638	0.306140
2.356129	-4.733459	0.325670
2.356129	-4.725779	0.292340
2.356129	-4.723359	0.293290
2.356129	-4.722729	0.298860
2.356129	-4.713309	0.314350
2.356149	-4.719119	0.293440
2.356199	-4.763449	0.312670
2.356199	-4.718979	0.298200
2.356219	-4.769349	0.319030
2.356299	-4.758129	0.303440
2.356299	-4.746779	0.296230
2.356299	-4.742429	0.328120
2.356309	-4.759539	0.308240
2.356309	-4.734319	0.288380
2.356319	-4.737739	0.286600
2.356339	-4.714359	0.309930
2.356369	-4.733389	0.291780
2.356399	-4.765429	0.315040
2.356409	-4.739979	0.327880
2.356439	-4.723189	0.303310
2.356439	-4.720559	0.309300
2.356439	-4.718739	0.308570
2.356529	-4.760179	0.306840
2.356549	-4.750178	0.300630
2.356619	-4.721159	0.294720
2.356679	-4.720429	0.297000
2.356699	-4.752459	0.300330
2.356709	-4.740649	0.291780
2.356719	-4.722419	0.300960
2.356759	-4.720419	0.307550
2.356809	-4.715509	0.308420
2.356829	-4.734999	0.292410
2.356899	-4.721169	0.292140
2.356969	-4.763299	0.309110
2.356979	-4.737839	0.327510
2.356999	-4.734859	0.325640
2.357019	-4.754849	0.302190
2.357039	-4.764969	0.322620
2.357039	-4.724769	0.293250
2.357039	-4.716499	0.310530
2.357069	-4.714529	0.317120
2.357109	-4.739099	0.293250
2.357109	-4.712819	0.313050
2.357139	-4.743799	0.295320
2.357139	-4.717719	0.309510
2.357189	-4.751329	0.298260
2.357199	-4.741259	0.288980
2.357209	-4.728449	0.292970
2.357219	-4.716449	0.306540
2.357239	-4.767249	0.318470
2.357279	-4.730419	0.290750
2.357289	-4.726209	0.290830
2.357289	-4.724539	0.289690
2.357319	-4.768659	0.321990
2.357319	-4.760679	0.309130
2.357339	-4.756549	0.303290
2.357349	-4.721369	0.306390
2.357359	-4.750829	0.295560
2.357369	-4.741249	0.293450
2.357399	-4.759469	0.305610
2.357439	-4.753489	0.301320
2.357469	-4.763548	0.311440
2.357489	-4.732159	0.291530
2.357489	-4.720069	0.295640
2.357499	-4.758049	0.304430
2.357529	-4.764349	0.316480
2.357529	-4.723289	0.294200
2.357529	-4.723259	0.299810
2.357529	-4.722659	0.295810
2.357529	-4.714319	0.314210
2.357559	-4.719369	0.309580
2.357589	-4.739089	0.287050
2.357599	-4.743519	0.328020
2.357609	-4.763579	0.313780
2.357629	-4.719979	0.299290
2.357629	-4.714249	0.312530
2.357639	-4.766259	0.316100
2.357639	-4.761679	0.311870
2.357669	-4.737759	0.287780
2.357669	-4.724419	0.295390
2.357689	-4.751759	0.301570
2.357709	-4.748319	0.296720
2.357709	-4.744079	0.296930
2.357709	-4.736859	0.292410
2.357729	-4.756599	0.304810
2.357739	-4.767499	0.320810
2.357739	-4.725569	0.294340
2.357759	-4.762369	0.307880
2.357779	-4.750249	0.299540
2.357779	-4.733319	0.292690
2.357779	-4.721509	0.299230
2.357849	-4.724309	0.297040
2.357879	-4.722449	0.303590
2.357899	-4.759718	0.307940
2.357949	-4.736679	0.325640
2.357949	-4.729389	0.291780
2.357989	-4.722379	0.301910
2.358019	-4.724769	0.298720
2.358059	-4.763769	0.322900
2.358089	-4.715339	0.318140
2.358129	-4.746359	0.296480
2.358129	-4.740029	0.294070
2.358159	-4.732409	0.324090
2.358159	-4.722939	0.297980
2.358199	-4.769449	0.318360
2.358199	-4.739629	0.327000
2.358299	-4.740249	0.289160
2.358299	-4.726619	0.293220
2.358299	-4.722239	0.308010
2.358329	-4.761319	0.310220
2.358329	-4.742479	0.288870
2.358329	-4.741489	0.291220
2.358339	-4.742609	0.295600
2.358349	-4.767869	0.323100
2.358369	-4.763598	0.321110
2.358369	-4.723839	0.290790
2.358369	-4.717759	0.310990
2.358399	-4.716069	0.311670
2.358409	-4.746709	0.328160
2.358409	-4.727259	0.291570
2.358439	-4.725849	0.295920
2.358439	-4.715899	0.313280
2.358489	-4.718729	0.307580
2.358509	-4.731039	0.291850
2.358549	-4.764288	0.312500
2.358569	-4.764238	0.314880
2.358579	-4.738259	0.326230
2.358579	-4.715489	0.310010
2.358579	-4.715369	0.314880
2.358619	-4.752029	0.297090
2.358619	-4.744879	0.328510
2.358619	-4.741799	0.327110
2.358629	-4.725479	0.290740
2.358639	-4.753479	0.302480
2.358649	-4.763419	0.319360
2.358649	-4.735179	0.292690
2.358649	-4.721609	0.293580
2.358699	-4.750949	0.300600
2.358709	-4.744369	0.295330
2.358789	-4.749188	0.295280
2.358799	-4.714919	0.308350
2.358829	-4.761669	0.320310
2.358829	-4.720629	0.307240
2.358869	-4.765529	0.323120
2.358889	-4.754778	0.303210
2.358929	-4.714919	0.316280
2.358939	-4.743599	0.289860
2.358959	-4.751299	0.295540
2.358969	-4.714219	0.313400
2.359119	-4.724249	0.294310
2.359139	-4.728099	0.294860
2.359139	-4.723649	0.301800
2.359209	-4.728059	0.293180
2.359209	-4.724139	0.300160
2.359209	-4.721119	0.309440
2.359249	-4.734259	0.324650
2.359259	-4.750919	0.298970
2.359329	-4.757999	0.305810
2.359349	-4.717269	0.314180
2.359389	-4.766209	0.314770
2.359389	-4.721019	0.311090
2.359389	-4.717229	0.312460
2.359399	-4.767388	0.319480
2.359419	-4.766099	0.318310
2.359439	-4.719509	0.305100
2.359459	-4.760809	0.308950
2.359459	-4.733509	0.291730
2.359459	-4.724699	0.297350
2.359459	-4.719019	0.309790
2.359469	-4.762579	0.312370
2.359469	-4.732119	0.292300
2.359469	-4.713149	0.314760
2.359479	-4.742539	0.291150
2.359489	-4.741969	0.296480
2.359489	-4.726659	0.296970
2.359529	-4.725989	0.294650
2.359529	-4.718979	0.311480
2.359599	-4.741339	0.294200
2.359599	-4.737139	0.325430
2.359599	-4.730479	0.293320
2.359629	-4.715159	0.317890
2.359669	-4.756639	0.304300
2.359699	-4.759539	0.306610
2.359739	-4.743619	0.327070
2.359739	-4.742359	0.325850
2.359779	-4.765519	0.310880
2.359779	-4.762799	0.309590
2.359809	-4.746499	0.327320
2.359819	-4.744429	0.291450
2.359849	-4.728029	0.291780
2.359859	-4.766328	0.320640
2.359899	-4.764869	0.321850
2.359909	-4.735629	0.324650
2.359949	-4.742959	0.292680
2.359969	-4.749639	0.301370
2.359979	-4.740719	0.292670
2.359979	-4.735629	0.293670
2.359979	-4.732159	0.293950
2.360019	-4.761119	0.311280
2.360019	-4.744739	0.326020
2.360049	-4.722629	0.303280
2.360159	-4.759668	0.323320
2.360169	-4.716149	0.313290
2.360189	-4.730689	0.323600
2.360219	-4.746359	0.295140
2.360239	-4.749929	0.296320
2.360259	-4.748669	0.326860
2.360259	-4.746289	0.296720
2.360259	-4.722519	0.306600
2.360269	-4.743858	0.295460
2.360299	-4.764029	0.312360
2.360299	-4.756029	0.308250
2.360329	-4.749909	0.298000
2.360329	-4.728829	0.294200
2.360329	-4.716069	0.318980
2.360369	-4.763178	0.320200
2.360369	-4.722449	0.304890
2.360379	-4.766879	0.315870
2.360379	-4.763669	0.323040
2.360389	-4.768059	0.320540
2.360399	-4.765358	0.319420
2.360429	-4.715319	0.316470
2.360439	-4.731879	0.322550
2.360479	-4.715289	0.311600
2.360489	-4.715199	0.314850
2.360529	-4.753189	0.302600
2.360529	-4.749619	0.299740
2.360569	-4.758789	0.305340
2.360579	-4.733599	0.293430
2.360609	-4.731809	0.295490
2.360609	-4.727989	0.295780
2.360609	-4.726689	0.300160
2.360609	-4.720389	0.312530
2.360649	-4.737209	0.293670
2.360649	-4.733529	0.323780
2.360679	-4.724029	0.301590
2.360679	-4.724029	0.303280
2.360719	-4.757339	0.306550
2.360719	-4.738889	0.324790
2.360719	-4.727919	0.297420
2.360749	-4.762299	0.321780
2.360749	-4.726619	0.298440
2.360749	-4.714159	0.313430
2.360789	-4.720949	0.309200
2.360819	-4.751459	0.302840
2.360859	-4.735139	0.323320
2.360859	-4.721539	0.310920
2.360889	-4.746569	0.326020
2.360889	-4.734609	0.294580
2.360919	-4.748579	0.295990
2.360929	-4.761078	0.319360
2.360939	-4.751129	0.300670
2.360939	-4.751019	0.298990
2.360999	-4.726479	0.296160
2.361019	-4.758989	0.307680
2.361049	-4.756259	0.305360
2.361129	-4.761869	0.312340
2.361139	-4.740539	0.294440
2.361209	-4.718769	0.312880
2.361239	-4.729599	0.295250
2.361279	-4.764499	0.318190
2.361349	-4.730789	0.294200
2.361369	-4.764668	0.315800
2.361389	-4.755109	0.304180
2.361389	-4.718699	0.314530
2.361399	-4.734869	0.292730
2.361419	-4.725639	0.301070
2.361459	-4.717339	0.313260
2.361469	-4.764829	0.313450
2.361489	-4.744529	0.326300
2.361489	-4.742039	0.324970
2.361489	-4.736719	0.323920
2.361529	-4.760758	0.320940
2.361529	-4.732549	0.294300
2.361599	-4.714779	0.317500
2.361609	-4.752109	0.301660
2.361639	-4.761768	0.322970
2.361669	-4.741379	0.296690
2.361669	-4.740219	0.324760
2.361699	-4.760649	0.317500
2.361699	-4.760129	0.314600
2.361699	-4.721119	0.307940
2.361699	-4.716669	0.314840
2.361739	-4.757568	0.322900
2.361739	-4.744949	0.296410
2.361769	-4.733559	0.295460
2.361769	-4.729359	0.296830
2.361809	-4.766449	0.316930
2.361829	-4.748249	0.301070
2.361829	-4.716559	0.318150
2.361879	-4.763819	0.312230
2.361879	-4.722209	0.309690
2.361899	-4.730939	0.292760
2.361949	-4.758059	0.316660
2.361949	-4.758059	0.319500
2.361949	-4.746669	0.324720
2.361949	-4.738929	0.293640
2.361949	-4.733419	0.323010
2.361979	-4.722729	0.304680
2.362019	-4.748879	0.298750
2.362019	-4.735909	0.293950
2.362029	-4.759709	0.308770
2.362059	-4.715919	0.316490
2.362079	-4.763859	0.314570
2.362089	-4.743099	0.296760
2.362089	-4.720279	0.313400
2.362119	-4.727219	0.301630
2.362139	-4.752319	0.303890
2.362149	-4.759139	0.324180
2.362159	-4.727849	0.298890
2.362189	-4.758589	0.312700
2.362189	-4.731009	0.295780
2.362189	-4.729079	0.322590
2.362189	-4.722069	0.312420
2.362229	-4.743589	0.324970
2.362229	-4.726479	0.299880
2.362249	-4.759369	0.310720
2.362259	-4.758549	0.321750
2.362259	-4.720179	0.311690
2.362259	-4.720179	0.315050
2.362279	-4.762399	0.319350
2.362329	-4.723859	0.303590
2.362329	-4.721959	0.306780
2.362379	-4.741639	0.294890
2.362399	-4.761359	0.309870
2.362399	-4.759709	0.319010
2.362399	-4.737979	0.323880
2.362419	-4.746819	0.296260
2.362439	-4.732019	0.321680
2.362439	-4.730159	0.321500
2.362449	-4.757139	0.307600
2.362469	-4.746119	0.328030
2.362469	-4.734969	0.322480
2.362479	-4.762769	0.313390
2.362509	-4.758409	0.314320
2.362509	-4.718109	0.320450
2.362539	-4.737379	0.295670
2.362539	-4.732779	0.292660
2.362569	-4.755889	0.306430
2.362579	-4.760159	0.316170
2.362609	-4.717409	0.315890
2.362649	-4.753509	0.305970
2.362649	-4.725609	0.303100
2.362669	-4.727369	0.296980
2.362679	-4.739659	0.323430
2.362679	-4.739139	0.295780
2.362679	-4.729429	0.299490
2.362689	-4.752229	0.300580
2.362719	-4.755919	0.318070
2.362729	-4.761478	0.312210
2.362749	-4.737239	0.322620
2.362779	-4.749939	0.303110
2.362789	-4.757009	0.320410
2.362789	-4.726829	0.322270
2.362819	-4.764309	0.316900
2.362819	-4.723609	0.307410
2.362819	-4.722279	0.308430
2.362839	-4.742259	0.323330
2.362859	-4.744879	0.324410
2.362859	-4.742319	0.292940
2.362859	-4.732409	0.296340
2.362889	-4.733529	0.321710
2.362919	-4.763009	0.315730
2.362929	-4.755779	0.321390
2.362929	-4.737169	0.293920
2.362929	-4.730579	0.318070
2.362949	-4.750598	0.301350
2.362959	-4.748389	0.325280
2.362959	-4.728729	0.297700
2.362959	-4.722209	0.321290
2.362959	-4.719189	0.316000
2.362989	-4.752739	0.325430
2.362999	-4.761108	0.319010
2.362999	-4.758129	0.318210
2.362999	-4.722839	0.310670
2.362999	-4.721649	0.314490
2.362999	-4.720419	0.321150
2.363019	-4.759829	0.322900
2.363019	-4.756848	0.325350
2.363029	-4.731729	0.293820
2.363069	-4.732859	0.319400
2.363069	-4.731149	0.297320
2.363069	-4.724799	0.305200
2.363099	-4.758689	0.320480
2.363099	-4.756829	0.323180
2.363099	-4.731109	0.320340
2.363099	-4.717789	0.318100
2.363129	-4.761379	0.321650
2.363139	-4.756829	0.314100
2.363139	-4.746599	0.323390
2.363139	-4.726029	0.301380
2.363199	-4.749999	0.299770
2.363209	-4.744029	0.294990
2.363209	-4.716459	0.317400
2.363239	-4.739609	0.294120
2.363239	-4.722699	0.305590
2.363249	-4.756279	0.308750
2.363269	-4.729109	0.295310
2.363279	-4.758618	0.315930
2.363309	-4.729079	0.318450
2.363419	-4.748809	0.322410
2.363419	-4.721959	0.316140
2.363469	-4.761929	0.314500
2.363489	-4.757889	0.312980
2.363519	-4.735669	0.320100
2.363539	-4.760708	0.310980
2.363589	-4.759239	0.309830
2.363589	-4.729569	0.320130
2.363589	-4.719489	0.313380
2.363629	-4.746849	0.299100
2.363689	-4.734949	0.293730
2.363699	-4.749969	0.306080
2.363699	-4.721819	0.319470
2.363699	-4.718809	0.319190
2.363729	-4.759259	0.312180
2.363729	-4.748639	0.326650
2.363769	-4.762009	0.318030
2.363769	-4.760469	0.320430
2.363769	-4.743829	0.323600
2.363769	-4.727679	0.298610
2.363769	-4.722419	0.313330
2.363789	-4.758839	0.324050
2.363869	-4.726309	0.304080
2.363869	-4.724379	0.302260
2.363889	-4.755339	0.307530
2.363909	-4.735529	0.296440
2.363919	-4.746039	0.295310
2.363939	-4.737169	0.321290
2.363939	-4.724939	0.318560
2.363939	-4.724909	0.321360
2.363979	-4.749229	0.304290
2.363979	-4.747269	0.321600
2.363979	-4.728169	0.317150
2.363979	-4.723649	0.316210
2.363989	-4.760909	0.313310
2.364009	-4.726899	0.302430
2.364009	-4.722979	0.303800
2.364009	-4.721679	0.311550
2.364039	-4.752129	0.324160
2.364049	-4.754589	0.322240
2.364079	-4.750909	0.304960
2.364079	-4.739519	0.318100
2.364079	-4.720529	0.316490
2.364119	-4.755709	0.317220
2.364119	-4.730579	0.298230
2.364149	-4.751469	0.306710
2.364149	-4.732269	0.321390
2.364149	-4.728099	0.300260
2.364149	-4.722869	0.317780
2.364149	-4.719829	0.318100
2.364169	-4.759269	0.319240
2.364189	-4.738889	0.322550
2.364189	-4.722869	0.308250
2.364209	-4.754399	0.306310
2.364209	-4.738709	0.320930
2.364219	-4.762209	0.320360
2.364219	-4.756239	0.319540
2.364259	-4.734049	0.295710
2.364259	-4.732829	0.297280
2.364259	-4.726729	0.321460
2.364279	-4.757918	0.321640
2.364289	-4.760999	0.316840
2.364289	-4.720979	0.313120
2.364299	-4.758439	0.308610
2.364319	-4.750059	0.300920
2.364329	-4.751219	0.301900
2.364349	-4.736949	0.294820
2.364359	-4.753189	0.307380
2.364359	-4.750739	0.324690
2.364359	-4.744189	0.297790
2.364359	-4.724099	0.313370
2.364359	-4.723469	0.311620
2.364359	-4.722769	0.320550
2.364399	-4.742399	0.323950
2.364429	-4.751859	0.321360
2.364469	-4.756329	0.310110
2.364469	-4.754939	0.320520
2.364469	-4.746069	0.297730
2.364469	-4.727889	0.320410
2.364499	-4.757359	0.314490
2.364499	-4.753749	0.323780
2.364539	-4.756659	0.312740
2.364539	-4.741059	0.321530
2.364539	-4.738149	0.295990
2.364559	-4.748469	0.300050
2.364569	-4.751819	0.308360
2.364569	-4.740469	0.296720
2.364569	-4.729079	0.298610
2.364589	-4.748569	0.302810
2.364609	-4.740909	0.294100
2.364609	-4.720279	0.314700
2.364629	-4.744689	0.296070
2.364639	-4.753049	0.304500
2.364639	-4.739799	0.323670
2.364679	-4.759039	0.317430
2.364679	-4.733809	0.320310
2.364679	-4.724559	0.315020
2.364709	-4.728379	0.302430
2.364749	-4.724519	0.305480
2.364779	-4.730229	0.316070
2.364779	-4.724489	0.320060
2.364819	-4.757779	0.318450
2.364819	-4.754769	0.318170
2.364819	-4.735559	0.321010
2.364849	-4.722519	0.314840
2.364889	-4.727679	0.318630
2.364959	-4.747999	0.323220
2.364959	-4.745619	0.322450
2.364959	-4.736679	0.296930
2.364959	-4.726409	0.301140
2.364959	-4.725709	0.313400
2.364979	-4.758829	0.310900
2.364989	-4.753469	0.320310
2.364989	-4.736649	0.319960
2.364989	-4.731249	0.317780
2.365029	-4.748629	0.305200
2.365039	-4.758759	0.314440
2.365059	-4.755819	0.311440
2.365059	-4.755819	0.315400
2.365099	-4.734899	0.297320
2.365099	-4.732929	0.318490
2.365099	-4.723749	0.309300
2.365119	-4.746249	0.299790
2.365139	-4.750319	0.322240
2.365139	-4.728759	0.314740
2.365139	-4.723719	0.307030
2.365149	-4.735439	0.295520
2.365169	-4.732339	0.316730
2.365169	-4.730059	0.300820
2.365209	-4.724939	0.303770
2.365209	-4.722349	0.319260
2.365229	-4.746929	0.324700
2.365239	-4.755118	0.313610
2.365239	-4.748489	0.320940
2.365239	-4.726239	0.319010
2.365239	-4.724909	0.311060
2.365279	-4.750279	0.307550
2.365279	-4.741339	0.323150
2.365309	-4.724239	0.317150
2.365309	-4.722279	0.316420
2.365319	-4.752059	0.309850
2.365329	-4.757109	0.325130
2.365339	-4.718769	0.318290
2.365349	-4.757499	0.320590
2.365349	-4.752629	0.322410
2.365349	-4.737699	0.321110
2.365349	-4.732269	0.298750
2.365349	-4.726169	0.316170
2.365379	-4.745969	0.320690
2.365419	-4.756199	0.318210
2.365419	-4.739149	0.294670
2.365419	-4.726169	0.304960
2.365429	-4.757789	0.309710
2.365449	-4.746499	0.303840
2.365499	-4.754709	0.321620
2.365529	-4.748818	0.301140
2.365559	-4.757339	0.316710
2.365559	-4.742919	0.299030
2.365559	-4.741869	0.296690
2.365559	-4.739309	0.321220
2.365599	-4.757409	0.322740
2.365609	-4.760469	0.315560
2.365699	-4.720249	0.317290
2.365709	-4.759269	0.313190
2.365729	-4.730339	0.299070
2.365769	-4.753049	0.317850
2.365769	-4.738649	0.296970
2.365769	-4.736859	0.317050
2.365769	-4.734509	0.319080
2.365769	-4.732579	0.314980
2.365769	-4.724629	0.312630
2.365799	-4.739769	0.318420
2.365799	-4.728449	0.300050
2.365839	-4.750559	0.309160
2.365839	-4.727219	0.302190
2.365869	-4.743939	0.322130
2.365869	-4.727179	0.314490
2.365909	-4.726589	0.311650
2.365939	-4.754169	0.316240
2.365979	-4.749899	0.302330
2.365979	-4.742149	0.318030
2.365979	-4.725849	0.306530
2.366009	-4.737909	0.318770
2.366049	-4.744499	0.320450
2.366049	-4.744189	0.296170
2.366049	-4.725819	0.308180
2.366099	-4.729309	0.317050
2.366149	-4.740259	0.296480
2.366149	-4.727609	0.312810
2.366149	-4.727569	0.316990
2.366179	-4.753679	0.311440
2.366189	-4.752169	0.323950
2.366189	-4.748629	0.303350
2.366189	-4.724419	0.314770
2.366199	-4.748869	0.326420
2.366219	-4.749188	0.306180
2.366219	-4.738959	0.317150
2.366219	-4.727009	0.303770
2.366249	-4.756789	0.313210
2.366259	-4.755148	0.312320
2.366259	-4.751579	0.308080
2.366259	-4.733669	0.297600
2.366259	-4.731179	0.315890
2.366329	-4.755709	0.316870
2.366329	-4.750878	0.303490
2.366329	-4.730579	0.314140
2.366329	-4.725679	0.310350
2.366359	-4.753368	0.307620
2.366359	-4.749689	0.320870
2.366379	-4.741479	0.298790
2.366399	-4.734759	0.317290
2.366399	-4.732269	0.300260
2.366409	-4.754419	0.309700
2.366429	-4.752069	0.321080
2.366469	-4.735879	0.318520
2.366469	-4.734159	0.299280
2.366489	-4.720209	0.320000
2.366499	-4.752658	0.319400
2.366499	-4.737099	0.297280
2.366539	-4.757069	0.314970
2.366539	-4.755009	0.318490
2.366539	-4.750739	0.322620
2.366559	-4.746689	0.318150
2.366569	-4.750739	0.324300
2.366569	-4.740679	0.320060
2.366569	-4.729199	0.315360
2.366569	-4.728689	0.310040
2.366619	-4.748279	0.322970
2.366639	-4.757169	0.310780
2.366639	-4.732129	0.317050
2.366679	-4.725499	0.313650
2.366719	-4.725549	0.316840
2.366729	-4.744219	0.300140
2.366749	-4.745268	0.302960
2.366779	-4.748269	0.321280
2.366779	-4.739279	0.297980
2.366779	-4.733949	0.316070
2.366809	-4.723799	0.318460
2.366819	-4.735139	0.298190
2.366819	-4.735109	0.300440
2.366819	-4.726689	0.309270
2.366829	-4.749859	0.313310
2.366879	-4.754569	0.314390
2.366919	-4.727849	0.304850
2.366959	-4.728519	0.303240
2.366989	-4.749369	0.308320
2.366989	-4.741029	0.321710
2.367009	-4.751639	0.310910
2.367029	-4.754439	0.320300
2.367029	-4.752379	0.317050
2.367029	-4.746879	0.306430
2.367029	-4.745649	0.322100
2.367059	-4.751459	0.315630
2.367059	-4.748609	0.314510
2.367059	-4.729039	0.312770
2.367079	-4.743529	0.297460
2.367119	-4.749619	0.325140
2.367129	-4.743269	0.302750
2.367129	-4.732549	0.298510
2.367129	-4.728409	0.301520
2.367169	-4.731289	0.301170
2.367199	-4.738999	0.319780
2.367239	-4.730089	0.302190
2.367259	-4.735859	0.315630
2.367269	-4.749188	0.319540
2.367339	-4.726409	0.312530
2.367359	-4.757419	0.317840
2.367379	-4.747369	0.319920
2.367379	-4.737769	0.321360
2.367379	-4.726409	0.306920
2.367409	-4.746709	0.302960
2.367409	-4.728269	0.306500
2.367449	-4.737209	0.300510
2.367479	-4.743099	0.299320
2.367479	-4.741379	0.318840
2.367519	-4.750878	0.318520
2.367549	-4.745969	0.305130
2.367549	-4.742399	0.320590
2.367549	-4.737699	0.319050
2.367549	-4.728199	0.308150
2.367589	-4.753299	0.315330
2.367589	-4.747899	0.301350
2.367599	-4.756609	0.311900
2.367599	-4.747539	0.315670
2.367619	-4.748919	0.316840
2.367619	-4.727469	0.310880
2.367689	-4.750139	0.323500
2.367759	-4.753189	0.312490
2.367759	-4.745869	0.300610
2.367779	-4.750419	0.316790
2.367789	-4.742319	0.296810
2.367829	-4.741689	0.317120
2.367839	-4.750239	0.321510
2.367869	-4.744639	0.304430
2.367869	-4.741199	0.297950
2.367869	-4.736399	0.299240
2.367969	-4.751889	0.307830
2.368009	-4.734469	0.315330
2.368029	-4.743158	0.319310
2.368099	-4.748229	0.306020
2.368109	-4.739209	0.317960
2.368129	-4.753789	0.316680
2.368149	-4.734399	0.301280
2.368179	-4.749299	0.303070
2.368179	-4.730199	0.305410
2.368209	-4.752549	0.309580
2.368259	-4.748219	0.304340
2.368359	-4.737279	0.298120
2.368359	-4.728939	0.303590
2.368359	-4.728939	0.311440
2.368369	-4.745109	0.316830
2.368389	-4.743829	0.302010
2.368389	-4.732509	0.314000
2.368399	-4.752769	0.318010
2.368399	-4.751238	0.314570
2.368429	-4.739029	0.301070
2.368429	-4.731179	0.312740
2.368429	-4.728899	0.309200
2.368459	-4.752799	0.314030
2.368459	-4.746109	0.319080
2.368459	-4.731179	0.302080
2.368499	-4.748529	0.318730
2.368499	-4.746809	0.306750
2.368529	-4.736049	0.301350
2.368529	-4.732479	0.301070
2.368599	-4.741269	0.320310
2.368669	-4.741269	0.300090
2.368709	-4.742469	0.302990
2.368719	-4.749929	0.311980
2.368739	-4.746348	0.304230
2.368789	-4.746939	0.314390
2.368819	-4.745299	0.306010
2.368849	-4.744669	0.318910
2.368889	-4.742329	0.318140
2.368959	-4.740049	0.298820
2.369029	-4.742819	0.298970
2.369029	-4.740569	0.301660
2.369029	-4.738079	0.299210
2.369029	-4.737489	0.301420
2.369059	-4.747689	0.302220
2.369129	-4.736859	0.315930
2.369129	-4.729689	0.301710
2.369129	-4.727989	0.306180
2.369169	-4.733279	0.315050
2.369199	-4.743939	0.300230
2.369239	-4.751228	0.316030
2.369239	-4.731429	0.303660
2.369249	-4.744149	0.306960
2.369259	-4.748859	0.313140
2.369259	-4.730149	0.308490
2.369269	-4.745059	0.301420
2.369269	-4.733249	0.302710
2.369299	-4.747199	0.316720
2.369309	-4.730159	0.306920
2.369309	-4.730159	0.310280
2.369379	-4.752909	0.311060
2.369409	-4.727819	0.308390
2.369449	-4.730089	0.311930
2.369459	-4.746169	0.302470
2.369569	-4.750578	0.310700
2.369589	-4.749759	0.317540
2.369659	-4.741939	0.301100
2.369689	-4.743689	0.304610
2.369689	-4.741269	0.319010
2.369689	-4.729989	0.304610
2.369699	-4.753709	0.308250
2.369729	-4.749049	0.308990
2.369759	-4.732999	0.313230
2.369799	-4.746669	0.318350
2.369819	-4.743789	0.317520
2.369829	-4.751509	0.307520
2.369899	-4.751469	0.314250
2.369969	-4.742319	0.297820
2.369969	-4.734649	0.315020
2.369969	-4.731039	0.305760
2.370039	-4.741099	0.316700
2.370079	-4.733979	0.301520
2.370079	-4.732229	0.311440
2.370109	-4.735809	0.301100
2.370119	-4.743959	0.297760
2.370169	-4.752429	0.309440
2.370219	-4.738749	0.301870
2.370319	-4.740399	0.302570
2.370429	-4.731459	0.313020
2.370449	-4.739649	0.299020
2.370469	-4.746659	0.315450
2.370529	-4.736679	0.314560
2.370569	-4.737869	0.315790
2.370599	-4.742119	0.303770
2.370599	-4.736089	0.302710
2.370599	-4.733109	0.303590
2.370639	-4.730689	0.307870
2.370709	-4.737209	0.301660
2.370779	-4.733599	0.305270
2.370809	-4.735389	0.313820
2.370849	-4.743059	0.318420
2.370849	-4.731249	0.304540
2.370909	-4.749899	0.313510
2.370919	-4.731219	0.309550
2.370949	-4.742429	0.316100
2.370979	-4.738609	0.300180
2.370989	-4.734759	0.303660
2.371069	-4.741899	0.306220
2.371089	-4.731709	0.306750
2.371099	-4.749399	0.311340
2.371199	-4.748249	0.309270
2.371299	-4.741539	0.308520
2.371299	-4.729109	0.308740
2.371409	-4.734509	0.312530
2.371479	-4.749369	0.315510
2.371479	-4.735069	0.305310
2.371509	-4.743829	0.317260
2.371509	-4.733209	0.307380
2.371529	-4.743599	0.303920
2.371549	-4.744499	0.306640
2.371549	-4.733839	0.314140
2.371649	-4.737349	0.304330
2.371669	-4.737779	0.298330
2.371719	-4.750489	0.312180
2.371719	-4.742009	0.317610
2.371789	-4.740149	0.303420
2.371789	-4.740099	0.300280
2.371829	-4.741969	0.304710
2.371829	-4.740119	0.315750
2.371829	-4.733039	0.312350
2.371859	-4.746149	0.317400
2.371859	-4.740349	0.307560
2.371859	-4.732479	0.305590
2.371959	-4.751849	0.309320
2.371969	-4.746109	0.307830
2.371969	-4.732409	0.310040
2.371999	-4.737839	0.302640
2.372109	-4.744179	0.315510
2.372249	-4.733489	0.308950
2.372279	-4.731669	0.307690
2.372429	-4.748029	0.311580
2.372569	-4.736229	0.302990
2.372569	-4.733909	0.305030
2.372599	-4.750598	0.306990
2.372639	-4.747669	0.313330
2.372639	-4.740349	0.309850
2.372669	-4.746879	0.308920
2.372779	-4.745689	0.316100
2.372779	-4.736089	0.307410
2.372809	-4.749299	0.308530
2.372809	-4.744938	0.311480
2.372879	-4.743129	0.314740
2.372919	-4.736649	0.313610
2.372989	-4.747299	0.315050
2.373019	-4.744949	0.314320
2.373059	-4.742469	0.305660
2.373099	-4.740109	0.301140
2.373129	-4.737239	0.305200
2.373199	-4.739419	0.303700
2.373199	-4.734159	0.306640
2.373339	-4.750769	0.308570
2.373339	-4.734649	0.311690
2.373479	-4.739239	0.314840
2.373479	-4.734579	0.309410
2.373509	-4.749509	0.310110
2.373549	-4.741619	0.314490
2.373579	-4.748879	0.313440
2.373619	-4.733349	0.308180
2.373639	-4.735019	0.298770
2.373649	-4.740469	0.304850
2.373759	-4.748769	0.311690
2.373759	-4.733279	0.310390
2.373789	-4.739419	0.310590
2.373829	-4.746289	0.314280
2.373859	-4.746249	0.312600
2.373859	-4.746019	0.304650
2.373899	-4.749899	0.307270
2.373969	-4.738439	0.304610
2.374039	-4.744989	0.308530
2.374039	-4.743829	0.307310
2.374049	-4.747309	0.311190
2.374059	-4.737029	0.301350
2.374119	-4.751228	0.305800
2.374139	-4.744359	0.313510
2.374209	-4.736649	0.307240
2.374209	-4.735349	0.304330
2.374229	-4.740899	0.302240
2.374309	-4.744239	0.309930
2.374319	-4.736599	0.303090
2.374349	-4.740119	0.313650
2.374349	-4.738219	0.314070
2.374379	-4.745409	0.310900
2.374389	-4.735249	0.305970
2.374439	-4.742909	0.311260
2.374459	-4.742919	0.313890
2.374459	-4.741689	0.305940
2.374459	-4.738189	0.306780
2.374509	-4.737969	0.310260
2.374529	-4.735809	0.310460
2.374559	-4.744739	0.305400
2.374599	-4.734539	0.307550
2.374639	-4.743299	0.304460
2.374769	-4.745199	0.315160
2.374769	-4.736929	0.305480
2.374909	-4.739139	0.305660
2.375019	-4.748109	0.312560
2.375159	-4.748629	0.308670
2.375159	-4.746779	0.309620
2.375189	-4.742539	0.307030
2.375189	-4.736719	0.309340
2.375229	-4.736679	0.312110
2.375249	-4.746179	0.308040
2.375259	-4.734189	0.309650
2.375289	-4.746009	0.306360
2.375369	-4.741239	0.313610
2.375389	-4.734529	0.302860
2.375579	-4.738149	0.312740
2.375609	-4.744149	0.312700
2.375649	-4.747129	0.311270
2.375649	-4.744709	0.308810
2.375649	-4.738119	0.308250
2.375659	-4.747619	0.307290
2.375689	-4.736409	0.304310
2.375699	-4.739169	0.309590
2.375749	-4.745789	0.312250
2.375749	-4.736439	0.306960
2.375859	-4.735109	0.308530
2.375999	-4.739769	0.312250
2.375999	-4.737909	0.306500
2.376029	-4.742749	0.313050
2.376069	-4.739729	0.306640
2.376099	-4.743339	0.308080
2.376319	-4.741309	0.307870
2.376349	-4.742609	0.309620
2.376419	-4.737699	0.310320
2.376459	-4.739519	0.308250
2.376599	-4.740719	0.304340
2.376839	-4.747129	0.308810
2.376899	-4.737679	0.304760
2.377119	-4.745719	0.309790
2.377119	-4.736749	0.311270
2.377159	-4.745129	0.312080
2.377259	-4.743869	0.309020
2.377329	-4.746789	0.310850
2.377469	-4.738439	0.308530
2.377509	-4.744319	0.310710
2.377509	-4.740679	0.311510
2.377539	-4.740079	0.309230
2.377639	-4.746029	0.308140
2.377719	-4.742469	0.311650
2.377859	-4.738259	0.311270
2.377959	-4.742919	0.309970
2.378099	-4.747299	0.306870
2.378489	-4.738999	0.310110
2.378679	-4.745109	0.310010
2.378799	-4.730249	0.302980
2.379119	-4.741099	0.311300
2.379629	-4.744439	0.307880
2.379749	-4.741939	0.310140
2.380449	-4.742889	0.308670
2.381399	-4.741119	0.309520
