2.129421	-4.698853	0.295919
2.130021	-4.700113	0.292499
2.130161	-4.697873	0.291169
2.130231	-4.700033	0.297958
2.130631	-4.698503	0.293259
2.130681	-4.696733	0.294589
2.131461	-4.698083	0.297678
2.131661	-4.697093	0.292388
2.131711	-4.695643	0.295299
2.132011	-4.696113	0.293608
2.132111	-4.690063	0.293949
2.132291	-4.695623	0.296968
2.132681	-4.695823	0.292049
2.133091	-4.691013	0.298188
2.133131	-4.694683	0.293299
2.133581	-4.693613	0.296169
2.133581	-4.690803	0.293149
2.133601	-4.697763	0.289599
2.133671	-4.694723	0.294929
2.133691	-4.694413	0.291709
2.133891	-4.704733	0.290299
2.133911	-4.701343	0.286429
2.133931	-4.695953	0.298999
2.133941	-4.696893	0.290819
2.134031	-4.690593	0.296789
2.134161	-4.693593	0.297829
2.134401	-4.700453	0.291419
2.134801	-4.699593	0.294809
2.134881	-4.699213	0.293239
2.134991	-4.696973	0.288649
2.135031	-4.697363	0.294039
2.135041	-4.697193	0.292429
2.135131	-4.695463	0.295409
2.135161	-4.702623	0.290619
2.135261	-4.694653	0.297459
2.135301	-4.699143	0.286739
2.135321	-4.694823	0.293869
2.135331	-4.707703	0.288849
2.135401	-4.689993	0.294089
2.135411	-4.696003	0.290949
2.135451	-4.694343	0.292289
2.135471	-4.697813	0.295639
2.135501	-4.700223	0.290409
2.135511	-4.690623	0.297809
2.135561	-4.692913	0.297409
2.135681	-4.701273	0.291909
2.135801	-4.702393	0.294458
2.135871	-4.697523	0.287499
2.135891	-4.706193	0.289609
2.136001	-4.697473	0.290229
2.136001	-4.691083	0.292829
2.136311	-4.700903	0.293569
2.136311	-4.699103	0.288399
2.136391	-4.697243	0.285909
2.136401	-4.700853	0.295218
2.136521	-4.696483	0.295818
2.136521	-4.694133	0.296649
2.136711	-4.696653	0.288739
2.136731	-4.690763	0.295179
2.136761	-4.695213	0.289479
2.136801	-4.703743	0.290499
2.136801	-4.695323	0.298539
2.137051	-4.691923	0.292129
2.137091	-4.698333	0.289599
2.137151	-4.691183	0.296999
2.137161	-4.696583	0.287119
2.137191	-4.699793	0.291589
2.137241	-4.699773	0.293199
2.137281	-4.700843	0.290359
2.137351	-4.705053	0.289219
2.137361	-4.691783	0.293919
2.137501	-4.692443	0.295779
2.137541	-4.692443	0.290239
2.137551	-4.701863	0.293459
2.137571	-4.693673	0.291529
2.137741	-4.696173	0.285529
2.137761	-4.698183	0.292349
2.137951	-4.703693	0.293229
2.138101	-4.690173	0.293709
2.138171	-4.694093	0.296409
2.138171	-4.693393	0.294509
2.138261	-4.700123	0.295899
2.138451	-4.700723	0.291998
2.138561	-4.689953	0.295489
2.138631	-4.703573	0.295419
2.138661	-4.693213	0.292589
2.138731	-4.695113	0.293319
2.138791	-4.694693	0.285219
2.138871	-4.702413	0.290689
2.138981	-4.702073	0.289109
2.138981	-4.690413	0.291149
2.139261	-4.703313	0.293859
2.139381	-4.702903	0.292279
2.139401	-4.693563	0.291249
2.139451	-4.701323	0.296319
2.139521	-4.704703	0.292259
2.139631	-4.695173	0.283509
2.139751	-4.694063	0.294339
2.139841	-4.704773	0.295279
2.139891	-4.696723	0.292619
2.139991	-4.693953	0.296129
2.139991	-4.693323	0.286869
2.139991	-4.692023	0.288629
2.140081	-4.700603	0.289329
2.140181	-4.693723	0.284269
2.140241	-4.694483	0.289989
2.140371	-4.704713	0.293678
2.140411	-4.695703	0.293709
2.140551	-4.694303	0.297908
2.140611	-4.702443	0.293439
2.140621	-4.694973	0.292409
2.140691	-4.696753	0.290069
2.140781	-4.703463	0.292239
2.140841	-4.702913	0.287969
2.140861	-4.701353	0.288149
2.141151	-4.693463	0.287959
2.141191	-4.702103	0.289709
2.141201	-4.704403	0.296458
2.141291	-4.696933	0.291809
2.141291	-4.692063	0.287219
2.141311	-4.705623	0.295189
2.141341	-4.703433	0.290609
2.141431	-4.694623	0.294758
2.141911	-4.703733	0.293289
2.142101	-4.694973	0.296508
2.142131	-4.698513	0.291179
2.142131	-4.697813	0.289289
2.142201	-4.694273	0.290309
2.142291	-4.702333	0.288589
2.142311	-4.701843	0.292049
2.142341	-4.696443	0.293499
2.142341	-4.692933	0.285889
2.142351	-4.702833	0.296709
2.142481	-4.696403	0.279969
2.142521	-4.696373	0.291009
2.142691	-4.706173	0.294589
2.142691	-4.704853	0.295809
2.142731	-4.695463	0.294619
2.142761	-4.697563	0.292269
2.142851	-4.700283	0.293569
2.143081	-4.703373	0.291749
2.143121	-4.704863	0.293179
2.143171	-4.702953	0.290179
2.143321	-4.703863	0.288939
2.143521	-4.706543	0.289699
2.143531	-4.700053	0.297838
2.143531	-4.696583	0.297038
2.143571	-4.693703	0.283929
2.143621	-4.699243	0.279249
2.143631	-4.704683	0.290469
2.143711	-4.694273	0.280879
2.143781	-4.692303	0.285049
2.143811	-4.701283	0.280069
2.143851	-4.699283	0.290379
2.143921	-4.696443	0.293879
2.143991	-4.694903	0.290689
2.144071	-4.701473	0.292019
2.144111	-4.702293	0.278309
2.144131	-4.696963	0.280989
2.144131	-4.696333	0.289539
2.144161	-4.702963	0.297349
2.144161	-4.701153	0.293619
2.144271	-4.703553	0.293039
2.144341	-4.704113	0.294929
2.144341	-4.697533	0.292059
2.144441	-4.700993	0.289779
2.144581	-4.698963	0.292729
2.144861	-4.703273	0.291109
2.144861	-4.700783	0.297109
2.144861	-4.697313	0.287639
2.144901	-4.693743	0.289889
2.144921	-4.706423	0.294629
2.144931	-4.695983	0.296159
2.145001	-4.693073	0.283089
2.145061	-4.705703	0.290919
2.145181	-4.704993	0.292409
2.145201	-4.702373	0.277229
2.145251	-4.697913	0.296859
2.145281	-4.695843	0.281369
2.145321	-4.699283	0.291389
2.145361	-4.699773	0.294639
2.145401	-4.706843	0.296189
2.145521	-4.704883	0.296469
2.145521	-4.702363	0.293689
2.145531	-4.702993	0.295279
2.145531	-4.697033	0.293709
2.145531	-4.693493	0.281199
2.145671	-4.701063	0.292099
2.145711	-4.699143	0.288279
2.146091	-4.696753	0.295419
2.146131	-4.701813	0.297058
2.146161	-4.700223	0.296269
2.146381	-4.700483	0.290889
2.146511	-4.699383	0.292479
2.146581	-4.698723	0.296089
2.146671	-4.703943	0.294479
2.146691	-4.703693	0.292729
2.146691	-4.698053	0.293599
2.146901	-4.700543	0.288799
2.146911	-4.705763	0.294419
2.146961	-4.704103	0.297169
2.147071	-4.701063	0.294339
2.147321	-4.701593	0.290029
2.147601	-4.699593	0.295389
2.147681	-4.704913	0.295429
2.147881	-4.693213	0.282069
2.147971	-4.702373	0.293049
2.148021	-4.696723	0.294549
2.148251	-4.703333	0.295099
2.148291	-4.700013	0.292279
2.148401	-4.698543	0.293989
2.148951	-4.701273	0.294319
2.149671	-4.699313	0.295069
2.230070	-4.660574	0.202620
2.230070	-4.659194	0.203290
2.230079	-4.657843	0.204000
2.231610	-4.659623	0.201040
2.232640	-4.658603	0.200000
2.233710	-4.657384	0.198990
2.236160	-4.667244	0.198170
2.237459	-4.666093	0.197400
2.238610	-4.666723	0.199050
2.242010	-4.671993	0.183880
2.242559	-4.669204	0.184080
2.242830	-4.670163	0.185680
2.243270	-4.675523	0.193080
2.243390	-4.671734	0.186120
2.243590	-4.671164	0.183940
2.244149	-4.673493	0.193790
2.244190	-4.667103	0.188170
2.244350	-4.669604	0.187950
2.244430	-4.664704	0.183310
2.244699	-4.670044	0.185140
2.244750	-4.669843	0.183490
2.244779	-4.666613	0.183450
2.244829	-4.668503	0.189170
2.244919	-4.672653	0.187150
2.244980	-4.670893	0.186740
2.245029	-4.665054	0.206230
2.245259	-4.676054	0.204150
2.245309	-4.675684	0.184150
2.245449	-4.669974	0.189600
2.245549	-4.672993	0.191060
2.245549	-4.671434	0.190610
2.245549	-4.666844	0.189850
2.245620	-4.671243	0.184890
2.245640	-4.679363	0.205560
2.245640	-4.676143	0.199690
2.245650	-4.680953	0.206500
2.245659	-4.683674	0.204600
2.245709	-4.672413	0.188850
2.245719	-4.676664	0.191880
2.245729	-4.672693	0.193290
2.245800	-4.665563	0.184470
2.245810	-4.674574	0.202630
2.245810	-4.673373	0.203830
2.245899	-4.671474	0.202330
2.245899	-4.667984	0.184570
2.245919	-4.674633	0.188690
2.245969	-4.681743	0.208140
2.245979	-4.675803	0.205850
2.245979	-4.669793	0.203030
2.246059	-4.680053	0.207720
2.246059	-4.663964	0.205780
2.246079	-4.682744	0.205820
2.246079	-4.674863	0.197580
2.246150	-4.663903	0.208580
2.246170	-4.679503	0.203870
2.246170	-4.678023	0.205100
2.246180	-4.677883	0.203450
2.246189	-4.678203	0.207860
2.246200	-4.677533	0.200130
2.246239	-4.674903	0.185320
2.246249	-4.671573	0.194510
2.246279	-4.668883	0.200290
2.246289	-4.669664	0.184010
2.246310	-4.676103	0.203030
2.246310	-4.667573	0.203200
2.246319	-4.673914	0.192640
2.246330	-4.678933	0.201690
2.246349	-4.683423	0.202970
2.246360	-4.684983	0.203390
2.246360	-4.676424	0.208600
2.246370	-4.667304	0.201560
2.246390	-4.669054	0.185790
2.246400	-4.677213	0.201840
2.246400	-4.673423	0.206050
2.246400	-4.672003	0.205080
2.246400	-4.665784	0.202260
2.246419	-4.681664	0.202590
2.246419	-4.674314	0.200410
2.246459	-4.672623	0.197190
2.246459	-4.668694	0.204250
2.246470	-4.673723	0.194320
2.246470	-4.654804	0.201710
2.246479	-4.676693	0.197420
2.246479	-4.675593	0.201420
2.246490	-4.679194	0.209459
2.246510	-4.678213	0.198430
2.246510	-4.676033	0.190250
2.246510	-4.671323	0.199540
2.246540	-4.685993	0.204990
2.246540	-4.677063	0.184600
2.246550	-4.672703	0.201670
2.246560	-4.671113	0.197900
2.246560	-4.668634	0.205930
2.246579	-4.671444	0.186160
2.246599	-4.684623	0.206220
2.246609	-4.687213	0.203760
2.246609	-4.674473	0.208769
2.246619	-4.670024	0.205250
2.246639	-4.673673	0.198800
2.246709	-4.676024	0.195810
2.246739	-4.666753	0.205540
2.246739	-4.665194	0.205090
2.246750	-4.682873	0.207480
2.246750	-4.680723	0.200970
2.246750	-4.662224	0.205350
2.246760	-4.679273	0.200000
2.246760	-4.672534	0.187730
2.246760	-4.670473	0.195720
2.246780	-4.675604	0.192520
2.246809	-4.669063	0.198630
2.246840	-4.681943	0.199220
2.246920	-4.676933	0.194080
2.246929	-4.674174	0.196510
2.246939	-4.675344	0.194190
2.246949	-4.683963	0.209050
2.246959	-4.673203	0.186010
2.246990	-4.678153	0.192850
2.247009	-4.670823	0.207970
2.247029	-4.667013	0.199930
2.247029	-4.666894	0.183240
2.247029	-4.664254	0.201830
2.247050	-4.677563	0.186230
2.247060	-4.663463	0.210870
2.247109	-4.676853	0.199090
2.247119	-4.687493	0.205390
2.247169	-4.664974	0.184890
2.247199	-4.671734	0.184010
2.247210	-4.665164	0.200630
2.247230	-4.673043	0.209459
2.247269	-4.687303	0.207100
2.247269	-4.665583	0.206760
2.247279	-4.662374	0.203680
2.247339	-4.679043	0.197250
2.247399	-4.679564	0.186840
2.247399	-4.675173	0.186440
2.247409	-4.683753	0.201850
2.247409	-4.663774	0.207460
2.247440	-4.685633	0.208330
2.247469	-4.680443	0.198780
2.247469	-4.677263	0.196270
2.247499	-4.679323	0.184990
2.247509	-4.676793	0.210810
2.247559	-4.686743	0.209370
2.247559	-4.682783	0.213030
2.247590	-4.670493	0.186770
2.247639	-4.686013	0.202750
2.247649	-4.678203	0.195070
2.247669	-4.689343	0.209110
2.247679	-4.683783	0.211270
2.247679	-4.659784	0.203330
2.247740	-4.674633	0.210420
2.247749	-4.675684	0.184150
2.247749	-4.667493	0.208280
2.247760	-4.684963	0.210070
2.247760	-4.654844	0.200410
2.247809	-4.668984	0.209250
2.247819	-4.682333	0.196980
2.247819	-4.665804	0.208420
2.247829	-4.680813	0.194880
2.247829	-4.668334	0.184960
2.247839	-4.660864	0.202100
2.247849	-4.682543	0.200270
2.247900	-4.673313	0.184610
2.247940	-4.666474	0.184890
2.248009	-4.680453	0.196560
2.248120	-4.685933	0.216079
2.248120	-4.670943	0.210210
2.248130	-4.678353	0.191730
2.248130	-4.677794	0.184550
2.248159	-4.673473	0.187120
2.248190	-4.686234	0.204410
2.248240	-4.687863	0.208150
2.248249	-4.654033	0.202620
2.248280	-4.681143	0.213750
2.248349	-4.682694	0.198610
2.248419	-4.659464	0.201660
2.248429	-4.671873	0.185060
2.248460	-4.667383	0.183130
2.248460	-4.658104	0.197050
2.248509	-4.672874	0.211139
2.248519	-4.674343	0.190400
2.248610	-4.681903	0.215340
2.248629	-4.683253	0.214110
2.248660	-4.665433	0.210149
2.248699	-4.686103	0.198340
2.248759	-4.684583	0.200130
2.248770	-4.676744	0.191300
2.248779	-4.677814	0.186220
2.248779	-4.672043	0.187780
2.248799	-4.686773	0.211010
2.248810	-4.659744	0.197120
2.248820	-4.685333	0.211720
2.248859	-4.684253	0.198480
2.248879	-4.669243	0.210930
2.248919	-4.676133	0.187480
2.248930	-4.683903	0.196840
2.248939	-4.687753	0.209820
2.248939	-4.682394	0.195860
2.248959	-4.667663	0.210520
2.249030	-4.683733	0.215750
2.249049	-4.687244	0.206000
2.249049	-4.668914	0.212640
2.249109	-4.680543	0.193800
2.249290	-4.688613	0.211410
2.249319	-4.686153	0.200530
2.249319	-4.683363	0.201340
2.249319	-4.676473	0.184660
2.249329	-4.663863	0.210830
2.249360	-4.687783	0.202620
2.249370	-4.661954	0.198870
2.249409	-4.686863	0.212679
2.249430	-4.687373	0.199330
2.249439	-4.682533	0.194200
2.249510	-4.685894	0.203330
2.249510	-4.662514	0.196000
2.249539	-4.670513	0.211919
2.249550	-4.658034	0.200660
2.249550	-4.656453	0.210050
2.249560	-4.666303	0.211200
2.249579	-4.655264	0.208260
2.249589	-4.684313	0.202910
2.249690	-4.688813	0.208070
2.249690	-4.656384	0.197430
2.249729	-4.672884	0.190510
2.249830	-4.653894	0.204760
2.249839	-4.671063	0.188970
2.249859	-4.687923	0.200960
2.249869	-4.666194	0.185240
2.249869	-4.663044	0.197710
2.249869	-4.655154	0.198520
2.249939	-4.663704	0.185130
2.249969	-4.684323	0.214589
2.249999	-4.684473	0.217360
2.250049	-4.667023	0.186700
2.250069	-4.673464	0.188220
2.250109	-4.671703	0.185450
2.250139	-4.676063	0.186360
2.250149	-4.683833	0.195750
2.250189	-4.667523	0.212200
2.250189	-4.657914	0.198990
2.250220	-4.673523	0.184400
2.250250	-4.687244	0.204880
2.250250	-4.660974	0.194700
2.250309	-4.689193	0.198630
2.250319	-4.659744	0.197540
2.250339	-4.656164	0.200250
2.250380	-4.687503	0.211529
2.250430	-4.658384	0.196870
2.250459	-4.654284	0.201250
2.250459	-4.653654	0.202940
2.250529	-4.685753	0.212790
2.250590	-4.685873	0.197800
2.250599	-4.654804	0.207000
2.250629	-4.669803	0.186830
2.250700	-4.674654	0.185360
2.250720	-4.687723	0.209830
2.250739	-4.660764	0.198660
2.250750	-4.685403	0.196180
2.250759	-4.690073	0.204640
2.250770	-4.688623	0.205310
2.250790	-4.682263	0.195320
2.250819	-4.680713	0.193780
2.250830	-4.685833	0.204440
2.250839	-4.687183	0.206570
2.250839	-4.651923	0.200040
2.250910	-4.678923	0.192800
2.250919	-4.654704	0.204090
2.250960	-4.682133	0.217020
2.250979	-4.686403	0.185230
2.251049	-4.683243	0.215790
2.251089	-4.669513	0.189080
2.251089	-4.655784	0.197820
2.251100	-4.686723	0.208280
2.251159	-4.656873	0.211069
2.251209	-4.675324	0.191440
2.251219	-4.688763	0.202010
2.251219	-4.668144	0.188340
2.251229	-4.686853	0.196620
2.251229	-4.684193	0.213509
2.251269	-4.688763	0.203650
2.251280	-4.676533	0.184000
2.251319	-4.674813	0.188110
2.251339	-4.662413	0.185520
2.251369	-4.671283	0.188070
2.251390	-4.667593	0.189950
2.251429	-4.688153	0.200390
2.251440	-4.688753	0.208090
2.251440	-4.677583	0.192370
2.251440	-4.667984	0.185730
2.251479	-4.672963	0.185380
2.251529	-4.687743	0.198180
2.251570	-4.688733	0.212539
2.251570	-4.667333	0.213349
2.251579	-4.684573	0.195140
2.251579	-4.657414	0.203920
2.251590	-4.691173	0.209549
2.251619	-4.654944	0.202300
2.251650	-4.657114	0.205520
2.251699	-4.672573	0.189970
2.251709	-4.684094	0.193500
2.251760	-4.690043	0.200230
2.251760	-4.671054	0.190670
2.251810	-4.686573	0.211069
2.251840	-4.676553	0.190230
2.251849	-4.680483	0.184360
2.251859	-4.664094	0.185550
2.251859	-4.662164	0.196310
2.251879	-4.682563	0.194200
2.251879	-4.668194	0.214950
2.251899	-4.655964	0.201180
2.251920	-4.689063	0.210280
2.251920	-4.672844	0.188110
2.251929	-4.658384	0.192700
2.251929	-4.657123	0.197220
2.251929	-4.654804	0.208020
2.251970	-4.655964	0.209770
2.251970	-4.654804	0.198830
2.251999	-4.687123	0.183660
2.251999	-4.658313	0.212749
2.252039	-4.666443	0.185620
2.252069	-4.688173	0.184850
2.252069	-4.673904	0.184220
2.252069	-4.670304	0.186850
2.252099	-4.674463	0.189840
2.252109	-4.690153	0.212410
2.252120	-4.687253	0.209340
2.252139	-4.680624	0.194900
2.252159	-4.678193	0.183980
2.252209	-4.692083	0.203930
2.252249	-4.661324	0.195120
2.252249	-4.655264	0.204550
2.252269	-4.690603	0.203510
2.252280	-4.684483	0.215720
2.252290	-4.691703	0.202310
2.252290	-4.690683	0.205710
2.252299	-4.683493	0.218560
2.252309	-4.684303	0.185150
2.252340	-4.669654	0.190200
2.252389	-4.685343	0.212839
2.252399	-4.690133	0.201900
2.252409	-4.681264	0.192610
2.252449	-4.688893	0.205860
2.252449	-4.665303	0.214100
2.252459	-4.685643	0.182960
2.252529	-4.677814	0.190690
2.252529	-4.661854	0.197960
2.252540	-4.690293	0.207420
2.252540	-4.686373	0.194450
2.252569	-4.687933	0.197070
2.252579	-4.686443	0.196090
2.252669	-4.689153	0.185970
2.252710	-4.659024	0.197540
2.252740	-4.676933	0.185190
2.252759	-4.684743	0.196230
2.252769	-4.682243	0.183670
2.252779	-4.692273	0.206110
2.252779	-4.668224	0.188350
2.252819	-4.687244	0.213800
2.252880	-4.688324	0.211450
2.252880	-4.660383	0.199010
2.252899	-4.681913	0.217040
2.252909	-4.660343	0.214469
2.252909	-4.654944	0.206190
2.252929	-4.672463	0.186930
2.252950	-4.654353	0.200450
2.252979	-4.691353	0.200120
2.252979	-4.675203	0.184190
2.252989	-4.688243	0.194850
2.252989	-4.683993	0.194620
2.252989	-4.658134	0.196040
2.253000	-4.693503	0.209890
2.253009	-4.691913	0.208390
2.253030	-4.678313	0.192320
2.253050	-4.658124	0.194330
2.253059	-4.682543	0.214760
2.253079	-4.657444	0.210340
2.253089	-4.684073	0.183410
2.253089	-4.656034	0.198200
2.253149	-4.676424	0.191910
2.253230	-4.673974	0.185270
2.253240	-4.679693	0.183310
2.253259	-4.659044	0.192040
2.253269	-4.657334	0.199090
2.253369	-4.672353	0.189750
2.253379	-4.656724	0.205490
2.253400	-4.684603	0.214600
2.253400	-4.683263	0.216390
2.253429	-4.675613	0.190290
2.253429	-4.656754	0.202270
2.253449	-4.689743	0.211360
2.253459	-4.656714	0.200650
2.253469	-4.687543	0.184120
2.253480	-4.656493	0.207070
2.253489	-4.690883	0.210130
2.253489	-4.690503	0.204630
2.253509	-4.692843	0.200000
2.253509	-4.658944	0.190280
2.253519	-4.691423	0.198460
2.253569	-4.688573	0.199240
2.253580	-4.689733	0.198040
2.253589	-4.656254	0.203840
2.253609	-4.654554	0.197590
2.253649	-4.680773	0.191560
2.253679	-4.691303	0.201780
2.253690	-4.655794	0.208670
2.253699	-4.660924	0.192810
2.253709	-4.686683	0.197180
2.253740	-4.670033	0.188430
2.253749	-4.680644	0.193240
2.253760	-4.663883	0.185340
2.253779	-4.682023	0.192570
2.253809	-4.692523	0.205000
2.253849	-4.687483	0.193810
2.253859	-4.660424	0.194380
2.253889	-4.683983	0.186280
2.253900	-4.684483	0.192940
2.253919	-4.692183	0.203380
2.253969	-4.658734	0.199960
2.253979	-4.692333	0.207230
2.254039	-4.655014	0.207210
2.254069	-4.686173	0.182850
2.254089	-4.693483	0.208240
2.254089	-4.692243	0.209470
2.254100	-4.690793	0.207380
2.254129	-4.686883	0.195520
2.254139	-4.681234	0.182610
2.254169	-4.688363	0.215930
2.254189	-4.675803	0.186450
2.254209	-4.686103	0.184540
2.254220	-4.681503	0.218790
2.254249	-4.672263	0.185660
2.254279	-4.655504	0.205490
2.254339	-4.691813	0.212270
2.254349	-4.695323	0.206970
2.254379	-4.658834	0.195930
2.254389	-4.660383	0.186250
2.254399	-4.689033	0.213640
2.254439	-4.660744	0.214870
2.254459	-4.679273	0.184220
2.254489	-4.678774	0.191160
2.254489	-4.655784	0.202720
2.254499	-4.663153	0.194540
2.254529	-4.677623	0.185560
2.254539	-4.685773	0.193370
2.254589	-4.674473	0.190400
2.254599	-4.682843	0.183240
2.254619	-4.677054	0.190740
2.254630	-4.667473	0.189930
2.254630	-4.658414	0.212469
2.254630	-4.657684	0.208740
2.254640	-4.657993	0.197500
2.254650	-4.688483	0.194830
2.254669	-4.669664	0.186080
2.254709	-4.694073	0.201010
2.254709	-4.662503	0.196110
2.254729	-4.657714	0.199070
2.254770	-4.674393	0.185130
2.254779	-4.682963	0.218659
2.254809	-4.688223	0.196510
2.254809	-4.671573	0.186890
2.254809	-4.657404	0.202290
2.254819	-4.691113	0.200140
2.254829	-4.657304	0.203900
2.254839	-4.683933	0.184400
2.254849	-4.657144	0.205510
2.254909	-4.685283	0.215080
2.254919	-4.695193	0.205340
2.254919	-4.693673	0.202680
2.254919	-4.657133	0.200670
2.254960	-4.693753	0.204360
2.254969	-4.690453	0.213520
2.254980	-4.676013	0.184050
2.254980	-4.657644	0.210679
2.255019	-4.658273	0.190670
2.255039	-4.683503	0.215809
2.255049	-4.692073	0.201740
2.255049	-4.670714	0.188950
2.255049	-4.661393	0.194800
2.255089	-4.683103	0.191930
2.255089	-4.659364	0.213590
2.255109	-4.691583	0.197890
2.255129	-4.687363	0.214889
2.255149	-4.692973	0.199980
2.255149	-4.690213	0.198560
2.255149	-4.686163	0.216679
2.255159	-4.681443	0.183690
2.255179	-4.693423	0.206600
2.255209	-4.689833	0.195260
2.255229	-4.687363	0.183940
2.255229	-4.677764	0.184080
2.255259	-4.661924	0.185690
2.255300	-4.660693	0.197620
2.255300	-4.660624	0.193050
2.255330	-4.692063	0.211150
2.255330	-4.680043	0.183030
2.255379	-4.695333	0.203680
2.255379	-4.689543	0.196980
2.255379	-4.686783	0.194430
2.255389	-4.689593	0.215259
2.255399	-4.658694	0.192390
2.255439	-4.695583	0.208060
2.255439	-4.659703	0.212079
2.255499	-4.673363	0.186000
2.255539	-4.659924	0.199190
2.255549	-4.681933	0.190900
2.255569	-4.682333	0.217029
2.255589	-4.693843	0.208230
2.255599	-4.692883	0.213279
2.255709	-4.691483	0.215069
2.255729	-4.658963	0.210420
2.255749	-4.659194	0.202360
2.255759	-4.658923	0.208810
2.255789	-4.680773	0.220530
2.255789	-4.667214	0.185870
2.255799	-4.693513	0.209910
2.255809	-4.659074	0.200750
2.255819	-4.688263	0.193750
2.255819	-4.675533	0.190320
2.255860	-4.685333	0.184920
2.255860	-4.678633	0.182920
2.255899	-4.690843	0.212370
2.255919	-4.684363	0.217399
2.255919	-4.658694	0.203970
2.255940	-4.681684	0.219329
2.255949	-4.668334	0.188340
2.255959	-4.686513	0.191120
2.255990	-4.679413	0.191110
2.255999	-4.682173	0.184780
2.255999	-4.659014	0.187200
2.256009	-4.694083	0.205450
2.256029	-4.665253	0.185760
2.256049	-4.688473	0.185960
2.256069	-4.686313	0.192800
2.256109	-4.658064	0.205530
2.256139	-4.661504	0.215899
2.256169	-4.673353	0.190500
2.256179	-4.662813	0.194510
2.256239	-4.661924	0.213810
2.256249	-4.684503	0.191260
2.256249	-4.657644	0.207140
2.256269	-4.682843	0.189720
2.256309	-4.695073	0.209779
2.256330	-4.694443	0.201520
2.256359	-4.692893	0.201100
2.256359	-4.692683	0.198930
2.256400	-4.693603	0.211570
2.256409	-4.685163	0.187890
2.256419	-4.684353	0.186160
2.256419	-4.657644	0.202510
2.256439	-4.662034	0.197690
2.256449	-4.658203	0.189970
2.256489	-4.676573	0.184500
2.256499	-4.692243	0.196720
2.256520	-4.686343	0.188900
2.256570	-4.684903	0.189570
2.256579	-4.689323	0.195890
2.256589	-4.687923	0.184400
2.256589	-4.683753	0.184780
2.256659	-4.672434	0.185450
2.256659	-4.659993	0.214050
2.256669	-4.669463	0.189690
2.256699	-4.691663	0.213430
2.256709	-4.696623	0.204650
2.256709	-4.688603	0.190950
2.256779	-4.695183	0.207000
2.256779	-4.680303	0.189930
2.256779	-4.660964	0.199250
2.256799	-4.676573	0.189790
2.256879	-4.686683	0.187210
2.256899	-4.695263	0.211410
2.256949	-4.691043	0.195170
2.256949	-4.660413	0.200820
2.256969	-4.682563	0.188090
2.256979	-4.686563	0.182570
2.256979	-4.683173	0.216420
2.256979	-4.680604	0.184610
2.257020	-4.695643	0.200900
2.257049	-4.689733	0.215800
2.257049	-4.665134	0.189790
2.257070	-4.681733	0.218210
2.257070	-4.666874	0.188180
2.257090	-4.692243	0.215020
2.257119	-4.661084	0.195750
2.257149	-4.695483	0.203100
2.257169	-4.674264	0.185410
2.257169	-4.670983	0.190120
2.257179	-4.659314	0.212050
2.257189	-4.664134	0.185590
2.257199	-4.687433	0.189930
2.257209	-4.688923	0.192580
2.257219	-4.688433	0.187090
2.257219	-4.669873	0.186800
2.257239	-4.659194	0.210430
2.257249	-4.690393	0.214079
2.257260	-4.680063	0.220070
2.257260	-4.676253	0.183240
2.257260	-4.662304	0.185520
2.257269	-4.659144	0.208820
2.257280	-4.686613	0.216650
2.257309	-4.687413	0.193250
2.257309	-4.659374	0.202380
2.257369	-4.694203	0.212630
2.257409	-4.658903	0.207170
2.257420	-4.695653	0.214160
2.257420	-4.692983	0.197780
2.257420	-4.658883	0.205560
2.257439	-4.657193	0.208090
2.257469	-4.678633	0.189530
2.257519	-4.688973	0.185390
2.257529	-4.658724	0.203940
2.257539	-4.679023	0.184500
2.257579	-4.661504	0.215170
2.257599	-4.695893	0.205850
2.257609	-4.663233	0.196140
2.257669	-4.688363	0.217049
2.257679	-4.693673	0.214330
2.257679	-4.687433	0.188270
2.257679	-4.658243	0.188150
2.257699	-4.662354	0.213829
2.257719	-4.658243	0.190980
2.257760	-4.689143	0.194250
2.257819	-4.696773	0.207980
2.257819	-4.695643	0.209740
2.257819	-4.659504	0.185900
2.257859	-4.658804	0.199540
2.257889	-4.672953	0.186190
2.257899	-4.696753	0.210750
2.257919	-4.662473	0.194480
2.257959	-4.682723	0.186050
2.257989	-4.693274	0.199440
2.258049	-4.691053	0.191850
2.258049	-4.689643	0.190870
2.258069	-4.685503	0.187270
2.258069	-4.660664	0.213910
2.258089	-4.662083	0.191250
2.258099	-4.694343	0.201010
2.258109	-4.695413	0.199260
2.258150	-4.690933	0.193530
2.258189	-4.691233	0.216219
2.258209	-4.680483	0.218359
2.258229	-4.661493	0.197650
2.258279	-4.685823	0.185070
2.258299	-4.675354	0.189760
2.258310	-4.684213	0.186060
2.258349	-4.684223	0.217430
2.258359	-4.660504	0.212110
2.258379	-4.672703	0.189560
2.258379	-4.661264	0.192810
2.258379	-4.660914	0.200830
2.258389	-4.660944	0.199220
2.258409	-4.692063	0.196770
2.258419	-4.675733	0.184850
2.258429	-4.695693	0.212519
2.258429	-4.693463	0.216030
2.258450	-4.658524	0.201180
2.258479	-4.660453	0.205660
2.258489	-4.696343	0.204710
2.258500	-4.660164	0.210460
2.258519	-4.680033	0.186030
2.258559	-4.659854	0.191550
2.258589	-4.669704	0.185690
2.258609	-4.667584	0.189810
2.258659	-4.696083	0.206940
2.258659	-4.688603	0.192100
2.258659	-4.669664	0.189130
2.258659	-4.659794	0.208840
2.258690	-4.687863	0.187110
2.258699	-4.689843	0.195830
2.258719	-4.687314	0.189660
2.258719	-4.659684	0.207230
2.258729	-4.677303	0.184890
2.258770	-4.681843	0.217669
2.258770	-4.668373	0.186780
2.258770	-4.658384	0.202870
2.258779	-4.666944	0.187640
2.258789	-4.659643	0.204000
2.258819	-4.689843	0.217470
2.258840	-4.660974	0.195580
2.258849	-4.694813	0.195420
2.258869	-4.687473	0.184750
2.258869	-4.658343	0.210260
2.258879	-4.678923	0.219040
2.258889	-4.686813	0.217189
2.258939	-4.659014	0.190320
2.258980	-4.682034	0.185060
2.258989	-4.699173	0.207760
2.258989	-4.694393	0.213170
2.259039	-4.697453	0.203500
2.259069	-4.664553	0.188150
2.259079	-4.695933	0.202520
2.259149	-4.692913	0.198360
2.259190	-4.694073	0.214880
2.259190	-4.692463	0.192860
2.259209	-4.695523	0.216379
2.259219	-4.698953	0.212200
2.259299	-4.661994	0.188490
2.259309	-4.671504	0.189500
2.259319	-4.693503	0.196900
2.259339	-4.697313	0.211820
2.259359	-4.697633	0.216199
2.259359	-4.662514	0.185310
2.259370	-4.674133	0.189590
2.259379	-4.696963	0.207970
2.259399	-4.659464	0.185730
2.259409	-4.693483	0.194430
2.259429	-4.679483	0.184920
2.259459	-4.698043	0.206210
2.259469	-4.658764	0.205110
2.259499	-4.697193	0.214020
2.259530	-4.662813	0.197720
2.259539	-4.660664	0.197750
2.259549	-4.694633	0.198760
2.259549	-4.690253	0.190830
2.259569	-4.672824	0.185170
2.259599	-4.695613	0.214729
2.259609	-4.658034	0.199920
2.259649	-4.662463	0.199290
2.259709	-4.661154	0.216600
2.259720	-4.691123	0.192430
2.259749	-4.659924	0.199400
2.259759	-4.684843	0.217949
2.259769	-4.663674	0.189650
2.259789	-4.665264	0.189670
2.259789	-4.661463	0.213750
2.259809	-4.662214	0.192840
2.259819	-4.691573	0.216769
2.259819	-4.663624	0.192100
2.259849	-4.667884	0.188920
2.259849	-4.661154	0.185760
2.259879	-4.662004	0.194450
2.259879	-4.661304	0.210520
2.259889	-4.658594	0.189060
2.259909	-4.696873	0.205220
2.259909	-4.696583	0.201370
2.259919	-4.662863	0.216109
2.259939	-4.685313	0.187170
2.259989	-4.666194	0.186610
2.259999	-4.661003	0.212129
2.260079	-4.695163	0.205920
2.260090	-4.695773	0.196470
2.260090	-4.660844	0.208870
2.260099	-4.660413	0.192560
2.260119	-4.693493	0.217139
2.260119	-4.661393	0.191180
2.260129	-4.659713	0.211350
2.260139	-4.698453	0.213369
2.260139	-4.698173	0.209520
2.260139	-4.685673	0.185080
2.260179	-4.661284	0.189560
2.260199	-4.691163	0.194420
2.260259	-4.687033	0.187210
2.260299	-4.660413	0.204030
2.260329	-4.694213	0.200460
2.260329	-4.688453	0.190770
2.260359	-4.692693	0.195630
2.260379	-4.690273	0.217450
2.260399	-4.669374	0.216480
2.260409	-4.660274	0.187970
2.260409	-4.659963	0.205600
2.260429	-4.698463	0.202860
2.260489	-4.660004	0.200790
2.260499	-4.698613	0.207260
2.260529	-4.694733	0.195440
2.260529	-4.659613	0.207200
2.260569	-4.663453	0.213860
2.260590	-4.697283	0.210730
2.260590	-4.694743	0.197650
2.260620	-4.683163	0.184960
2.260679	-4.659384	0.202360
2.260689	-4.663813	0.185800
2.260729	-4.660734	0.194770
2.260799	-4.659464	0.186740
2.260819	-4.664494	0.188370
2.260869	-4.699333	0.211100
2.260869	-4.659394	0.208960
2.260879	-4.695813	0.200330
2.260899	-4.677484	0.184680
2.260899	-4.660063	0.190740
2.260969	-4.670193	0.186830
2.260979	-4.671063	0.185520
2.261029	-4.692083	0.193440
2.261049	-4.681684	0.184850
2.261059	-4.687463	0.185500
2.261099	-4.667663	0.190820
2.261140	-4.686123	0.188290
2.261149	-4.693513	0.198330
2.261199	-4.694713	0.216499
2.261219	-4.696283	0.197550
2.261229	-4.698783	0.214460
2.261229	-4.687483	0.189950
2.261239	-4.698053	0.205670
2.261289	-4.659224	0.188950
2.261299	-4.687763	0.188310
2.261309	-4.662034	0.196030
2.261329	-4.659854	0.198100
2.261359	-4.683683	0.187100
2.261369	-4.698313	0.212280
2.261379	-4.691803	0.217870
2.261379	-4.661994	0.192810
2.261409	-4.695593	0.214740
2.261419	-4.697073	0.215159
2.261429	-4.699273	0.209440
2.261429	-4.668403	0.189370
2.261449	-4.661884	0.188010
2.261469	-4.662164	0.213619
2.261519	-4.660864	0.210490
2.261529	-4.696743	0.213550
2.261539	-4.667774	0.186460
2.261549	-4.699573	0.217139
2.261569	-4.680183	0.185310
2.261569	-4.661013	0.202430
2.261569	-4.660944	0.185590
2.261569	-4.660383	0.192980
2.261579	-4.697003	0.201360
2.261589	-4.661124	0.199210
2.261659	-4.696913	0.203560
2.261669	-4.696653	0.216869
2.261749	-4.662694	0.185660
2.261769	-4.695263	0.201500
2.261830	-4.690813	0.193130
2.261859	-4.664694	0.213930
2.261919	-4.660764	0.216920
2.261919	-4.660494	0.189520
2.261919	-4.659894	0.205600
2.261959	-4.675274	0.185060
2.261959	-4.659574	0.199750
2.261959	-4.659574	0.203710
2.261999	-4.699183	0.206690
2.262009	-4.697173	0.198580
2.262029	-4.666303	0.187480
2.262049	-4.697913	0.210690
2.262199	-4.660664	0.195790
2.262209	-4.695443	0.199180
2.262239	-4.672713	0.184920
2.262249	-4.689763	0.191880
2.262279	-4.699113	0.213340
2.262299	-4.664494	0.186520
2.262339	-4.694063	0.196730
2.262349	-4.669063	0.217599
2.262369	-4.667554	0.216390
2.262389	-4.700013	0.212140
2.262389	-4.699943	0.210500
2.262429	-4.670754	0.183980
2.262449	-4.698223	0.207870
2.262449	-4.688583	0.190960
2.262509	-4.685553	0.185640
2.262519	-4.686933	0.188860
2.262589	-4.683933	0.185230
2.262619	-4.659884	0.201950
2.262659	-4.697333	0.202440
2.262689	-4.681584	0.184680
2.262689	-4.660453	0.186600
2.262729	-4.688773	0.189430
2.262739	-4.662224	0.212170
2.262759	-4.659814	0.207070
2.262799	-4.664694	0.188370
2.262799	-4.664233	0.195580
2.262829	-4.666544	0.189130
2.262839	-4.692063	0.192340
2.262849	-4.661964	0.210520
2.262869	-4.668373	0.188640
2.262889	-4.698713	0.209510
2.262889	-4.661964	0.208940
2.262939	-4.670153	0.189860
2.262939	-4.670153	0.192700
2.262939	-4.660274	0.209350
2.262969	-4.677863	0.185060
2.262979	-4.697583	0.215150
2.262989	-4.691873	0.194050
2.262999	-4.661703	0.207290
2.263009	-4.661733	0.205680
2.263029	-4.662093	0.194430
2.263039	-4.693193	0.195020
2.263039	-4.662034	0.196050
2.263039	-4.661773	0.200840
2.263079	-4.661693	0.202450
2.263109	-4.667493	0.186650
2.263129	-4.697353	0.216819
2.263139	-4.662083	0.187980
2.263169	-4.661314	0.204060
2.263189	-4.699073	0.203400
2.263219	-4.695673	0.216440
2.263219	-4.662694	0.186080
2.263249	-4.674083	0.184890
2.263249	-4.661954	0.214539
2.263259	-4.661584	0.189590
2.263289	-4.665933	0.213960
2.263289	-4.661423	0.192780
2.263299	-4.661504	0.191160
2.263379	-4.698783	0.205080
2.263409	-4.681853	0.186970
2.263459	-4.685133	0.188160
2.263459	-4.660693	0.197560
2.263499	-4.672123	0.189900
2.263549	-4.660464	0.199170
2.263599	-4.676253	0.184920
2.263619	-4.684153	0.186320
2.263639	-4.659993	0.205280
2.263739	-4.679833	0.185060
2.263749	-4.699613	0.208320
2.263769	-4.667123	0.215069
2.263779	-4.696043	0.201430
2.263779	-4.664933	0.186110
2.263779	-4.663494	0.196760
2.263779	-4.661744	0.217340
2.263849	-4.669143	0.192000
2.263849	-4.660483	0.201290
2.263899	-4.697793	0.207940
2.263919	-4.697023	0.198030
2.263929	-4.699633	0.214410
2.263939	-4.689583	0.190590
2.263969	-4.698083	0.213989
2.264029	-4.669714	0.185200
2.264029	-4.663813	0.212239
2.264059	-4.700813	0.215940
2.264159	-4.670714	0.188640
2.264189	-4.698893	0.212270
2.264199	-4.660974	0.195010
2.264229	-4.682793	0.185880
2.264229	-4.660313	0.189860
2.264249	-4.695413	0.197840
2.264270	-4.671773	0.191510
2.264270	-4.665323	0.188950
2.264270	-4.662763	0.213310
2.264270	-4.660944	0.209800
2.264270	-4.660904	0.208090
2.264309	-4.663264	0.207360
2.264319	-4.688413	0.189330
2.264339	-4.663004	0.210580
2.264349	-4.663903	0.188060
2.264359	-4.699693	0.209980
2.264369	-4.694143	0.195400
2.264369	-4.668304	0.190770
2.264369	-4.662964	0.208970
2.264369	-4.661504	0.185900
2.264379	-4.701113	0.209310
2.264409	-4.668304	0.189060
2.264439	-4.677794	0.185480
2.264439	-4.669983	0.190840
2.264439	-4.667634	0.185620
2.264449	-4.698573	0.216149
2.264480	-4.697053	0.200240
2.264499	-4.667573	0.217470
2.264509	-4.671664	0.185200
2.264559	-4.700783	0.211550
2.264609	-4.698443	0.203860
2.264639	-4.662384	0.205700
2.264759	-4.662654	0.189620
2.264759	-4.662493	0.194450
2.264769	-4.662334	0.196060
2.264789	-4.697043	0.205780
2.264849	-4.661763	0.204080
2.264869	-4.696663	0.203050
2.264889	-4.662153	0.192800
2.264899	-4.662234	0.191220
2.264909	-4.661693	0.202470
2.264919	-4.661723	0.200850
2.264969	-4.692693	0.193430
2.264969	-4.669734	0.193050
2.265039	-4.699023	0.202300
2.265069	-4.699233	0.205590
2.265069	-4.661463	0.197620
2.265089	-4.670714	0.186900
2.265109	-4.685073	0.188480
2.265109	-4.681053	0.186710
2.265109	-4.661814	0.188150
2.265109	-4.661334	0.199200
2.265109	-4.660554	0.205140
2.265119	-4.666584	0.213989
2.265129	-4.699663	0.213320
2.265149	-4.679204	0.186640
2.265189	-4.701053	0.214819
2.265189	-4.690453	0.191710
2.265289	-4.700253	0.207150
2.265319	-4.670754	0.191930
2.265319	-4.661043	0.206860
2.265339	-4.699343	0.214999
2.265389	-4.661674	0.210860
2.265399	-4.696173	0.198970
2.265439	-4.686503	0.189270
2.265469	-4.694853	0.196560
2.265479	-4.701033	0.205460
2.265569	-4.663463	0.185870
2.265609	-4.701533	0.217010
2.265619	-4.683413	0.188060
2.265639	-4.671134	0.189060
2.265689	-4.663293	0.197880
2.265709	-4.701053	0.213200
2.265709	-4.677163	0.217899
2.265719	-4.665663	0.212490
2.265779	-4.695773	0.200920
2.265809	-4.679483	0.184850
2.265809	-4.660834	0.193120
2.265889	-4.663574	0.195430
2.265949	-4.688303	0.190470
2.265959	-4.673273	0.218550
2.266009	-4.698913	0.210600
2.266009	-4.664124	0.212260
2.266019	-4.663883	0.214330
2.266049	-4.693373	0.196120
2.266059	-4.668723	0.188360
2.266069	-4.699873	0.208880
2.266089	-4.699123	0.216690
2.266149	-4.701193	0.210980
2.266159	-4.671563	0.185060
2.266159	-4.667493	0.191120
2.266159	-4.661324	0.194840
2.266169	-4.691083	0.192880
2.266199	-4.676363	0.185270
2.266229	-4.665634	0.189340
2.266249	-4.664273	0.188080
2.266299	-4.661884	0.189160
2.266309	-4.667353	0.216140
2.266339	-4.695443	0.197700
2.266369	-4.681543	0.187760
2.266369	-4.669734	0.192350
2.266369	-4.663274	0.205760
2.266369	-4.661254	0.200480
2.266379	-4.697343	0.201350
2.266409	-4.699683	0.204970
2.266429	-4.663153	0.204150
2.266439	-4.663183	0.202540
2.266439	-4.663074	0.207340
2.266479	-4.680463	0.185970
2.266479	-4.661184	0.202160
2.266499	-4.662773	0.208940
2.266549	-4.669664	0.185480
2.266570	-4.663384	0.189640
2.266570	-4.662564	0.210550
2.266579	-4.662843	0.200880
2.266609	-4.689963	0.191620
2.266609	-4.663204	0.191250
2.266619	-4.702923	0.213580
2.266619	-4.677303	0.186390
2.266619	-4.670153	0.188360
2.266629	-4.663054	0.192860
2.266649	-4.671943	0.191260
2.266689	-4.666323	0.213660
2.266689	-4.661114	0.190770
2.266699	-4.701203	0.209310
2.266699	-4.701133	0.207670
2.266719	-4.678464	0.189860
2.266739	-4.662694	0.194430
2.266749	-4.664624	0.190620
2.266759	-4.662453	0.199270
2.266849	-4.662264	0.197650
2.266899	-4.661013	0.198730
2.266929	-4.662073	0.196030
2.266949	-4.664163	0.199010
2.266979	-4.695803	0.199830
2.267049	-4.659663	0.192920
2.267059	-4.684413	0.189180
2.267069	-4.676533	0.216009
2.267069	-4.662093	0.214120
2.267079	-4.701223	0.205450
2.267079	-4.670424	0.194110
2.267100	-4.700063	0.206640
2.267129	-4.698833	0.202520
2.267139	-4.662063	0.205000
2.267189	-4.687683	0.191610
2.267209	-4.672854	0.184990
2.267219	-4.697453	0.200080
2.267239	-4.694623	0.195240
2.267279	-4.662694	0.186250
2.267299	-4.701633	0.217029
2.267309	-4.701213	0.212059
2.267349	-4.673343	0.192420
2.267349	-4.667564	0.192700
2.267349	-4.661393	0.192420
2.267389	-4.700163	0.216620
2.267389	-4.676953	0.189720
2.267469	-4.694633	0.198810
2.267479	-4.702163	0.210340
2.267489	-4.678703	0.186950
2.267499	-4.683193	0.187960
2.267529	-4.679934	0.184710
2.267549	-4.697443	0.203000
2.267559	-4.667493	0.185310
2.267619	-4.674194	0.216539
2.267629	-4.679903	0.189270
2.267629	-4.678603	0.216600
2.267629	-4.671494	0.189440
2.267629	-4.664834	0.213899
2.267649	-4.675823	0.188660
2.267659	-4.665844	0.188150
2.267679	-4.677343	0.185170
2.267689	-4.694033	0.197190
2.267699	-4.674483	0.219660
2.267739	-4.670853	0.186010
2.267789	-4.689523	0.192760
2.267809	-4.681543	0.191020
2.267829	-4.703053	0.216869
2.267869	-4.664303	0.212239
2.267939	-4.686643	0.190340
2.268019	-4.668964	0.192700
2.268049	-4.676083	0.218149
2.268049	-4.663764	0.210590
2.268069	-4.690913	0.193970
2.268089	-4.659074	0.190420
2.268109	-4.700783	0.208500
2.268119	-4.700983	0.214320
2.268159	-4.681373	0.186990
2.268169	-4.697243	0.201370
2.268169	-4.695973	0.202570
2.268229	-4.664104	0.189670
2.268259	-4.665283	0.215270
2.268269	-4.668843	0.188320
2.268299	-4.662863	0.212890
2.268309	-4.663443	0.200910
2.268319	-4.663364	0.204130
2.268329	-4.695333	0.197590
2.268329	-4.671773	0.191690
2.268339	-4.663024	0.208960
2.268349	-4.663483	0.197680
2.268369	-4.686133	0.193470
2.268369	-4.675383	0.185590
2.268379	-4.669714	0.195250
2.268379	-4.667463	0.215630
2.268389	-4.699543	0.203390
2.268399	-4.663254	0.199290
2.268399	-4.663174	0.202510
2.268409	-4.700853	0.204360
2.268409	-4.670543	0.192740
2.268459	-4.683753	0.191540
2.268509	-4.663024	0.196060
2.268519	-4.662634	0.207310
2.268549	-4.660234	0.214429
2.268579	-4.679973	0.188040
2.268619	-4.673944	0.184920
2.268669	-4.662704	0.194440
2.268679	-4.701983	0.209250
2.268679	-4.674574	0.190940
2.268689	-4.675203	0.216880
2.268719	-4.678813	0.190810
2.268749	-4.701953	0.211459
2.268779	-4.702163	0.215870
2.268779	-4.700443	0.209960
2.268789	-4.676813	0.216950
2.268789	-4.670364	0.189300
2.268829	-4.680423	0.190320
2.268829	-4.663213	0.215130
2.268859	-4.679343	0.185130
2.268859	-4.675733	0.215170
2.268859	-4.665514	0.200110
2.268869	-4.662294	0.191180
2.268899	-4.701373	0.207250
2.268899	-4.672053	0.193330
2.268929	-4.678703	0.189090
2.268929	-4.662584	0.189480
2.268939	-4.700493	0.215480
2.268999	-4.701533	0.213170
2.269079	-4.661594	0.192780
2.269109	-4.667844	0.187440
2.269109	-4.666164	0.203290
2.269139	-4.676714	0.191530
2.269159	-4.665373	0.210690
2.269189	-4.665514	0.205860
2.269209	-4.689603	0.196980
2.269209	-4.676673	0.188950
2.269219	-4.665094	0.213880
2.269249	-4.700223	0.206000
2.269249	-4.670153	0.186390
2.269279	-4.678493	0.215829
2.269279	-4.663603	0.211660
2.269309	-4.697383	0.202380
2.269309	-4.665794	0.189740
2.269349	-4.687683	0.218600
2.269379	-4.698923	0.202370
2.269389	-4.676573	0.186670
2.269419	-4.682004	0.189200
2.269419	-4.671844	0.190420
2.269419	-4.667214	0.193610
2.269449	-4.691853	0.195120
2.269459	-4.677794	0.187870
2.269479	-4.696093	0.198750
2.269489	-4.681373	0.191440
2.269519	-4.664933	0.196140
2.269529	-4.678423	0.192420
2.269549	-4.689334	0.192660
2.269569	-4.664314	0.209030
2.269579	-4.690793	0.193870
2.269579	-4.664484	0.204190
2.269599	-4.665283	0.192390
2.269599	-4.660974	0.191050
2.269609	-4.674964	0.188620
2.269619	-4.687793	0.191450
2.269619	-4.664464	0.200970
2.269629	-4.697743	0.199920
2.269639	-4.664364	0.202580
2.269649	-4.693573	0.197800
2.269659	-4.664503	0.197740
2.269669	-4.669163	0.192390
2.269669	-4.663424	0.205350
2.269759	-4.704143	0.216810
2.269769	-4.671104	0.185240
2.269779	-4.664054	0.199310
2.269809	-4.688103	0.195120
2.269809	-4.660274	0.216009
2.269829	-4.686383	0.190230
2.269829	-4.664254	0.191290
2.269839	-4.699123	0.204770
2.269839	-4.668684	0.194210
2.269839	-4.668164	0.185660
2.269869	-4.691583	0.196860
2.269879	-4.682913	0.191480
2.269879	-4.681193	0.187970
2.269899	-4.695043	0.197500
2.269909	-4.675274	0.192810
2.269949	-4.670434	0.193160
2.269969	-4.684953	0.189020
2.269979	-4.679864	0.191900
2.270009	-4.702413	0.216990
2.270009	-4.689843	0.195350
2.270009	-4.663553	0.194470
2.270049	-4.684073	0.192630
2.270049	-4.672713	0.191550
2.270059	-4.702143	0.214780
2.270089	-4.678184	0.184400
2.270099	-4.663653	0.189080
2.270109	-4.692613	0.198980
2.270119	-4.703033	0.213060
2.270119	-4.682213	0.194840
2.270119	-4.673244	0.189300
2.270139	-4.667543	0.215649
2.270159	-4.673874	0.193300
2.270189	-4.701633	0.212079
2.270189	-4.665673	0.198590
2.270219	-4.693853	0.196280
2.270229	-4.679204	0.188390
2.270229	-4.677414	0.215130
2.270229	-4.676183	0.190560
2.270249	-4.704043	0.215150
2.270269	-4.662934	0.192850
2.270279	-4.669034	0.210980
2.270299	-4.675554	0.217870
2.270299	-4.667173	0.213989
2.270469	-4.686493	0.192700
2.270469	-4.678603	0.190070
2.270469	-4.674363	0.216079
2.270509	-4.696753	0.201110
2.270509	-4.674953	0.214399
2.270539	-4.667173	0.202020
2.270559	-4.697303	0.204700
2.270579	-4.666683	0.200310
2.270649	-4.698223	0.205920
2.270649	-4.676643	0.188250
2.270649	-4.662413	0.191020
2.270679	-4.679513	0.215170
2.270679	-4.670684	0.189130
2.270679	-4.667743	0.203740
2.270719	-4.688243	0.193890
2.270719	-4.676603	0.192210
2.270719	-4.665983	0.215060
2.270719	-4.664203	0.206410
2.270729	-4.682684	0.187770
2.270789	-4.686353	0.194940
2.270789	-4.666584	0.187200
2.270789	-4.665794	0.212320
2.270799	-4.665993	0.205880
2.270859	-4.677764	0.216780
2.270869	-4.699783	0.207130
2.270879	-4.705543	0.217229
2.270889	-4.678393	0.191720
2.270909	-4.665824	0.204260
2.270929	-4.684983	0.191440
2.270929	-4.683023	0.190210
2.270929	-4.681264	0.191860
2.270929	-4.671734	0.193680
2.270959	-4.681264	0.190140
2.270959	-4.680673	0.193540
2.270959	-4.667634	0.193510
2.270959	-4.665414	0.209060
2.270959	-4.661674	0.193790
2.270989	-4.665414	0.207440
2.270999	-4.678844	0.193440
2.271019	-4.701323	0.210750
2.271019	-4.665253	0.210670
2.271029	-4.675274	0.193820
2.271069	-4.685503	0.217730
2.271069	-4.674743	0.190950
2.271069	-4.674113	0.218850
2.271069	-4.669943	0.186220
2.271099	-4.676394	0.213840
2.271139	-4.672753	0.211350
2.271139	-4.665134	0.202600
2.271169	-4.687473	0.197260
2.271169	-4.682283	0.216990
2.271169	-4.666404	0.195120
2.271209	-4.668023	0.212819
2.271229	-4.690493	0.193780
2.271239	-4.680533	0.195190
2.271259	-4.664953	0.199370
2.271279	-4.687363	0.218359
2.271309	-4.682843	0.193580
2.271309	-4.670963	0.185100
2.271309	-4.669803	0.193540
2.271329	-4.700453	0.214959
2.271359	-4.702963	0.211919
2.271369	-4.702963	0.216379
2.271379	-4.684103	0.216460
2.271419	-4.698803	0.204680
2.271419	-4.672084	0.188530
2.271429	-4.700093	0.209530
2.271449	-4.689253	0.197290
2.271449	-4.680463	0.188920
2.271449	-4.676883	0.193860
2.271469	-4.701523	0.213159
2.271489	-4.680423	0.196870
2.271519	-4.668443	0.200270
2.271519	-4.668443	0.205980
2.271559	-4.696033	0.202250
2.271559	-4.694723	0.198620
2.271559	-4.669073	0.216810
2.271559	-4.667313	0.217299
2.271569	-4.698803	0.208320
2.271589	-4.673904	0.189720
2.271589	-4.665603	0.213800
2.271609	-4.664883	0.195540
2.271629	-4.673874	0.194280
2.271629	-4.669664	0.197500
2.271659	-4.697493	0.212570
2.271659	-4.689813	0.195610
2.271659	-4.686593	0.216569
2.271659	-4.666194	0.185410
2.271659	-4.659434	0.214050
2.271699	-4.691643	0.217410
2.271729	-4.694133	0.216830
2.271729	-4.685923	0.197120
2.271729	-4.679023	0.216179
2.271729	-4.673834	0.192000
2.271729	-4.669004	0.203710
2.271729	-4.666164	0.196730
2.271769	-4.696753	0.216530
2.271769	-4.693423	0.197410
2.271769	-4.691643	0.201390
2.271769	-4.671313	0.197570
2.271769	-4.667813	0.196840
2.271789	-4.663603	0.194480
2.271799	-4.690773	0.197410
2.271819	-4.694823	0.201030
2.271839	-4.668304	0.207630
2.271849	-4.663374	0.197670
2.271869	-4.686123	0.193770
2.271869	-4.669563	0.187800
2.271879	-4.692303	0.196160
2.271879	-4.663324	0.196050
2.271889	-4.663443	0.191250
2.271909	-4.691573	0.215660
2.271909	-4.674813	0.213100
2.271909	-4.668264	0.209350
2.271909	-4.667254	0.214000
2.271929	-4.667713	0.202730
2.271979	-4.693463	0.199820
2.271979	-4.663163	0.192830
2.272009	-4.678353	0.213240
2.272009	-4.677834	0.214959
2.272009	-4.675383	0.186920
2.272049	-4.690313	0.199570
2.272049	-4.687614	0.196030
2.272049	-4.683823	0.191300
2.272049	-4.670613	0.200900
2.272059	-4.697663	0.205860
2.272089	-4.667254	0.201110
2.272119	-4.700483	0.211890
2.272149	-4.666663	0.212350
2.272159	-4.701913	0.215520
2.272159	-4.678323	0.194420
2.272159	-4.677794	0.196140
2.272159	-4.661744	0.191970
2.272179	-4.666673	0.210730
2.272189	-4.691154	0.194940
2.272189	-4.682383	0.215730
2.272189	-4.677794	0.192700
2.272189	-4.669983	0.202550
2.272189	-4.666443	0.193890
2.272219	-4.666743	0.204290
2.272229	-4.688833	0.214920
2.272229	-4.687543	0.193160
2.272229	-4.669943	0.199150
2.272249	-4.666584	0.207510
2.272259	-4.674713	0.195400
2.272259	-4.672263	0.190180
2.272259	-4.672263	0.194140
2.272289	-4.683763	0.188880
2.272289	-4.666594	0.205900
2.272299	-4.672854	0.212360
2.272319	-4.666333	0.209120
2.272329	-4.684943	0.195860
2.272369	-4.675173	0.214749
2.272369	-4.671633	0.199220
2.272399	-4.688803	0.194350
2.272399	-4.677063	0.212570
2.272439	-4.700503	0.216720
2.272439	-4.695773	0.206650
2.272439	-4.688763	0.217759
2.272439	-4.670434	0.204830
2.272439	-4.668653	0.211560
2.272449	-4.685263	0.190090
2.272469	-4.683613	0.194660
2.272469	-4.681723	0.194560
2.272469	-4.672783	0.214640
2.272509	-4.695743	0.215240
2.272509	-4.663953	0.215870
2.272549	-4.666093	0.199400
2.272579	-4.690663	0.216670
2.272579	-4.682913	0.196870
2.272579	-4.670963	0.188360
2.272619	-4.698173	0.203400
2.272679	-4.672713	0.204930
2.272689	-4.695313	0.204620
2.272709	-4.665634	0.197780
2.272719	-4.691183	0.204130
2.272719	-4.680463	0.192770
2.272719	-4.673383	0.202690
2.272719	-4.671454	0.202020
2.272719	-4.666164	0.217089
2.272789	-4.672643	0.216289
2.272789	-4.670823	0.212219
2.272839	-4.693983	0.202180
2.272889	-4.691113	0.202370
2.272889	-4.674393	0.197010
2.272889	-4.670223	0.206480
2.272929	-4.687853	0.197640
2.272929	-4.684033	0.198030
2.272929	-4.679163	0.197260
2.272929	-4.675593	0.198200
2.272929	-4.673834	0.218600
2.272939	-4.692903	0.200970
2.272949	-4.691533	0.198530
2.272959	-4.698263	0.207000
2.272959	-4.681513	0.189370
2.272959	-4.669073	0.193930
2.272989	-4.698173	0.209450
2.272999	-4.689883	0.197190
2.273029	-4.696823	0.213520
2.273029	-4.685963	0.215800
2.273029	-4.681443	0.213870
2.273029	-4.680284	0.196140
2.273029	-4.671313	0.208230
2.273039	-4.664744	0.196120
2.273069	-4.697423	0.215829
2.273069	-4.683933	0.215130
2.273069	-4.680843	0.215550
2.273069	-4.676784	0.197120
2.273069	-4.676113	0.194800
2.273069	-4.670153	0.196800
2.273099	-4.699173	0.215340
2.273099	-4.676083	0.213590
2.273129	-4.697093	0.204590
2.273139	-4.680254	0.194420
2.273139	-4.673174	0.195230
2.273139	-4.671844	0.196870
2.273149	-4.664663	0.191280
2.273169	-4.694273	0.216219
2.273169	-4.674813	0.199850
2.273209	-4.689783	0.201710
2.273209	-4.669524	0.185970
2.273209	-4.668334	0.196700
2.273209	-4.664364	0.192890
2.273239	-4.702653	0.216679
2.273239	-4.694833	0.208260
2.273239	-4.686493	0.195860
2.273239	-4.675413	0.211840
2.273249	-4.664284	0.194500
2.273259	-4.668793	0.207630
2.273279	-4.685853	0.198100
2.273309	-4.696723	0.211770
2.273309	-4.674783	0.187900
2.273309	-4.669453	0.210370
2.273319	-4.674194	0.212870
2.273339	-4.668833	0.202790
2.273349	-4.687643	0.215310
2.273349	-4.679553	0.213730
2.273349	-4.668264	0.217730
2.273379	-4.676643	0.199360
2.273389	-4.695873	0.203340
2.273389	-4.668453	0.205970
2.273419	-4.693563	0.204720
2.273419	-4.692203	0.215520
2.273419	-4.687614	0.216990
2.273419	-4.678283	0.198870
2.273419	-4.672363	0.200830
2.273419	-4.672363	0.210510
2.273419	-4.671703	0.206510
2.273419	-4.670573	0.203600
2.273419	-4.668294	0.209200
2.273449	-4.671664	0.217870
2.273449	-4.669384	0.216600
2.273449	-4.668793	0.213170
2.273449	-4.668334	0.204360
2.273469	-4.668443	0.201140
2.273489	-4.694723	0.213940
2.273489	-4.670543	0.193930
2.273489	-4.667874	0.215640
2.273499	-4.701423	0.213010
2.273519	-4.677694	0.201080
2.273559	-4.678213	0.195440
2.273559	-4.672993	0.199150
2.273579	-4.668174	0.199520
2.273589	-4.698333	0.214120
2.273589	-4.685053	0.200310
2.273609	-4.684883	0.194540
2.273619	-4.701403	0.215430
2.273629	-4.673553	0.205980
2.273659	-4.694063	0.210440
2.273659	-4.672223	0.213310
2.273669	-4.667523	0.210760
2.273699	-4.684943	0.213980
2.273699	-4.675243	0.195860
2.273699	-4.664694	0.185130
2.273729	-4.678774	0.211940
2.273729	-4.670403	0.209240
2.273759	-4.667194	0.212370
2.273769	-4.673974	0.211139
2.273769	-4.667134	0.213980
2.273799	-4.695813	0.209380
2.273799	-4.683613	0.195650
2.273799	-4.681093	0.197260
2.273869	-4.686173	0.217439
2.273869	-4.676993	0.211840
2.273869	-4.675133	0.207180
2.273869	-4.673944	0.201430
2.273869	-4.659014	0.214330
2.273879	-4.688963	0.198500
2.273889	-4.696133	0.205740
2.273909	-4.692193	0.199700
2.273909	-4.686773	0.200940
2.273939	-4.673904	0.208260
2.273979	-4.684873	0.201950
2.273979	-4.675093	0.202620
2.273979	-4.673904	0.198030
2.274009	-4.689393	0.195930
2.274009	-4.682913	0.202440
2.274089	-4.671983	0.202960
2.274119	-4.687333	0.199220
2.274119	-4.671413	0.198450
2.274129	-4.698973	0.210570
2.274149	-4.691853	0.202870
2.274189	-4.693183	0.216640
2.274189	-4.689923	0.199920
2.274219	-4.691813	0.211980
2.274219	-4.678534	0.209030
2.274219	-4.677343	0.210120
2.274229	-4.693883	0.199670
2.274259	-4.684834	0.197270
2.274259	-4.683374	0.212679
2.274259	-4.682813	0.198410
2.274259	-4.679133	0.207350
2.274259	-4.676813	0.204370
2.274259	-4.670754	0.212609
2.274289	-4.669594	0.187580
2.274329	-4.695533	0.216740
2.274359	-4.688553	0.194700
2.274359	-4.676183	0.206050
2.274399	-4.695533	0.207600
2.274399	-4.694303	0.205810
2.274399	-4.676153	0.208890
2.274399	-4.666013	0.196190
2.274429	-4.682034	0.195510
2.274429	-4.664344	0.216250
2.274469	-4.688663	0.216699
2.274469	-4.675483	0.210539
2.274499	-4.692343	0.208539
2.274499	-4.690343	0.205040
2.274499	-4.687123	0.211730
2.274499	-4.680213	0.198270
2.274499	-4.678393	0.213550
2.274499	-4.672543	0.208680
2.274539	-4.695463	0.214990
2.274539	-4.681963	0.214850
2.274539	-4.680743	0.200550
2.274539	-4.676083	0.201460
2.274609	-4.678393	0.203290
2.274609	-4.665444	0.194530
2.274619	-4.670354	0.207700
2.274619	-4.665484	0.192920
2.274639	-4.692973	0.206860
2.274639	-4.681264	0.213100
2.274639	-4.676673	0.196940
2.274649	-4.700843	0.211740
2.274659	-4.670473	0.201250
2.274679	-4.693563	0.214889
2.274679	-4.678953	0.205000
2.274689	-4.670223	0.204470
2.274709	-4.691573	0.214780
2.274719	-4.669763	0.215720
2.274749	-4.686353	0.213940
2.274749	-4.669384	0.194870
2.274779	-4.694093	0.213200
2.274799	-4.698073	0.209310
2.274799	-4.669704	0.210880
2.274799	-4.669513	0.214100
2.274819	-4.689013	0.206090
2.274819	-4.689013	0.212920
2.274819	-4.683753	0.214920
2.274819	-4.680633	0.206790
2.274849	-4.675274	0.212219
2.274849	-4.671703	0.215450
2.274889	-4.694063	0.208610
2.274889	-4.674674	0.199120
2.274889	-4.672534	0.195730
2.274909	-4.669433	0.209260
2.274919	-4.685083	0.199610
2.274939	-4.669173	0.212449
2.274959	-4.689533	0.215200
2.274959	-4.685083	0.205840
2.274959	-4.666864	0.218039
2.274989	-4.681123	0.210790
2.275029	-4.698893	0.216850
2.275029	-4.694553	0.211490
2.275029	-4.689533	0.202660
2.275029	-4.686243	0.196240
2.275059	-4.672894	0.218880
2.275059	-4.658484	0.215310
2.275099	-4.668614	0.216950
2.275129	-4.698863	0.215130
2.275129	-4.696443	0.210400
2.275139	-4.669093	0.199550
2.275169	-4.676923	0.199750
2.275169	-4.676923	0.207140
2.275169	-4.673874	0.210400
2.275199	-4.681684	0.197710
2.275199	-4.679864	0.202730
2.275199	-4.670893	0.194910
2.275239	-4.690663	0.216950
2.275239	-4.678703	0.198690
2.275269	-4.694443	0.216009
2.275269	-4.678673	0.200380
2.275269	-4.673983	0.204650
2.275299	-4.695673	0.204460
2.275309	-4.696373	0.213840
2.275309	-4.691993	0.205040
2.275309	-4.690623	0.213520
2.275339	-4.683543	0.200620
2.275349	-4.668584	0.197930
2.275379	-4.686063	0.210999
2.275379	-4.676813	0.211660
2.275409	-4.683513	0.206860
2.275429	-4.684283	0.196170
2.275449	-4.682243	0.201670
2.275449	-4.679723	0.211800
2.275449	-4.679723	0.213520
2.275479	-4.697423	0.212710
2.275479	-4.689883	0.208890
2.275479	-4.683473	0.202870
2.275479	-4.675663	0.204200
2.275479	-4.673373	0.202990
2.275519	-4.682813	0.211940
2.275519	-4.682813	0.213660
2.275519	-4.680883	0.199330
2.275519	-4.679723	0.196450
2.275519	-4.673403	0.199770
2.275549	-4.696753	0.216670
2.275549	-4.688663	0.209980
2.275549	-4.685403	0.201810
2.275559	-4.673184	0.201380
2.275559	-4.673063	0.206210
2.275579	-4.684193	0.197840
2.275589	-4.689853	0.207180
2.275589	-4.687294	0.212749
2.275589	-4.685363	0.215520
2.275609	-4.694733	0.203210
2.275619	-4.688623	0.211660
2.275619	-4.687163	0.200830
2.275619	-4.679653	0.209490
2.275619	-4.678493	0.210580
2.275629	-4.697343	0.206850
2.275659	-4.691813	0.210679
2.275659	-4.690453	0.211770
2.275659	-4.685333	0.212640
2.275689	-4.691113	0.201530
2.275689	-4.687923	0.202510
2.275689	-4.687223	0.209310
2.275689	-4.682103	0.209630
2.275759	-4.693043	0.211870
2.275759	-4.683333	0.205110
2.275759	-4.674883	0.200730
2.275799	-4.689153	0.204270
2.275799	-4.680743	0.208400
2.275839	-4.670014	0.216950
2.275869	-4.686493	0.205250
2.275869	-4.672023	0.207770
2.275869	-4.671903	0.212609
2.275879	-4.676983	0.204820
2.275909	-4.678393	0.202020
2.275939	-4.676863	0.203200
2.275939	-4.667003	0.196220
2.275999	-4.676443	0.209610
2.276049	-4.696023	0.212570
2.276049	-4.687753	0.207000
2.276059	-4.671364	0.210950
2.276069	-4.693573	0.204410
2.276079	-4.692303	0.207250
2.276079	-4.686383	0.203530
2.276079	-4.681264	0.204970
2.276139	-4.688923	0.200800
2.276139	-4.671223	0.209340
2.276139	-4.671054	0.214170
2.276149	-4.697543	0.210450
2.276149	-4.688413	0.195080
2.276149	-4.680604	0.201530
2.276149	-4.666443	0.194590
2.276159	-4.688333	0.215369
2.276169	-4.676273	0.201550
2.276189	-4.688343	0.213870
2.276219	-4.693993	0.209590
2.276219	-4.681193	0.212920
2.276259	-4.682493	0.199890
2.276319	-4.675663	0.206340
2.276329	-4.675513	0.207950
2.276359	-4.682423	0.206160
2.276389	-4.695163	0.206800
2.276419	-4.690124	0.215349
2.276429	-4.695253	0.208510
2.276429	-4.689433	0.205910
2.276429	-4.686203	0.207460
2.276469	-4.679864	0.206020
2.276469	-4.657853	0.214570
2.276539	-4.688803	0.208720
2.276539	-4.684353	0.201110
2.276559	-4.692323	0.203180
2.276609	-4.690023	0.210510
2.276629	-4.684373	0.211730
2.276659	-4.674413	0.211120
2.276709	-4.691093	0.206610
2.276709	-4.666723	0.217829
2.276719	-4.668743	0.217890
2.276749	-4.684243	0.203920
2.276779	-4.682213	0.203810
2.276819	-4.684173	0.210160
2.276849	-4.690553	0.208230
2.276849	-4.685363	0.206230
2.276849	-4.683313	0.214780
2.276859	-4.694093	0.205580
2.276889	-4.691923	0.211700
2.276889	-4.684773	0.208470
2.276899	-4.696643	0.209180
2.276919	-4.688623	0.196700
2.276939	-4.687883	0.205590
2.276959	-4.670084	0.218530
2.276989	-4.680843	0.207140
2.276999	-4.678723	0.211340
2.277019	-4.678953	0.203280
2.277029	-4.688553	0.210370
2.277079	-4.687143	0.211540
2.277089	-4.681883	0.201090
2.277099	-4.689113	0.212679
2.277109	-4.678403	0.209720
2.277139	-4.678413	0.208110
2.277149	-4.692983	0.208340
2.277169	-4.682673	0.210050
2.277209	-4.678323	0.204890
2.277239	-4.668523	0.196290
2.277249	-4.678144	0.206490
2.277269	-4.671844	0.219159
2.277329	-4.683203	0.213049
2.277339	-4.685783	0.209630
2.277339	-4.677603	0.212900
2.277349	-4.682593	0.208330
2.277369	-4.683573	0.199470
2.277409	-4.680633	0.204230
2.277489	-4.694303	0.211619
2.277519	-4.687753	0.204020
2.277519	-4.677023	0.201780
2.277519	-4.671854	0.214190
2.277549	-4.694693	0.216359
2.277579	-4.681793	0.211510
2.277579	-4.671734	0.212580
2.277599	-4.692653	0.214050
2.277659	-4.681823	0.202550
2.277659	-4.668614	0.216670
2.277689	-4.691533	0.210440
2.277729	-4.683093	0.204900
2.277769	-4.681304	0.209890
2.277789	-4.686883	0.213200
2.277859	-4.689963	0.205550
2.277869	-4.684313	0.207210
2.277919	-4.697323	0.210350
2.278009	-4.687503	0.207350
2.278069	-4.680333	0.213060
2.278119	-4.688533	0.211590
2.278219	-4.683543	0.209420
2.278259	-4.685073	0.202890
2.278579	-4.684593	0.205530
2.278589	-4.686723	0.209750
2.278639	-4.666443	0.217590
2.278949	-4.688273	0.195930
2.279099	-4.686633	0.208030
2.280039	-4.667523	0.216920
2.280709	-4.668373	0.218569
2.281719	-4.666164	0.216640
2.283409	-4.666544	0.218179
2.283829	-4.665213	0.216920
