2.446325	-4.496598	0.079040
2.447185	-4.494708	0.077160
2.448075	-4.493988	0.075280
2.448125	-4.490958	0.068390
2.448335	-4.490638	0.070280
2.448895	-4.492378	0.075930
2.449165	-4.492158	0.081590
2.449215	-4.486908	0.082880
2.449265	-4.491858	0.079700
2.449575	-4.490988	0.076540
2.449645	-4.487438	0.076660
2.449685	-4.490898	0.078470
2.449755	-4.486568	0.075270
2.450095	-4.487998	0.078090
2.450145	-4.488278	0.070930
2.450165	-4.488068	0.082220
2.450305	-4.489188	0.072150
2.450345	-4.485118	0.074540
2.450525	-4.488508	0.075310
2.450625	-4.483418	0.076580
2.450725	-4.483558	0.074510
2.450755	-4.485568	0.075960
2.450805	-4.487828	0.079490
2.450825	-4.487888	0.073910
2.450875	-4.486798	0.077350
2.450935	-4.491288	0.080950
2.450995	-4.481858	0.073120
2.451025	-4.489428	0.077210
2.451185	-4.485988	0.068390
2.451215	-4.492528	0.082160
2.451225	-4.489358	0.073960
2.451285	-4.486278	0.071120
2.451295	-4.490698	0.082830
2.451375	-4.488518	0.083640
2.451375	-4.485328	0.077330
2.451385	-4.484368	0.071100
2.451385	-4.482348	0.075180
2.451425	-4.483508	0.069660
2.451435	-4.490118	0.079050
2.451435	-4.483508	0.072430
2.451565	-4.486568	0.080150
2.451605	-4.483688	0.078000
2.451725	-4.482758	0.071070
2.451745	-4.485738	0.078760
2.451785	-4.489058	0.071890
2.451845	-4.489088	0.075920
2.452075	-4.485188	0.069710
2.452085	-4.489388	0.080930
2.452175	-4.490488	0.084420
2.452175	-4.482098	0.076570
2.452265	-4.482258	0.068960
2.452305	-4.487468	0.078100
2.452355	-4.481188	0.070340
2.452475	-4.483138	0.065870
2.452505	-4.491338	0.080270
2.452535	-4.487768	0.069790
2.452725	-4.490558	0.075860
2.452765	-4.489068	0.070510
2.452805	-4.481668	0.074500
2.452815	-4.491558	0.073960
2.452905	-4.483028	0.067620
2.453025	-4.488298	0.081590
2.453025	-4.487878	0.068330
2.453045	-4.484558	0.067110
2.453065	-4.483008	0.063970
2.453075	-4.480838	0.072400
2.453085	-4.492338	0.072690
2.453175	-4.485638	0.068360
2.453215	-4.490698	0.072690
2.453265	-4.490458	0.070800
2.453275	-4.491698	0.068900
2.453275	-4.488508	0.085370
2.453285	-4.489578	0.077770
2.453425	-4.490948	0.085140
2.453495	-4.486828	0.079500
2.453515	-4.488728	0.072090
2.453515	-4.482158	0.065250
2.453535	-4.481388	0.068960
2.453575	-4.490058	0.069130
2.453605	-4.492058	0.084020
2.453605	-4.484978	0.078070
2.453675	-4.492538	0.070740
2.453725	-4.490198	0.083740
2.453775	-4.480658	0.071030
2.453785	-4.482848	0.076620
2.453855	-4.489028	0.067040
2.453865	-4.479878	0.068930
2.453925	-4.489668	0.079640
2.453955	-4.481928	0.067610
2.454145	-4.492828	0.085190
2.454265	-4.490108	0.075220
2.454355	-4.493938	0.071980
2.454365	-4.487048	0.067710
2.454405	-4.489948	0.082370
2.454415	-4.491818	0.082770
2.454435	-4.481418	0.075220
2.454505	-4.479678	0.067560
2.454515	-4.491208	0.067780
2.454535	-4.483808	0.066260
2.454625	-4.479798	0.072430
2.454695	-4.480838	0.073820
2.454705	-4.489358	0.077130
2.454745	-4.487528	0.066330
2.454955	-4.479198	0.071030
2.454985	-4.492898	0.075150
2.454995	-4.479208	0.078630
2.455015	-4.492658	0.072630
2.455015	-4.492378	0.068850
2.455025	-4.491448	0.076450
2.455025	-4.480218	0.062690
2.455105	-4.491248	0.074560
2.455135	-4.491948	0.066430
2.455175	-4.488898	0.062180
2.455225	-4.492648	0.079560
2.455225	-4.485818	0.066310
2.455265	-4.492018	0.070730
2.455345	-4.478538	0.066150
2.455355	-4.477218	0.072370
2.455385	-4.489108	0.080960
2.455405	-4.490188	0.067070
2.455425	-4.485998	0.078110
2.455455	-4.490808	0.079590
2.455455	-4.481798	0.066230
2.455465	-4.491228	0.085260
2.455545	-4.480908	0.064840
2.455565	-4.480898	0.078680
2.455595	-4.493578	0.085930
2.455595	-4.483838	0.076660
2.455775	-4.476598	0.073740
2.455795	-4.487598	0.078830
2.455805	-4.488778	0.065680
2.455815	-4.479098	0.073120
2.455835	-4.493157	0.082060
2.455875	-4.491468	0.081470
2.455885	-4.480308	0.066200
2.455905	-4.494018	0.074450
2.455915	-4.482298	0.079400
2.455935	-4.494978	0.086690
2.456065	-4.478088	0.067550
2.456105	-4.479428	0.069640
2.456115	-4.492008	0.083140
2.456135	-4.493838	0.078900
2.456175	-4.491558	0.068190
2.456185	-4.490128	0.062930
2.456195	-4.478188	0.076560
2.456205	-4.484628	0.065600
2.456215	-4.491178	0.065720
2.456215	-4.478228	0.074490
2.456225	-4.489318	0.064300
2.456245	-4.488258	0.085320
2.456255	-4.486708	0.085360
2.456275	-4.496408	0.076920
2.456415	-4.494237	0.072550
2.456415	-4.479768	0.077280
2.456425	-4.478528	0.071010
2.456455	-4.494558	0.077590
2.456455	-4.484968	0.086060
2.456475	-4.492518	0.065040
2.456495	-4.488538	0.062900
2.456575	-4.486248	0.064920
2.456595	-4.489768	0.060830
2.456605	-4.494398	0.080770
2.456625	-4.494538	0.083290
2.456695	-4.476568	0.075130
2.456725	-4.484118	0.080150
2.456745	-4.491828	0.060180
2.456765	-4.476688	0.072360
2.456785	-4.478958	0.065500
2.456805	-4.496728	0.075010
2.456805	-4.493238	0.068790
2.456805	-4.491488	0.086520
2.456815	-4.495178	0.075050
2.456865	-4.493208	0.070680
2.456865	-4.480388	0.064120
2.456865	-4.479738	0.062670
2.456895	-4.495287	0.079460
2.456895	-4.492928	0.084560
2.456915	-4.495608	0.085140
2.456945	-4.478058	0.069640
2.456995	-4.485508	0.077430
2.457025	-4.476988	0.068220
2.457105	-4.497757	0.079410
2.457115	-4.486898	0.062880
2.457145	-4.484708	0.064220
2.457165	-4.488128	0.064270
2.457205	-4.493668	0.087730
2.457215	-4.485758	0.080900
2.457215	-4.477198	0.071010
2.457235	-4.482948	0.064200
2.457235	-4.480778	0.075230
2.457265	-4.479478	0.078670
2.457285	-4.488248	0.078880
2.457425	-4.478658	0.064100
2.457435	-4.476278	0.073750
2.457475	-4.495128	0.071880
2.457575	-4.498188	0.076880
2.457585	-4.490868	0.081730
2.457595	-4.491508	0.066880
2.457605	-4.477658	0.076540
2.457605	-4.476518	0.069610
2.457625	-4.494978	0.073770
2.457655	-4.487528	0.061500
2.457695	-4.494528	0.069360
2.457695	-4.485308	0.079530
2.457695	-4.482418	0.077380
2.457705	-4.495368	0.081960
2.457715	-4.478888	0.082840
2.457735	-4.496138	0.086730
2.457745	-4.496548	0.080700
2.457745	-4.486568	0.085980
2.457745	-4.485418	0.062840
2.457745	-4.478948	0.080070
2.457745	-4.477858	0.066170
2.457775	-4.489988	0.080330
2.457795	-4.475678	0.070990
2.457865	-4.483678	0.075300
2.457985	-4.496258	0.083840
2.458025	-4.482888	0.062790
2.458035	-4.498468	0.074970
2.458055	-4.479318	0.084240
2.458065	-4.486798	0.079550
2.458085	-4.496778	0.071860
2.458095	-4.489278	0.061550
2.458165	-4.493468	0.083210
2.458215	-4.484478	0.089200
2.458225	-4.477198	0.077940
2.458235	-4.496618	0.073750
2.458235	-4.490168	0.087780
2.458245	-4.499658	0.076820
2.458245	-4.472878	0.074400
2.458255	-4.499867	0.079340
2.458255	-4.478398	0.081440
2.458305	-4.488288	0.080970
2.458315	-4.501118	0.080560
2.458315	-4.484418	0.091090
2.458335	-4.490718	0.060870
2.458345	-4.482048	0.080140
2.458345	-4.475188	0.077890
2.458365	-4.480758	0.081490
2.458375	-4.486918	0.065060
2.458385	-4.477468	0.067560
2.458385	-4.476398	0.075140
2.458435	-4.483908	0.086670
2.458455	-4.485328	0.076750
2.458465	-4.498028	0.081260
2.458495	-4.495878	0.070590
2.458535	-4.494888	0.086030
2.458575	-4.494058	0.068110
2.458575	-4.480008	0.063440
2.458585	-4.474438	0.076490
2.458625	-4.487828	0.087210
2.458695	-4.477788	0.079330
2.458705	-4.489198	0.065630
2.458735	-4.479068	0.064810
2.458775	-4.477938	0.063420
2.458795	-4.476818	0.082110
2.458835	-4.498188	0.071800
2.458845	-4.481438	0.062790
2.458895	-4.497278	0.082550
2.458955	-4.486798	0.078170
2.458955	-4.475928	0.076540
2.458965	-4.478098	0.083530
2.458985	-4.490358	0.051820
2.458995	-4.493088	0.066840
2.458995	-4.475978	0.068240
2.459005	-4.478138	0.085600
2.459015	-4.499278	0.073680
2.459045	-4.476008	0.072400
2.459055	-4.499418	0.078090
2.459075	-4.477168	0.073800
2.459095	-4.486128	0.061490
2.459105	-4.473928	0.073050
2.459185	-4.483638	0.064450
2.459235	-4.480698	0.086350
2.459245	-4.485048	0.087270
2.459245	-4.483668	0.087910
2.459265	-4.491848	0.060180
2.459265	-4.484348	0.062130
2.459275	-4.477478	0.064780
2.459275	-4.473038	0.075790
2.459305	-4.487308	0.060110
2.459345	-4.491858	0.082470
2.459355	-4.489588	0.060160
2.459375	-4.477518	0.086970
2.459385	-4.479758	0.084950
2.459405	-4.483448	0.089830
2.459405	-4.481998	0.084300
2.459415	-4.462899	0.042351
2.459425	-4.475398	0.082780
2.459465	-4.495008	0.083950
2.459475	-4.489058	0.063720
2.459505	-4.474378	0.081350
2.459525	-4.474418	0.079280
2.459565	-4.487488	0.081660
2.459595	-4.487508	0.088450
2.459605	-4.491588	0.062410
2.459645	-4.474578	0.070970
2.459655	-4.490308	0.088370
2.459665	-4.476708	0.084200
2.459675	-4.489898	0.081750
2.459675	-4.478238	0.061970
2.459685	-4.474638	0.068200
2.459695	-4.499688	0.080590
2.459735	-4.493428	0.082520
2.459735	-4.482508	0.062110
2.459745	-4.479018	0.087020
2.459755	-4.475788	0.078640
2.459775	-4.482458	0.086430
2.459795	-4.484978	0.060790
2.459815	-4.485798	0.092300
2.459815	-4.480228	0.088450
2.459845	-4.498768	0.070500
2.459865	-4.475988	0.069630
2.459875	-4.475898	0.085570
2.459885	-4.494518	0.085350
2.459895	-4.481448	0.089870
2.459895	-4.462048	0.043631
2.459915	-4.478148	0.088390
2.459935	-4.492468	0.085790
2.459945	-4.500508	0.077390
2.459955	-4.480388	0.091210
2.459965	-4.494078	0.067440
2.459975	-4.483998	0.081620
2.459995	-4.497708	0.086830
2.460015	-4.485208	0.076070
2.460055	-4.473988	0.083450
2.460065	-4.491418	0.051050
2.460115	-4.487708	0.063110
2.460115	-4.476188	0.087640
2.460135	-4.482978	0.060730
2.460165	-4.496648	0.069910
2.460195	-4.475238	0.066860
2.460205	-4.476398	0.065480
2.460215	-4.475728	0.061990
2.460235	-4.495908	0.086070
2.460275	-4.487598	0.058730
2.460285	-4.495048	0.068680
2.460305	-4.493008	0.083920
2.460305	-4.475318	0.084170
2.460325	-4.479808	0.062090
2.460335	-4.499607	0.075530
2.460335	-4.477578	0.066910
2.460355	-4.492128	0.049751
2.460375	-4.480948	0.060640
2.460385	-4.497168	0.084400
2.460405	-4.462408	0.041061
2.460415	-4.486938	0.061210
2.460435	-4.474478	0.065460
2.460435	-4.474398	0.085540
2.460475	-4.485798	0.059410
2.460495	-4.474528	0.077900
2.460505	-4.493388	0.051181
2.460505	-4.484338	0.091690
2.460555	-4.472368	0.079950
2.460565	-4.485558	0.089130
2.460565	-4.477738	0.093930
2.460575	-4.460659	0.044281
2.460655	-4.480638	0.063820
2.460675	-4.473648	0.066830
2.460685	-4.495538	0.059570
2.460695	-4.498807	0.074260
2.460705	-4.490828	0.061160
2.460705	-4.473618	0.076510
2.460715	-4.501468	0.076110
2.460755	-4.499208	0.083080
2.460755	-4.483578	0.087850
2.460755	-4.482068	0.064440
2.460765	-4.473708	0.074440
2.460775	-4.482508	0.090590
2.460785	-4.494708	0.083270
2.460795	-4.492358	0.066820
2.460805	-4.481388	0.094030
2.460845	-4.472748	0.070970
2.460855	-4.491388	0.059500
2.460905	-4.479328	0.090510
2.460935	-4.489188	0.082440
2.460935	-4.461419	0.042341
2.460955	-4.490648	0.066190
2.461005	-4.501868	0.069790
2.461005	-4.478398	0.062760
2.461015	-4.496248	0.067990
2.461015	-4.487638	0.089070
2.461025	-4.476258	0.063410
2.461035	-4.488948	0.087770
2.461075	-4.474058	0.080000
2.461085	-4.473078	0.068200
2.461125	-4.490598	0.051830
2.461125	-4.473068	0.084110
2.461135	-4.498848	0.069210
2.461165	-4.473148	0.073030
2.461175	-4.485448	0.083030
2.461175	-4.484098	0.089940
2.461195	-4.500158	0.070460
2.461205	-4.503057	0.074160
2.461215	-4.498388	0.085000
2.461235	-4.500657	0.078650
2.461295	-4.489508	0.059250
2.461295	-4.484348	0.059380
2.461304	-4.489748	0.064290
2.461315	-4.479778	0.094010
2.461325	-4.474388	0.069620
2.461335	-4.490808	0.058100
2.461335	-4.473298	0.081370
2.461345	-4.500038	0.073610
2.461345	-4.477628	0.089780
2.461375	-4.494298	0.086070
2.461385	-4.483218	0.092720
2.461385	-4.482248	0.060060
2.461405	-4.473418	0.078600
2.461415	-4.471178	0.068180
2.461435	-4.493908	0.066130
2.461495	-4.472418	0.066130
2.461525	-4.492288	0.064910
2.461525	-4.491028	0.045931
2.461535	-4.493388	0.059550
2.461535	-4.485848	0.084460
2.461545	-4.497988	0.067970
2.461545	-4.486928	0.051691
2.461585	-4.478988	0.091910
2.461595	-4.473688	0.064750
2.461595	-4.472528	0.069560
2.461644	-4.502407	0.077340
2.461664	-4.485358	0.051691
2.461664	-4.471418	0.077840
2.461685	-4.477058	0.062060
2.461725	-4.487018	0.057990
2.461735	-4.471548	0.073010
2.461735	-4.470238	0.097900
2.461745	-4.472688	0.082740
2.461755	-4.470388	0.071610
2.461795	-4.498798	0.086870
2.461795	-4.479358	0.061410
2.461815	-4.500917	0.080520
2.461825	-4.486228	0.092900
2.461825	-4.481448	0.092690
2.461835	-4.472798	0.075130
2.461845	-4.491608	0.044031
2.461855	-4.483808	0.094140
2.461865	-4.477878	0.060010
2.461875	-4.476088	0.089050
2.461905	-4.488538	0.058070
2.461905	-4.473998	0.085530
2.461915	-4.485088	0.058030
2.461955	-4.495708	0.066110
2.461955	-4.480698	0.060730
2.461985	-4.496998	0.086850
2.461985	-4.475208	0.064110
2.462015	-4.492688	0.083940
2.462025	-4.487558	0.081700
2.462025	-4.459138	0.041771
2.462035	-4.500177	0.087630
2.462065	-4.484068	0.091680
2.462085	-4.470768	0.069540
2.462105	-4.500967	0.069170
2.462105	-4.470698	0.099999
2.462145	-4.499418	0.067910
2.462155	-4.459009	0.044241
2.462175	-4.499088	0.083710
2.462175	-4.471948	0.095879
2.462185	-4.485318	0.090690
2.462215	-4.488548	0.052261
2.462255	-4.492518	0.049060
2.462255	-4.475448	0.087650
2.462305	-4.472188	0.076500
2.462325	-4.472168	0.084100
2.462335	-4.497528	0.058940
2.462345	-4.490858	0.083180
2.462375	-4.471158	0.066800
2.462385	-4.462408	0.041001
2.462415	-4.488748	0.061150
2.462435	-4.502317	0.076050
2.462435	-4.477818	0.091210
2.462475	-4.502568	0.081090
2.462505	-4.470088	0.073010
2.462515	-4.491548	0.063620
2.462515	-4.489348	0.045581
2.462515	-4.487008	0.087270
2.462515	-4.485118	0.052930
2.462515	-4.474688	0.089020
2.462565	-4.472508	0.070990
2.462585	-4.466809	0.069460
2.462585	-4.460918	0.042921
2.462615	-4.503648	0.079160
2.462625	-4.502128	0.079200
2.462625	-4.471368	0.082700
2.462635	-4.472638	0.064050
2.462635	-4.469088	0.067440
2.462635	-4.469068	0.071610
2.462675	-4.500927	0.085540
2.462675	-4.493588	0.050491
2.462685	-4.500018	0.072310
2.462685	-4.460898	0.039721
2.462695	-4.499847	0.070420
2.462715	-4.489398	0.082490
2.462715	-4.480828	0.062500
2.462725	-4.500657	0.083650
2.462735	-4.471458	0.097249
2.462744	-4.469218	0.069540
2.462775	-4.471618	0.065420
2.462805	-4.501418	0.073560
2.462855	-4.469398	0.064700
2.462865	-4.501838	0.082350
2.462894	-4.471729	0.079960
2.462905	-4.476278	0.062750
2.462915	-4.462798	0.042911
2.462975	-4.470669	0.075800
2.463045	-4.501988	0.066620
2.463065	-4.466409	0.068090
2.463115	-4.502208	0.072250
2.463115	-4.495337	0.050540
2.463125	-4.498748	0.066660
2.463125	-4.468548	0.066070
2.463145	-4.490228	0.062980
2.463155	-4.490588	0.048441
2.463155	-4.484798	0.089090
2.463175	-4.493128	0.064860
2.463185	-4.487768	0.047821
2.463205	-4.494237	0.047710
2.463224	-4.463589	0.041601
2.463285	-4.495518	0.058210
2.463285	-4.470988	0.077860
2.463315	-4.494228	0.085380
2.463315	-4.488268	0.059230
2.463325	-4.486778	0.057370
2.463345	-4.479228	0.058070
2.463355	-4.503578	0.077280
2.463414	-4.488618	0.046551
2.463445	-4.503697	0.082290
2.463445	-4.503588	0.080430
2.463445	-4.503238	0.075390
2.463445	-4.471948	0.060720
2.463445	-4.469338	0.096990
2.463455	-4.480278	0.060720
2.463465	-4.471128	0.099339
2.463475	-4.498028	0.057560
2.463495	-4.501128	0.067870
2.463495	-4.482498	0.059370
2.463525	-4.492368	0.056760
2.463535	-4.478168	0.061400
2.463575	-4.501208	0.071020
2.463575	-4.472498	0.085520
2.463595	-4.474938	0.062720
2.463605	-4.470198	0.079930
2.463625	-4.503508	0.084800
2.463685	-4.501888	0.084840
2.463685	-4.494758	0.064800
2.463685	-4.468098	0.068140
2.463715	-4.469188	0.073000
2.463735	-4.496108	0.066060
2.463735	-4.485228	0.092890
2.463745	-4.483788	0.092290
2.463774	-4.472708	0.083450
2.463785	-4.494968	0.049131
2.463795	-4.483578	0.090370
2.463805	-4.472718	0.095929
2.463815	-4.492608	0.083950
2.463824	-4.494658	0.086930
2.463824	-4.477258	0.090530
2.463835	-4.497278	0.086850
2.463835	-4.469458	0.058160
2.463845	-4.477208	0.063810
2.463855	-4.487248	0.060480
2.463855	-4.473968	0.087650
2.463895	-4.491938	0.047751
2.463925	-4.498578	0.065380
2.463925	-4.484078	0.057320
2.463925	-4.455829	0.051271
2.463974	-4.489188	0.051570
2.463974	-4.468458	0.070900
2.463985	-4.485838	0.086500
2.463985	-4.470669	0.073020
2.464005	-4.492718	0.063570
2.464005	-4.490608	0.050940
2.464015	-4.503218	0.071590
2.464015	-4.470598	0.095870
2.464045	-4.479738	0.092680
2.464075	-4.490048	0.083900
2.464085	-4.484188	0.087840
2.464125	-4.499578	0.086170
2.464125	-4.478768	0.091250
2.464135	-4.505178	0.081630
2.464135	-4.472048	0.064070
2.464235	-4.504698	0.076590
2.464235	-4.486798	0.048320
2.464255	-4.504807	0.079110
2.464275	-4.493298	0.051910
2.464275	-4.481288	0.058670
2.464304	-4.461809	0.042491
2.464315	-4.476948	0.062070
2.464415	-4.495667	0.054020
2.464435	-4.493608	0.048991
2.464454	-4.499978	0.087630
2.464454	-4.470058	0.074420
2.464465	-4.500808	0.069100
2.464465	-4.468468	0.098349
2.464475	-4.470068	0.078560
2.464494	-4.468078	0.065360
2.464505	-4.466768	0.059480
2.464515	-4.500498	0.065950
2.464525	-4.502108	0.087720
2.464525	-4.475438	0.058090
2.464535	-4.475958	0.089090
2.464555	-4.487108	0.058570
2.464565	-4.494688	0.050531
2.464585	-4.488338	0.047671
2.464595	-4.470258	0.064050
2.464634	-4.472538	0.094549
2.464644	-4.484998	0.048291
2.464644	-4.470299	0.076490
2.464675	-4.465349	0.092470
2.464705	-4.491768	0.050281
2.464745	-4.493868	0.047031
2.464755	-4.470388	0.081360
2.464755	-4.467789	0.060730
2.464765	-4.469238	0.060060
2.464775	-4.503468	0.074720
2.464775	-4.488578	0.045401
2.464785	-4.491138	0.062930
2.464795	-4.492068	0.046301
2.464795	-4.490888	0.085320
2.464795	-4.488198	0.062340
2.464804	-4.496798	0.064760
2.464825	-4.467448	0.069530
2.464834	-4.487508	0.049740
2.464904	-4.500947	0.063410
2.464935	-4.471748	0.082780
2.464945	-4.500577	0.090460
2.464955	-4.493928	0.085400
2.464955	-4.474178	0.062710
2.464965	-4.485348	0.056660
2.464975	-4.474098	0.094610
2.464984	-4.503598	0.083540
2.464984	-4.467798	0.096389
2.464994	-4.485378	0.049721
2.465025	-4.488828	0.056700
2.465035	-4.490158	0.046981
2.465035	-4.469628	0.096570
2.465044	-4.499268	0.063450
2.465105	-4.473088	0.093210
2.465115	-4.496478	0.057550
2.465115	-4.482248	0.057320
2.465125	-4.496408	0.086890
2.465125	-4.468838	0.063310
2.465135	-4.504608	0.080340
2.465135	-4.468798	0.079230
2.465155	-4.472108	0.062690
2.465164	-4.503407	0.086060
2.465194	-4.495448	0.048441
2.465205	-4.502438	0.072220
2.465235	-4.474388	0.091870
2.465235	-4.472108	0.086240
2.465245	-4.494308	0.064160
2.465245	-4.492568	0.056770
2.465265	-4.504168	0.077850
2.465265	-4.485828	0.061740
2.465265	-4.467898	0.094440
2.465275	-4.474458	0.089760
2.465285	-4.500468	0.067850
2.465305	-4.502058	0.070330
2.465334	-4.471048	0.084150
2.465334	-4.471029	0.097989
2.465334	-4.467978	0.058790
2.465354	-4.480218	0.092030
2.465365	-4.504427	0.084750
2.465384	-4.472158	0.058110
2.465425	-4.467048	0.066060
2.465445	-4.501518	0.065290
2.465475	-4.498138	0.056160
2.465495	-4.489408	0.050450
2.465495	-4.481488	0.089760
2.465545	-4.483868	0.048991
2.465565	-4.469238	0.095159
2.465585	-4.489358	0.092270
2.465605	-4.471328	0.094549
2.465615	-4.489378	0.094370
2.465645	-4.498278	0.089320
2.465645	-4.469398	0.077880
2.465655	-4.490938	0.048411
2.465665	-4.497198	0.054770
2.465675	-4.483988	0.056630
2.465675	-4.482858	0.092910
2.465685	-4.494587	0.057810
2.465714	-4.487388	0.056710
2.465714	-4.482368	0.087200
2.465724	-4.481838	0.055910
2.465745	-4.485658	0.052200
2.465765	-4.466538	0.093870
2.465775	-4.480868	0.058690
2.465795	-4.495108	0.053350
2.465795	-4.486008	0.059200
2.465795	-4.469608	0.075810
2.465795	-4.455039	0.053150
2.465845	-4.500408	0.061530
2.465855	-4.501967	0.062120
2.465855	-4.478748	0.060740
2.465855	-4.469648	0.058140
2.465864	-4.501647	0.088410
2.465874	-4.486438	0.050401
2.465884	-4.477528	0.094739
2.465895	-4.505847	0.082210
2.465895	-4.496188	0.088760
2.465965	-4.497388	0.062830
2.465965	-4.493857	0.055280
2.465975	-4.504308	0.082250
2.465985	-4.495328	0.056110
2.465995	-4.475448	0.062060
2.465995	-4.470838	0.056830
2.466035	-4.487248	0.062340
2.466035	-4.469778	0.093820
2.466045	-4.495388	0.049840
2.466054	-4.477718	0.089870
2.466074	-4.470878	0.082070
2.466074	-4.466468	0.058580
2.466085	-4.503727	0.075940
2.466085	-4.493557	0.051921
2.466105	-4.503548	0.073420
2.466115	-4.492608	0.047021
2.466124	-4.507017	0.083420
2.466124	-4.492528	0.063510
2.466135	-4.500168	0.066570
2.466185	-4.487528	0.044841
2.466185	-4.475538	0.093280
2.466195	-4.499688	0.060260
2.466195	-4.482428	0.049661
2.466214	-4.467869	0.092360
2.466225	-4.504698	0.074670
2.466244	-4.469128	0.070940
2.466254	-4.488548	0.046801
2.466254	-4.472168	0.084860
2.466265	-4.500078	0.069080
2.466285	-4.472148	0.093199
2.466295	-4.467058	0.067450
2.466305	-4.452528	0.051250
2.466345	-4.504787	0.079080
2.466345	-4.483748	0.050381
2.466384	-4.473448	0.087690
2.466394	-4.505137	0.085980
2.466394	-4.473448	0.090460
2.466425	-4.502347	0.089840
2.466425	-4.497938	0.087630
2.466425	-4.466099	0.091640
2.466455	-4.467228	0.064010
2.466464	-4.486898	0.047261
2.466475	-4.480888	0.087850
2.466484	-4.470398	0.080670
2.466484	-4.469448	0.061960
2.466495	-4.469428	0.074440
2.466515	-4.484738	0.061740
2.466515	-4.484558	0.059820
2.466525	-4.494778	0.062860
2.466525	-4.492668	0.054010
2.466555	-4.485878	0.057880
2.466555	-4.473948	0.059910
2.466565	-4.494138	0.047741
2.466574	-4.486208	0.056000
2.466614	-4.494188	0.050540
2.466625	-4.497198	0.059030
2.466635	-4.473828	0.062030
2.466665	-4.501558	0.060210
2.466685	-4.500877	0.070330
2.466685	-4.467548	0.061940
2.466715	-4.454248	0.051861
2.466725	-4.500587	0.090500
2.466744	-4.505867	0.084700
2.466754	-4.504028	0.080960
2.466754	-4.470658	0.092480
2.466765	-4.465578	0.065350
2.466775	-4.480898	0.057310
2.466785	-4.489828	0.056040
2.466785	-4.473928	0.091849
2.466804	-4.467528	0.094460
2.466815	-4.469589	0.096780
2.466824	-4.495568	0.061550
2.466845	-4.504358	0.087890
2.466855	-4.480828	0.054150
2.466865	-4.471778	0.097370
2.466895	-4.469888	0.072360
2.466914	-4.483318	0.052840
2.466925	-4.495228	0.059660
2.466925	-4.494448	0.086140
2.466934	-4.492428	0.050520
2.466944	-4.503147	0.072170
2.466975	-4.484458	0.055280
2.467014	-4.472098	0.059840
2.467014	-4.469998	0.079300
2.467035	-4.470038	0.077230
2.467094	-4.480118	0.090640
2.467094	-4.464438	0.091800
2.467104	-4.499928	0.089080
2.467125	-4.504648	0.077170
2.467125	-4.468468	0.058090
2.467125	-4.465918	0.090270
2.467134	-4.506658	0.085950
2.467154	-4.493458	0.062220
2.467164	-4.500738	0.063380
2.467164	-4.472158	0.089760
2.467185	-4.499537	0.065280
2.467185	-4.483278	0.060470
2.467195	-4.496768	0.055450
2.467195	-4.465558	0.059490
2.467204	-4.493928	0.049131
2.467235	-4.488718	0.048201
2.467255	-4.479408	0.089160
2.467284	-4.482648	0.055250
2.467305	-4.490698	0.048320
2.467305	-4.489338	0.051170
2.467335	-4.495678	0.057760
2.467335	-4.478098	0.090620
2.467345	-4.505567	0.075900
2.467365	-4.492818	0.059060
2.467385	-4.477058	0.061400
2.467385	-4.467328	0.065400
2.467405	-4.498658	0.058970
2.467405	-4.493968	0.088250
2.467415	-4.507377	0.084640
2.467425	-4.494178	0.052630
2.467425	-4.472458	0.056780
2.467425	-4.469308	0.091040
2.467435	-4.466298	0.093060
2.467455	-4.500358	0.091910
2.467455	-4.478088	0.054140
2.467464	-4.505617	0.080310
2.467474	-4.507028	0.081530
2.467474	-4.496208	0.054050
2.467485	-4.501317	0.061480
2.467504	-4.489368	0.057840
2.467515	-4.489128	0.054660
2.467535	-4.490548	0.052760
2.467575	-4.463259	0.065330
2.467605	-4.465588	0.062610
2.467624	-4.508357	0.083370
2.467624	-4.480838	0.058700
2.467634	-4.480308	0.092960
2.467645	-4.481948	0.056620
2.467654	-4.481958	0.050381
2.467684	-4.481868	0.092090
2.467684	-4.466818	0.058020
2.467694	-4.478638	0.060750
2.467705	-4.473828	0.087010
2.467705	-4.473818	0.089110
2.467735	-4.490958	0.051190
2.467745	-4.497088	0.091220
2.467755	-4.487948	0.045291
2.467765	-4.487708	0.062290
2.467765	-4.470968	0.061300
2.467775	-4.469838	0.070990
2.467785	-4.484328	0.051101
2.467795	-4.495538	0.091260
2.467814	-4.496478	0.087620
2.467845	-4.468738	0.095209
2.467855	-4.472948	0.084240
2.467875	-4.486618	0.048351
2.467884	-4.473008	0.091180
2.467895	-4.507347	0.075840
2.467895	-4.466709	0.095200
2.467904	-4.506278	0.082780
2.467904	-4.464808	0.074350
2.467935	-4.473158	0.061350
2.467935	-4.466908	0.088920
2.467945	-4.487838	0.055340
2.467955	-4.500217	0.058950
2.467985	-4.499368	0.067810
2.467985	-4.492368	0.056110
2.467985	-4.471108	0.089020
2.468005	-4.477298	0.049420
2.468005	-4.470138	0.059910
2.468005	-4.468098	0.060550
2.468035	-4.486798	0.051150
2.468035	-4.480228	0.049661
2.468044	-4.482428	0.053850
2.468044	-4.464908	0.086790
2.468055	-4.493738	0.051230
2.468075	-4.508147	0.073940
2.468085	-4.483648	0.049000
2.468094	-4.505187	0.072090
2.468094	-4.466158	0.061230
2.468115	-4.465078	0.066040
2.468125	-4.469158	0.075820
2.468144	-4.467558	0.097619
2.468164	-4.468209	0.074430
2.468174	-4.485218	0.049111
2.468174	-4.469188	0.089670
2.468184	-4.498837	0.093280
2.468184	-4.471338	0.091120
2.468195	-4.483988	0.058510
2.468205	-4.468298	0.068190
2.468215	-4.464048	0.059910
2.468234	-4.473428	0.085640
2.468234	-4.465128	0.089560
2.468244	-4.506337	0.070830
2.468244	-4.475768	0.061400
2.468255	-4.503107	0.088520
2.468255	-4.500368	0.069660
2.468275	-4.479348	0.058670
2.468295	-4.506378	0.073980
2.468295	-4.471498	0.082110
2.468295	-4.469368	0.077920
2.468305	-4.489628	0.062230
2.468305	-4.480528	0.056630
2.468315	-4.463528	0.061350
2.468324	-4.480578	0.052460
2.468354	-4.489318	0.047221
2.468354	-4.471528	0.096689
2.468354	-4.466568	0.059450
2.468354	-4.465098	0.092710
2.468364	-4.497268	0.066550
2.468364	-4.479928	0.087200
2.468374	-4.468919	0.056140
2.468384	-4.506567	0.078980
2.468384	-4.498807	0.091160
2.468405	-4.503318	0.073390
2.468425	-4.486198	0.054620
2.468434	-4.472648	0.088410
2.468445	-4.499578	0.063980
2.468445	-4.497777	0.057720
2.468445	-4.495348	0.056150
2.468454	-4.500388	0.089830
2.468454	-4.466538	0.073700
2.468494	-4.508878	0.077040
2.468494	-4.500937	0.062710
2.468494	-4.464269	0.088160
2.468514	-4.504537	0.074610
2.468514	-4.494168	0.091070
2.468524	-4.504257	0.070230
2.468524	-4.489708	0.048660
2.468535	-4.506128	0.077120
2.468535	-4.504817	0.079020
2.468544	-4.502948	0.071490
2.468555	-4.469698	0.069610
2.468565	-4.482028	0.051770
2.468574	-4.509707	0.073260
2.468585	-4.503998	0.089770
2.468595	-4.501327	0.071530
2.468615	-4.480938	0.055220
2.468644	-4.509747	0.075770
2.468704	-4.488158	0.049111
2.468704	-4.469858	0.073080
2.468714	-4.464608	0.063970
2.468724	-4.506547	0.068920
2.468724	-4.465709	0.078510
2.468724	-4.464569	0.079880
2.468734	-4.469938	0.058530
2.468734	-4.465729	0.085450
2.468734	-4.464558	0.082650
2.468745	-4.508037	0.072030
2.468745	-4.507898	0.070140
2.468745	-4.477538	0.060750
2.468755	-4.465768	0.075770
2.468764	-4.465749	0.088220
2.468785	-4.468899	0.088290
2.468795	-4.497827	0.068420
2.468795	-4.492048	0.091350
2.468805	-4.508497	0.080820
2.468805	-4.464958	0.058440
2.468815	-4.474228	0.060670
2.468825	-4.464718	0.067440
2.468844	-4.477588	0.089820
2.468875	-4.502047	0.091280
2.468875	-4.478908	0.050321
2.468914	-4.507128	0.084010
2.468914	-4.468098	0.070950
2.468925	-4.501808	0.065850
2.468925	-4.471108	0.080740
2.468925	-4.465938	0.083380
2.468925	-4.464898	0.061900
2.468935	-4.477598	0.091740
2.468945	-4.480118	0.053820
2.468945	-4.463279	0.063240
2.468955	-4.495488	0.057710
2.468965	-4.498728	0.089100
2.468975	-4.468199	0.059210
2.468975	-4.464858	0.077110
2.468984	-4.494848	0.054050
2.468984	-4.479008	0.055900
2.469015	-4.483858	0.061670
2.469034	-4.496938	0.089040
2.469044	-4.504318	0.087860
2.469044	-4.483588	0.053190
2.469054	-4.489988	0.050091
2.469054	-4.462258	0.061770
2.469064	-4.506977	0.085890
2.469064	-4.506658	0.080850
2.469074	-4.505698	0.087190
2.469074	-4.482458	0.091440
2.469085	-4.469198	0.096639
2.469094	-4.464068	0.049760
2.469115	-4.507657	0.077690
2.469115	-4.504447	0.068320
2.469115	-4.474478	0.088460
2.469124	-4.481748	0.049500
2.469124	-4.468219	0.057520
2.469135	-4.467338	0.075790
2.469145	-4.467328	0.086200
2.469155	-4.507878	0.082730
2.469165	-4.501518	0.068990
2.469174	-4.469348	0.085550
2.469185	-4.467398	0.084100
2.469224	-4.500038	0.070920
2.469235	-4.492738	0.051921
2.469244	-4.472618	0.087030
2.469254	-4.485008	0.051810
2.469254	-4.479268	0.060060
2.469264	-4.499098	0.058280
2.469264	-4.481918	0.059780
2.469275	-4.468448	0.094529
2.469285	-4.465238	0.069530
2.469295	-4.472698	0.083560
2.469325	-4.471588	0.084900
2.469365	-4.484128	0.055950
2.469365	-4.464269	0.084050
2.469374	-4.508828	0.083950
2.469374	-4.466528	0.070920
2.469384	-4.465349	0.072300
2.469404	-4.502297	0.067720
2.469404	-4.500917	0.067100
2.469404	-4.464319	0.086120
2.469414	-4.499537	0.069030
2.469425	-4.489558	0.054680
2.469425	-4.466558	0.077160
2.469464	-4.470738	0.078670
2.469475	-4.466588	0.081330
2.469485	-4.509757	0.081420
2.469485	-4.468788	0.067500
2.469505	-4.499238	0.067140
2.469505	-4.496508	0.090440
2.469515	-4.477438	0.100209
2.469525	-4.503417	0.065160
2.469554	-4.498998	0.065240
2.469554	-4.468808	0.086920
2.469554	-4.463449	0.066040
2.469565	-4.464538	0.075040
2.469574	-4.468849	0.077210
2.469584	-4.469888	0.075870
2.469594	-4.473118	0.059970
2.469604	-4.466838	0.060580
2.469615	-4.509288	0.078900
2.469615	-4.486688	0.049080
2.469624	-4.492088	0.055390
2.469624	-4.472038	0.058570
2.469624	-4.466818	0.068180
2.469654	-4.467928	0.056140
2.469674	-4.477318	0.087900
2.469685	-4.483358	0.054680
2.469685	-4.474148	0.084980
2.469685	-4.467998	0.079990
2.469695	-4.494718	0.091870
2.469705	-4.499598	0.090520
2.469705	-4.465688	0.091010
2.469715	-4.479878	0.057320
2.469724	-4.488828	0.051881
2.469724	-4.484618	0.049990
2.469764	-4.498807	0.093999
2.469764	-4.483468	0.057830
2.469784	-4.470068	0.095280
2.469794	-4.471088	0.087670
2.469794	-4.466009	0.057450
2.469804	-4.505698	0.089060
2.469804	-4.463678	0.070210
2.469814	-4.465878	0.073690
2.469825	-4.493738	0.057090
2.469825	-4.477338	0.092980
2.469835	-4.496948	0.065910
2.469855	-4.504168	0.067040
2.469855	-4.472178	0.096740
2.469865	-4.462469	0.064150
2.469875	-4.471168	0.083530
2.469885	-4.478858	0.054520
2.469914	-4.468219	0.082050
2.469924	-4.481758	0.057240
2.469944	-4.494698	0.055440
2.469944	-4.478968	0.058690
2.469955	-4.494728	0.052670
2.469964	-4.500587	0.058260
2.469964	-4.486028	0.050520
2.469964	-4.468428	0.060360
2.469994	-4.470338	0.077260
2.470015	-4.500798	0.063300
2.470035	-4.496128	0.054760
2.470035	-4.488198	0.050520
2.470035	-4.479858	0.049431
2.470074	-4.485008	0.047571
2.470074	-4.466848	0.094109
2.470104	-4.480358	0.051070
2.470104	-4.477948	0.055890
2.470104	-4.464438	0.092120
2.470124	-4.482358	0.052750
2.470144	-4.463279	0.091140
2.470154	-4.487108	0.051850
2.470174	-4.485718	0.059700
2.470204	-4.470578	0.082130
2.470215	-4.509267	0.076400
2.470225	-4.476048	0.049331
2.470225	-4.468648	0.069600
2.470235	-4.471608	0.086330
2.470245	-4.498958	0.063330
2.470264	-4.478118	0.060060
2.470274	-4.500098	0.060140
2.470284	-4.482908	0.049011
2.470294	-4.508757	0.070720
2.470294	-4.469678	0.080740
2.470305	-4.498477	0.057030
2.470315	-4.508967	0.074500
2.470315	-4.463279	0.059310
2.470355	-4.466449	0.092430
2.470365	-4.507207	0.068870
2.470385	-4.469269	0.058930
2.470385	-4.464368	0.061730
2.470394	-4.508727	0.072610
2.470394	-4.502868	0.063280
2.470405	-4.488558	0.053980
2.470424	-4.469818	0.084200
2.470455	-4.479538	0.053140
2.470484	-4.463499	0.067430
2.470495	-4.489428	0.049570
2.470514	-4.485168	0.061620
2.470524	-4.468968	0.078640
2.470534	-4.497708	0.091190
2.470544	-4.508888	0.080800
2.470544	-4.480368	0.054670
2.470544	-4.474228	0.059320
2.470555	-4.508997	0.082650
2.470565	-4.465729	0.048761
2.470585	-4.464608	0.071590
2.470595	-4.478598	0.050381
2.470595	-4.472148	0.057190
2.470614	-4.507868	0.086470
2.470634	-4.468118	0.095549
2.470654	-4.506497	0.087140
2.470654	-4.502777	0.090380
2.470695	-4.506478	0.066970
2.470695	-4.502377	0.065160
2.470704	-4.464718	0.077830
2.470725	-4.465938	0.061940
2.470734	-4.476458	0.060030
2.470734	-4.471208	0.080750
2.470745	-4.485008	0.090860
2.470745	-4.475348	0.090470
2.470754	-4.478708	0.057310
2.470774	-4.483218	0.050900
2.470774	-4.477018	0.050341
2.470774	-4.472268	0.082180
2.470774	-4.468638	0.057450
2.470774	-4.461628	0.065020
2.470794	-4.481128	0.049690
2.470814	-4.476418	0.088540
2.470864	-4.504998	0.090330
2.470874	-4.462788	0.069500
2.470994	-4.504338	0.064480
2.470994	-4.479308	0.094200
2.471004	-4.465078	0.081330
2.471014	-4.481568	0.051360
2.471014	-4.473348	0.052871
2.471024	-4.470558	0.079350
2.471035	-4.501478	0.061370
2.471045	-4.493778	0.054730
2.471045	-4.478898	0.089120
2.471055	-4.466218	0.090360
2.471064	-4.509037	0.077630
2.471064	-4.465118	0.086160
2.471074	-4.465158	0.074380
2.471085	-4.485608	0.051430
2.471134	-4.497268	0.092589
2.471144	-4.482838	0.090260
2.471164	-4.505378	0.065730
2.471164	-4.491668	0.054010
2.471175	-4.471658	0.096060
2.471224	-4.497367	0.094690
2.471245	-4.483648	0.060970
2.471254	-4.499527	0.058260
2.471265	-4.491808	0.051941
2.471284	-4.484078	0.049031
2.471304	-4.506697	0.089640
2.471334	-4.478318	0.051780
2.471354	-4.492938	0.092530
2.471354	-4.464468	0.070220
2.471364	-4.475298	0.050310
2.471364	-4.467728	0.060590
2.471374	-4.500688	0.092700
2.471374	-4.476248	0.058660
2.471424	-4.481698	0.061010
2.471434	-4.480828	0.089030
2.471445	-4.495468	0.092450
2.471455	-4.465568	0.084120
2.471514	-4.465729	0.073040
2.471524	-4.467819	0.093179
2.471544	-4.463909	0.063130
2.471554	-4.491098	0.092600
2.471564	-4.507767	0.072610
2.471575	-4.481358	0.053280
2.471585	-4.470279	0.058560
2.471605	-4.493258	0.052661
2.471605	-4.484318	0.092240
2.471605	-4.464738	0.076480
2.471614	-4.465808	0.079240
2.471614	-4.460759	0.066430
2.471624	-4.500028	0.094069
2.471645	-4.487988	0.051430
2.471664	-4.483398	0.094690
2.471674	-4.499098	0.091940
2.471684	-4.484378	0.052340
2.471694	-4.470288	0.094630
2.471694	-4.469278	0.059940
2.471734	-4.473328	0.096809
2.471744	-4.495748	0.054080
2.471744	-4.479958	0.050390
2.471785	-4.465208	0.092989
2.471795	-4.481548	0.091570
2.471825	-4.488938	0.092629
2.471825	-4.474618	0.057230
2.471834	-4.480068	0.090320
2.471844	-4.505517	0.067610
2.471854	-4.466058	0.088980
2.471864	-4.474138	0.051660
2.471864	-4.473668	0.055830
2.471874	-4.478898	0.054530
2.471874	-4.477858	0.058670
2.471874	-4.465108	0.064000
2.471874	-4.463979	0.072980
2.471894	-4.507808	0.083920
2.471894	-4.472218	0.058890
2.471924	-4.482768	0.052790
2.471924	-4.470818	0.060820
2.471924	-4.462648	0.064990
2.471945	-4.507567	0.082060
2.471945	-4.466148	0.082740
2.471964	-4.480168	0.052451
2.471985	-4.507788	0.085800
2.471985	-4.490458	0.052610
2.471995	-4.477258	0.092949
2.472034	-4.489428	0.050971
2.472044	-4.507788	0.087690
2.472064	-4.475538	0.091730
2.472074	-4.463088	0.066750
2.472104	-4.486018	0.092290
2.472104	-4.463209	0.046271
2.472145	-4.478198	0.091650
2.472174	-4.500408	0.060120
2.472214	-4.476088	0.097589
2.472224	-4.476218	0.057280
2.472234	-4.463219	0.068810
2.472244	-4.486758	0.052370
2.472255	-4.475038	0.089830
2.472275	-4.503068	0.063220
2.472275	-4.470678	0.055980
2.472304	-4.463289	0.070920
2.472314	-4.464468	0.075080
2.472345	-4.464579	0.047710
2.472384	-4.497148	0.056340
2.472434	-4.485028	0.095289
2.472444	-4.472298	0.057210
2.472454	-4.498398	0.057600
2.472454	-4.462998	0.090960
2.472465	-4.495468	0.055710
2.472574	-4.478638	0.055930
2.472584	-4.482998	0.092770
2.472594	-4.508977	0.076330
2.472594	-4.468819	0.061240
2.472604	-4.502238	0.060690
2.472624	-4.466018	0.062650
2.472654	-4.507358	0.076360
2.472665	-4.465448	0.049151
2.472685	-4.484468	0.050140
2.472685	-4.464948	0.065390
2.472694	-4.470958	0.054510
2.472694	-4.466009	0.085500
2.472714	-4.479908	0.094140
2.472714	-4.478528	0.093550
2.472734	-4.472188	0.061350
2.472734	-4.466058	0.077900
2.472764	-4.467089	0.089700
2.472784	-4.508477	0.074470
2.472794	-4.462708	0.072280
2.472805	-4.467308	0.094920
2.472814	-4.473748	0.054460
2.472834	-4.507277	0.080770
2.472834	-4.489108	0.052370
2.472834	-4.481218	0.051800
2.472844	-4.477788	0.098339
2.472865	-4.477988	0.057290
2.472875	-4.477228	0.051711
2.472894	-4.500527	0.093420
2.472904	-4.468708	0.057380
2.472914	-4.480118	0.053880
2.472934	-4.504817	0.068840
2.472954	-4.476618	0.054070
2.472984	-4.484308	0.053250
2.472984	-4.480688	0.092840
2.473004	-4.499998	0.058830
2.473015	-4.506018	0.090260
2.473034	-4.496858	0.094290
2.473054	-4.492338	0.093150
2.473054	-4.481818	0.054690
2.473064	-4.475078	0.055180
2.473064	-4.471908	0.095399
2.473104	-4.466518	0.079990
2.473134	-4.470999	0.059280
2.473154	-4.507607	0.073200
2.473154	-4.461208	0.067340
2.473194	-4.478628	0.053180
2.473264	-4.506517	0.082060
2.473264	-4.503988	0.066340
2.473274	-4.463248	0.073670
2.473284	-4.490498	0.093220
2.473294	-4.464448	0.077170
2.473304	-4.474318	0.053080
2.473314	-4.505648	0.070080
2.473314	-4.464508	0.064020
2.473334	-4.465588	0.092920
2.473374	-4.498928	0.094230
2.473385	-4.508017	0.086430
2.473385	-4.507917	0.084540
2.473405	-4.473298	0.096119
2.473434	-4.506977	0.071340
2.473434	-4.487778	0.052831
2.473484	-4.466948	0.088330
2.473494	-4.462478	0.070210
2.473504	-4.471588	0.055950
2.473514	-4.508647	0.079490
2.473524	-4.463569	0.065400
2.473594	-4.467048	0.083490
2.473624	-4.463678	0.068160
2.473644	-4.508307	0.077590
2.473654	-4.487868	0.094460
2.473674	-4.468189	0.091150
2.473684	-4.486198	0.052790
2.473704	-4.474638	0.096879
2.473714	-4.497278	0.057770
2.473784	-4.471478	0.057840
2.473784	-4.469518	0.055420
2.473794	-4.502687	0.062550
2.473804	-4.459649	0.052880
2.473814	-4.501138	0.060700
2.473894	-4.465908	0.063520
2.473894	-4.463979	0.075100
2.473934	-4.469678	0.060640
2.473944	-4.493628	0.095010
2.473944	-4.474098	0.056540
2.473964	-4.486308	0.093309
2.473964	-4.476248	0.099409
2.473964	-4.470038	0.056860
2.473994	-4.501597	0.093510
2.474024	-4.506947	0.089560
2.474034	-4.504117	0.091530
2.474074	-4.491878	0.094410
2.474095	-4.479488	0.050361
2.474114	-4.475308	0.051731
2.474124	-4.504037	0.069470
2.474124	-4.467769	0.062030
2.474124	-4.462118	0.072970
2.474134	-4.466779	0.094319
2.474174	-4.469878	0.093270
2.474174	-4.467748	0.081440
2.474184	-4.503558	0.064430
2.474184	-4.490518	0.053820
2.474194	-4.474398	0.049630
2.474245	-4.469938	0.053950
2.474264	-4.507758	0.088290
2.474264	-4.462298	0.066760
2.474274	-4.493248	0.054440
2.474284	-4.484238	0.095269
2.474314	-4.464258	0.091840
2.474354	-4.506647	0.073200
2.474364	-4.477638	0.055910
2.474364	-4.467928	0.089740
2.474404	-4.507178	0.083280
2.474414	-4.488998	0.053280
2.474424	-4.480848	0.053890
2.474524	-4.484238	0.053670
2.474524	-4.473228	0.051110
2.474574	-4.492518	0.096289
2.474594	-4.471548	0.059990
2.474604	-4.505927	0.090850
2.474634	-4.502458	0.061260
2.474644	-4.500798	0.059410
2.474654	-4.499348	0.058790
2.474654	-4.496458	0.095539
2.474654	-4.478958	0.098409
2.474664	-4.475438	0.098349
2.474684	-4.502737	0.067600
2.474734	-4.508147	0.085760
2.474734	-4.489038	0.094469
2.474734	-4.462819	0.068860
2.474764	-4.506387	0.082010
2.474784	-4.490528	0.095099
2.474784	-4.480308	0.051790
2.474804	-4.466188	0.078640
2.474834	-4.462648	0.090820
2.474854	-4.473018	0.058640
2.474884	-4.479368	0.055960
2.474904	-4.496258	0.057740
2.474915	-4.471778	0.094750
2.474944	-4.471518	0.055420
2.474974	-4.507087	0.076960
2.475004	-4.467578	0.085600
2.475014	-4.502008	0.065700
2.475014	-4.463139	0.074390
2.475024	-4.507128	0.078850
2.475044	-4.482488	0.054620
2.475074	-4.484108	0.093990
2.475084	-4.495068	0.056720
2.475114	-4.498188	0.095479
2.475114	-4.464468	0.063450
2.475144	-4.463328	0.070950
2.475154	-4.473208	0.095470
2.475174	-4.466648	0.080740
2.475184	-4.476348	0.052580
2.475184	-4.468988	0.056790
2.475194	-4.474548	0.057260
2.475224	-4.502928	0.063140
2.475224	-4.463408	0.066110
2.475244	-4.506418	0.074440
2.475244	-4.480808	0.055280
2.475254	-4.487528	0.053211
2.475254	-4.477188	0.102249
2.475274	-4.476688	0.050341
2.475294	-4.501198	0.062640
2.475314	-4.493888	0.055670
2.475364	-4.475558	0.096919
2.475374	-4.493798	0.096259
2.475374	-4.492348	0.053780
2.475374	-4.477618	0.097709
2.475384	-4.502997	0.092200
2.475394	-4.489918	0.093159
2.475404	-4.507818	0.080690
2.475414	-4.465808	0.064060
2.475494	-4.487558	0.095159
2.475524	-4.468158	0.091170
2.475534	-4.505587	0.070680
2.475534	-4.501218	0.093499
2.475534	-4.485458	0.053670
2.475564	-4.496058	0.096809
2.475564	-4.464898	0.077210
2.475574	-4.499837	0.094169
2.475614	-4.503868	0.068800
2.475644	-4.471758	0.051530
2.475674	-4.498008	0.059170
2.475674	-4.466709	0.094710
2.475694	-4.468448	0.062040
2.475714	-4.462909	0.072320
2.475764	-4.507307	0.084500
2.475814	-4.470218	0.061590
2.475814	-4.469648	0.092620
2.475814	-4.467168	0.062990
2.475855	-4.477578	0.054020
2.475884	-4.465098	0.092750
2.475894	-4.508277	0.082570
2.475914	-4.482558	0.051980
2.475924	-4.504738	0.091510
2.475924	-4.488928	0.052720
2.475924	-4.474528	0.051570
2.475924	-4.467528	0.083530
2.475954	-4.468658	0.088420
2.475995	-4.462109	0.075090
2.476044	-4.505857	0.090210
2.476054	-4.502868	0.066930
2.476064	-4.472108	0.058260
2.476064	-4.471098	0.056330
2.476064	-4.461668	0.067200
2.476094	-4.470598	0.054370
2.476164	-4.461038	0.069090
2.476185	-4.466628	0.079360
2.476254	-4.505927	0.077590
2.476264	-4.507798	0.087010
2.476274	-4.506247	0.083270
2.476274	-4.505617	0.073180
2.476274	-4.499378	0.060610
2.476374	-4.505557	0.075070
2.476374	-4.505068	0.068140
2.476384	-4.480988	0.099219
2.476384	-4.473608	0.059360
2.476444	-4.471398	0.093369
2.476504	-4.468168	0.089820
2.476504	-4.463828	0.076500
2.476514	-4.478838	0.055460
2.476534	-4.503188	0.064390
2.476545	-4.462788	0.069570
2.476554	-4.488158	0.054160
2.476644	-4.482278	0.099969
2.476654	-4.467188	0.086320
2.476654	-4.465118	0.065450
2.476654	-4.461978	0.076480
2.476684	-4.466168	0.082830
2.476694	-4.486478	0.054130
2.476694	-4.471828	0.060700
2.476735	-4.459878	0.070000
2.476754	-4.498918	0.094800
2.476794	-4.500998	0.061240
2.476834	-4.501617	0.092830
2.476834	-4.482348	0.055490
2.476904	-4.462819	0.066220
2.476934	-4.466508	0.080750
2.476944	-4.501548	0.064010
2.476944	-4.484898	0.054090
2.476974	-4.504198	0.071940
2.477004	-4.474198	0.095549
2.477014	-4.502368	0.065640
2.477014	-4.477578	0.100669
2.477014	-4.465498	0.077260
2.477014	-4.463738	0.090710
2.477034	-4.463358	0.068200
2.477044	-4.493668	0.056610
2.477044	-4.489948	0.054650
2.477044	-4.475548	0.099159
2.477114	-4.470708	0.051461
2.477144	-4.477658	0.097730
2.477154	-4.477508	0.102599
2.477174	-4.459659	0.089860
2.477184	-4.466739	0.084220
2.477184	-4.461208	0.089700
2.477244	-4.479818	0.098509
2.477264	-4.461748	0.073010
2.477294	-4.472568	0.051501
2.477304	-4.467998	0.062720
2.477324	-4.505587	0.084500
2.477324	-4.492508	0.055630
2.477324	-4.460789	0.077150
2.477364	-4.500358	0.062990
2.477364	-4.498498	0.060010
2.477394	-4.494748	0.058090
2.477414	-4.495008	0.096820
2.477424	-4.504127	0.065590
2.477435	-4.503228	0.092140
2.477454	-4.506317	0.079450
2.477494	-4.507697	0.082560
2.477504	-4.481048	0.056400
2.477534	-4.504037	0.067510
2.477534	-4.480738	0.052570
2.477574	-4.470578	0.092660
2.477604	-4.506398	0.085750
2.477614	-4.505768	0.076290
2.477624	-4.471858	0.055850
2.477644	-4.499268	0.061520
2.477664	-4.475128	0.058000
2.477674	-4.462239	0.070970
2.477704	-4.461248	0.079950
2.477764	-4.505338	0.074400
2.477784	-4.496638	0.059070
2.477794	-4.460359	0.078550
2.477804	-4.499738	0.093499
2.477804	-4.461348	0.074410
2.477834	-4.464258	0.078620
2.477864	-4.474318	0.056600
2.477874	-4.468618	0.087770
2.477894	-4.480748	0.051110
2.477924	-4.461978	0.067580
2.477964	-4.473158	0.094140
2.477964	-4.467658	0.085640
2.477994	-4.485498	0.055000
2.477994	-4.459389	0.070910
2.478024	-4.491178	0.055110
2.478034	-4.476738	0.057350
2.478044	-4.466729	0.064130
2.478054	-4.503258	0.070650
2.478064	-4.470818	0.052860
2.478094	-4.461419	0.069020
2.478104	-4.505658	0.089550
2.478104	-4.504417	0.090850
2.478114	-4.463738	0.066850
2.478134	-4.474708	0.052440
2.478154	-4.482098	0.050430
2.478174	-4.481958	0.099989
2.478224	-4.504338	0.073160
2.478234	-4.476068	0.101509
2.478234	-4.464228	0.092080
2.478234	-4.461879	0.078570
2.478274	-4.462018	0.091050
2.478274	-4.460829	0.070420
2.478324	-4.466968	0.080100
2.478334	-4.473758	0.058670
2.478344	-4.471729	0.057670
2.478394	-4.483508	0.055360
2.478394	-4.480138	0.099929
2.478414	-4.488928	0.053600
2.478414	-4.469298	0.062070
2.478414	-4.463058	0.079990
2.478434	-4.469248	0.090560
2.478444	-4.509087	0.082480
2.478444	-4.465009	0.065470
2.478454	-4.466128	0.078670
2.478484	-4.490998	0.056540
2.478484	-4.466118	0.094990
2.478514	-4.492538	0.057030
2.478544	-4.501088	0.092810
2.478554	-4.499408	0.062920
2.478554	-4.483508	0.100749
2.478584	-4.489358	0.055530
2.478614	-4.503097	0.064960
2.478624	-4.461208	0.086720
2.478644	-4.460369	0.076470
2.478654	-4.460089	0.072310
2.478694	-4.486758	0.054550
2.478694	-4.473138	0.060070
2.478694	-4.470808	0.061420
2.478704	-4.506667	0.082560
2.478704	-4.505428	0.083860
2.478704	-4.478498	0.098469
2.478714	-4.505678	0.087640
2.478714	-4.466379	0.082170
2.478724	-4.475368	0.098110
2.478744	-4.503007	0.067480
2.478754	-4.506398	0.080670
2.478764	-4.471518	0.094149
2.478834	-4.497308	0.060470
2.478874	-4.501158	0.063100
2.478904	-4.497598	0.094180
2.478904	-4.465488	0.093519
2.478934	-4.480488	0.056820
2.478934	-4.471518	0.059560
2.478934	-4.470458	0.054270
2.478934	-4.469818	0.091990
2.478934	-4.467748	0.063440
2.479004	-4.468048	0.092150
2.479044	-4.463458	0.090570
2.479074	-4.505628	0.078180
2.479074	-4.494368	0.096179
2.479074	-4.488648	0.056960
2.479074	-4.476838	0.054860
2.479114	-4.477838	0.097069
2.479134	-4.459759	0.090980
2.479144	-4.495098	0.058960
2.479154	-4.464898	0.080740
2.479174	-4.471248	0.092710
2.479185	-4.461948	0.089590
2.479224	-4.472648	0.055200
2.479234	-4.474668	0.094889
2.479244	-4.462068	0.073050
2.479264	-4.461109	0.075130
2.479324	-4.503298	0.069350
2.479324	-4.477678	0.100529
2.479324	-4.475198	0.053350
2.479324	-4.473158	0.095589
2.479354	-4.498118	0.062400
2.479354	-4.458858	0.077540
2.479375	-4.469318	0.088480
2.479394	-4.459319	0.074170
2.479424	-4.459779	0.089030
2.479454	-4.461258	0.079960
2.479474	-4.468328	0.087090
2.479474	-4.467278	0.083590
2.479494	-4.472178	0.051881
2.479494	-4.463378	0.067540
2.479534	-4.467869	0.089210
2.479544	-4.505768	0.074380
2.479564	-4.493278	0.058440
2.479564	-4.483288	0.056860
2.479564	-4.474068	0.097059
2.479564	-4.460858	0.085210
2.479604	-4.491598	0.057950
2.479604	-4.489988	0.058400
2.479604	-4.470748	0.056160
2.479604	-4.459739	0.083780
2.479634	-4.495378	0.060400
2.479634	-4.493838	0.060400
2.479634	-4.486938	0.056400
2.479644	-4.460379	0.078560
2.479674	-4.499867	0.094779
2.479674	-4.485778	0.055420
2.479674	-4.461278	0.088090
2.479694	-4.505607	0.076270
2.479694	-4.462378	0.076530
2.479704	-4.476038	0.099509
2.479704	-4.458758	0.076060
2.479814	-4.508037	0.081920
2.479874	-4.468899	0.053750
2.479884	-4.502307	0.091510
2.479884	-4.496327	0.061870
2.479894	-4.472268	0.053790
2.479904	-4.472248	0.057960
2.479904	-4.469928	0.090610
2.479904	-4.466709	0.064840
2.479914	-4.473268	0.093490
2.479914	-4.458649	0.071260
2.479944	-4.484028	0.101459
2.479954	-4.490408	0.056930
2.479974	-4.472328	0.060760
2.480004	-4.503357	0.071260
2.480004	-4.501848	0.067480
2.480024	-4.467908	0.085680
2.480054	-4.489248	0.055950
2.480054	-4.462028	0.071680
2.480054	-4.459808	0.079930
2.480094	-4.500818	0.064810
2.480114	-4.495257	0.094849
2.480164	-4.485608	0.056860
2.480174	-4.466998	0.080820
2.480194	-4.461059	0.073750
2.480204	-4.499127	0.092840
2.480234	-4.459488	0.085140
2.480244	-4.505088	0.085110
2.480264	-4.465288	0.066180
2.480294	-4.465138	0.092209
2.480304	-4.470458	0.061420
2.480314	-4.463338	0.068930
2.480324	-4.475928	0.095669
2.480354	-4.493388	0.096179
2.480354	-4.463068	0.074090
2.480374	-4.505817	0.080030
2.480394	-4.503978	0.073100
2.480414	-4.480938	0.057240
2.480424	-4.503477	0.085780
2.480424	-4.479378	0.099249
2.480474	-4.504757	0.087630
2.480484	-4.491248	0.059350
2.480484	-4.477298	0.055770
2.480504	-4.460349	0.077190
2.480544	-4.473018	0.056610
2.480554	-4.458899	0.082720
2.480584	-4.497628	0.061380
2.480584	-4.458899	0.078410
2.480594	-4.468539	0.091280
2.480604	-4.500887	0.092160
2.480654	-4.499028	0.063800
2.480654	-4.471268	0.057100
2.480654	-4.463318	0.090960
2.480694	-4.492308	0.094840
2.480694	-4.473128	0.091660
2.480694	-4.465729	0.067550
2.480724	-4.503017	0.092890
2.480724	-4.487468	0.099609
2.480724	-4.471198	0.088260
2.480764	-4.503068	0.090180
2.480764	-4.493388	0.059380
2.480764	-4.460638	0.082750
2.480794	-4.501498	0.066200
2.480794	-4.472108	0.095479
2.480794	-4.466779	0.090570
2.480814	-4.505127	0.083210
2.480824	-4.469848	0.092000
2.480834	-4.488438	0.057350
2.480844	-4.463868	0.082130
2.480864	-4.473348	0.059380
2.480874	-4.461819	0.081380
2.480904	-4.505927	0.078120
2.480904	-4.504008	0.088920
2.480934	-4.482728	0.057280
2.480934	-4.468948	0.086430
2.480974	-4.477048	0.099439
2.481004	-4.507538	0.082790
2.481004	-4.472568	0.052301
2.481004	-4.466709	0.088610
2.481004	-4.457738	0.076940
2.481054	-4.486458	0.101569
2.481054	-4.461958	0.078890
2.481074	-4.495308	0.061310
2.481074	-4.472948	0.096919
2.481074	-4.469228	0.062810
2.481074	-4.457738	0.079320
2.481114	-4.489948	0.058820
2.481124	-4.474688	0.094230
2.481124	-4.468148	0.064180
2.481134	-4.468078	0.083630
2.481144	-4.502357	0.069970
2.481144	-4.461208	0.086580
2.481194	-4.471528	0.054480
2.481214	-4.497188	0.093519
2.481254	-4.484658	0.057770
2.481254	-4.467628	0.087170
2.481274	-4.491638	0.097489
2.481274	-4.465299	0.074090
2.481284	-4.476908	0.102319
2.481284	-4.462118	0.088510
2.481294	-4.463888	0.072880
2.481314	-4.505028	0.076850
2.481324	-4.475408	0.096990
2.481324	-4.468608	0.053211
2.481344	-4.504897	0.074960
2.481354	-4.465448	0.093830
2.481364	-4.461368	0.072370
2.481384	-4.462388	0.083500
2.481394	-4.488228	0.058790
2.481394	-4.473828	0.095609
2.481424	-4.459458	0.080650
2.481464	-4.458549	0.086510
2.481464	-4.458088	0.074520
2.481484	-4.489738	0.097189
2.481494	-4.478458	0.101369
2.481494	-4.471898	0.055910
2.481494	-4.462569	0.070320
2.481524	-4.460558	0.079280
2.481534	-4.493598	0.060780
2.481534	-4.475828	0.103719
2.481534	-4.466668	0.082200
2.481554	-4.504777	0.080030
2.481564	-4.482848	0.101489
2.481604	-4.479438	0.057170
2.481604	-4.463519	0.087300
2.481604	-4.460089	0.073120
2.481614	-4.503868	0.087000
2.481614	-4.478588	0.097140
2.481614	-4.470778	0.063290
2.481644	-4.460679	0.084140
2.481674	-4.479368	0.102839
2.481674	-4.471758	0.089660
2.481674	-4.458928	0.087950
2.481704	-4.474248	0.092120
2.481704	-4.469838	0.090620
2.481714	-4.467769	0.067510
2.481774	-4.477858	0.056680
2.481774	-4.457949	0.080730
2.481784	-4.468838	0.085060
2.481804	-4.460888	0.075130
2.481814	-4.506738	0.081780
2.481814	-4.466998	0.092890
2.481814	-4.464888	0.070810
2.481814	-4.464368	0.092819
2.481824	-4.500897	0.068100
2.481844	-4.472438	0.063340
2.481844	-4.471178	0.061450
2.481874	-4.472198	0.092810
2.481874	-4.470068	0.087850
2.481884	-4.473198	0.090150
2.481914	-4.483888	0.103399
2.481924	-4.472388	0.057300
2.481944	-4.481318	0.056740
2.481954	-4.491698	0.060260
2.481954	-4.467869	0.065590
2.481984	-4.497518	0.063240
2.481984	-4.478248	0.099409
2.482004	-4.503107	0.088290
2.482004	-4.464309	0.068270
2.482024	-4.485988	0.058230
2.482034	-4.492888	0.095539
2.482034	-4.476908	0.096409
2.482044	-4.462139	0.085560
2.482054	-4.476628	0.098389
2.482074	-4.501838	0.090220
2.482074	-4.495508	0.094160
2.482134	-4.472628	0.060100
2.482144	-4.481388	0.100059
2.482164	-4.506108	0.075920
2.482194	-4.495938	0.062710
2.482234	-4.464508	0.082180
2.482254	-4.470618	0.055180
2.482264	-4.490468	0.095949
2.482264	-4.465629	0.091420
2.482294	-4.504187	0.073710
2.482304	-4.466288	0.071650
2.482314	-4.502528	0.068670
2.482334	-4.466218	0.068420
2.482354	-4.461469	0.091810
2.482374	-4.504678	0.084420
2.482374	-4.472038	0.052720
2.482384	-4.473858	0.093559
2.482394	-4.465768	0.066920
2.482404	-4.498777	0.094109
2.482414	-4.460568	0.076530
2.482434	-4.505688	0.083160
2.482464	-4.468708	0.082980
2.482464	-4.463649	0.084250
2.482474	-4.462159	0.073610
2.482484	-4.503717	0.071810
2.482504	-4.468828	0.063490
2.482514	-4.475438	0.095450
2.482534	-4.479278	0.104269
2.482534	-4.463788	0.069670
2.482544	-4.483218	0.058650
2.482544	-4.466118	0.088050
2.482554	-4.500958	0.091470
2.482584	-4.494228	0.062190
2.482604	-4.500518	0.066180
2.482614	-4.463068	0.071230
2.482634	-4.497038	0.094140
2.482654	-4.488758	0.059700
2.482684	-4.476458	0.056120
2.482684	-4.475368	0.091590
2.482694	-4.504948	0.078740
2.482734	-4.494228	0.094849
2.482754	-4.499198	0.065170
2.482754	-4.479958	0.100839
2.482764	-4.470078	0.062150
2.482784	-4.460039	0.082770
2.482814	-4.473328	0.094929
2.482824	-4.487178	0.059660
2.482854	-4.502888	0.070550
2.482864	-4.466258	0.082930
2.482894	-4.481428	0.058120
2.482894	-4.468238	0.090620
2.482964	-4.505788	0.074450
2.482964	-4.465978	0.092819
2.483004	-4.478348	0.100769
2.483014	-4.480188	0.098619
2.483024	-4.470299	0.086500
2.483034	-4.471238	0.096289
2.483034	-4.463758	0.076430
2.483044	-4.472558	0.058690
2.483064	-4.460359	0.080700
2.483074	-4.506207	0.077360
2.483074	-4.505718	0.081670
2.483074	-4.474208	0.054650
2.483084	-4.487808	0.098300
2.483134	-4.479218	0.097189
2.483144	-4.476768	0.102669
2.483144	-4.468819	0.086160
2.483194	-4.504378	0.085690
2.483204	-4.504447	0.087590
2.483214	-4.500038	0.093620
2.483214	-4.474138	0.090570
2.483234	-4.464508	0.094010
2.483244	-4.461519	0.084190
2.483264	-4.482698	0.100799
2.483274	-4.461529	0.088360
2.483284	-4.479228	0.102249
2.483284	-4.472868	0.056620
2.483284	-4.466848	0.086580
2.483294	-4.483868	0.102229
2.483294	-4.470508	0.066840
2.483314	-4.463318	0.072630
2.483334	-4.461698	0.075180
2.483354	-4.490088	0.060150
2.483384	-4.469748	0.092080
2.483424	-4.492988	0.093559
2.483444	-4.502817	0.087620
2.483444	-4.501717	0.089550
2.483454	-4.471618	0.057450
2.483454	-4.462298	0.082420
2.483474	-4.471998	0.061490
2.483474	-4.464868	0.068980
2.483494	-4.505058	0.076350
2.483494	-4.464649	0.071680
2.483504	-4.464848	0.084960
2.483504	-4.462819	0.091180
2.483514	-4.460868	0.079320
2.483524	-4.476628	0.098779
2.483554	-4.491598	0.094719
2.483564	-4.478138	0.098809
2.483564	-4.473088	0.053670
2.483574	-4.463868	0.092609
2.483594	-4.496858	0.064110
2.483594	-4.460299	0.077820
2.483634	-4.479678	0.058050
2.483654	-4.462008	0.089790
2.483664	-4.503437	0.072910
2.483684	-4.476508	0.097129
2.483694	-4.474078	0.062070
2.483714	-4.470168	0.085130
2.483774	-4.476528	0.094429
2.483774	-4.469198	0.068030
2.483824	-4.471198	0.094900
2.483844	-4.474518	0.094310
2.483874	-4.506348	0.083110
2.483874	-4.500318	0.067060
2.483874	-4.464088	0.074030
2.483894	-4.464258	0.086370
2.483904	-4.466449	0.084320
2.483914	-4.462298	0.087010
2.483934	-4.500637	0.068670
2.483934	-4.488558	0.097089
2.483944	-4.501728	0.092150
2.483984	-4.491488	0.061590
2.484014	-4.493628	0.062610
2.484014	-4.477958	0.097339
2.484014	-4.473548	0.092880
2.484054	-4.479508	0.061420
2.484054	-4.472388	0.055070
2.484054	-4.470888	0.055980
2.484054	-4.465558	0.070250
2.484074	-4.504827	0.079330
2.484074	-4.466718	0.066960
2.484094	-4.479438	0.100249
2.484094	-4.460578	0.085420
2.484124	-4.495208	0.093530
2.484124	-4.475298	0.092960
2.484144	-4.490288	0.096849
2.484154	-4.464569	0.089830
2.484164	-4.476908	0.057030
2.484164	-4.462469	0.073540
2.484194	-4.463609	0.088440
2.484194	-4.463488	0.080730
2.484194	-4.461978	0.072070
2.484234	-4.504738	0.073890
2.484234	-4.502178	0.069970
2.484234	-4.497067	0.093970
2.484234	-4.491538	0.098699
2.484234	-4.488688	0.060570
2.484264	-4.504738	0.081110
2.484264	-4.469938	0.063530
2.484264	-4.467448	0.069790
2.484284	-4.475008	0.096400
2.484284	-4.462728	0.084940
2.484324	-4.473038	0.060110
2.484344	-4.468038	0.065580
2.484374	-4.465948	0.086010
2.484404	-4.499028	0.066040
2.484434	-4.494858	0.095430
2.484444	-4.468018	0.094109
2.484474	-4.505157	0.077750
2.484474	-4.495588	0.063590
2.484474	-4.464908	0.091260
2.484494	-4.480818	0.099369
2.484524	-4.466029	0.093349
2.484544	-4.475198	0.056050
2.484544	-4.461348	0.083040
2.484554	-4.468199	0.089270
2.484624	-4.506567	0.075490
2.484634	-4.485898	0.100639
2.484684	-4.465308	0.073090
2.484714	-4.466329	0.068360
2.484724	-4.482228	0.100819
2.484744	-4.470608	0.092050
2.484754	-4.479608	0.101649
2.484784	-4.465278	0.087780
2.484794	-4.462338	0.078000
2.484854	-4.467538	0.085070
2.484864	-4.498328	0.092989
2.484894	-4.469578	0.083720
2.484904	-4.478108	0.104129
2.484904	-4.461379	0.081440
2.484924	-4.505117	0.085640
2.484944	-4.471608	0.087280
2.484964	-4.482278	0.059000
2.484964	-4.478068	0.101119
2.484964	-4.472038	0.057420
2.484964	-4.472038	0.061240
2.484964	-4.463168	0.082090
2.484974	-4.504877	0.083750
2.485004	-4.503897	0.076730
2.485004	-4.503407	0.071890
2.485034	-4.500778	0.092569
2.485054	-4.502478	0.091390
2.485084	-4.502278	0.088870
2.485104	-4.487248	0.060990
2.485144	-4.466638	0.071160
2.485144	-4.462608	0.089240
2.485174	-4.477018	0.095799
2.485214	-4.501237	0.071820
2.485214	-4.490408	0.061520
2.485214	-4.471408	0.059310
2.485244	-4.487968	0.098229
2.485284	-4.474388	0.090470
2.485294	-4.493128	0.093460
2.485314	-4.491868	0.096150
2.485314	-4.485678	0.097439
2.485314	-4.479468	0.058960
2.485314	-4.471038	0.089340
2.485324	-4.469178	0.064930
2.485354	-4.504368	0.086930
2.485354	-4.492578	0.062540
2.485354	-4.461529	0.084440
2.485354	-4.461068	0.078690
2.485364	-4.467028	0.086470
2.485374	-4.485198	0.103739
2.485384	-4.500177	0.067930
2.485404	-4.471178	0.085870
2.485414	-4.494618	0.062320
2.485414	-4.461928	0.080060
2.485424	-4.482998	0.102249
2.485424	-4.473858	0.055530
2.485424	-4.471298	0.062880
2.485454	-4.500148	0.069860
2.485454	-4.478418	0.060360
2.485454	-4.463909	0.074450
2.485484	-4.480928	0.101489
2.485494	-4.485638	0.060960
2.485494	-4.474198	0.060810
2.485494	-4.472358	0.055950
2.485504	-4.501558	0.090150
2.485514	-4.494788	0.092280
2.485514	-4.479858	0.097959
2.485524	-4.496048	0.094319
2.485524	-4.474248	0.105289
2.485564	-4.480378	0.062290
2.485564	-4.469338	0.094889
2.485594	-4.491798	0.094650
2.485594	-4.478908	0.062750
2.485664	-4.504148	0.080550
2.485694	-4.463388	0.084280
2.485704	-4.501587	0.069410
2.485704	-4.490108	0.095819
2.485704	-4.478318	0.057950
2.485714	-4.467388	0.092030
2.485774	-4.504107	0.082480
2.485774	-4.474598	0.094319
2.485774	-4.469728	0.066430
2.485774	-4.463768	0.072530
2.485804	-4.473538	0.088720
2.485804	-4.465448	0.085460
2.485834	-4.499688	0.093369
2.485864	-4.471708	0.093570
2.485874	-4.502568	0.070880
2.485874	-4.502528	0.075190
2.485874	-4.498958	0.091490
2.485874	-4.475718	0.091910
2.485894	-4.481388	0.102919
2.485914	-4.498427	0.066460
2.485914	-4.475198	0.056930
2.485914	-4.462529	0.085660
2.485934	-4.467718	0.067700
2.485984	-4.501937	0.073260
2.485984	-4.484338	0.098349
2.486014	-4.480208	0.060850
2.486034	-4.475948	0.093680
2.486054	-4.461648	0.082860
2.486084	-4.482728	0.063760
2.486084	-4.480138	0.100139
2.486094	-4.475778	0.105289
2.486124	-4.484338	0.060430
2.486124	-4.482728	0.059940
2.486144	-4.471008	0.091440
2.486144	-4.462738	0.087750
2.486154	-4.498888	0.068850
2.486154	-4.496788	0.065450
2.486154	-4.470078	0.063550
2.486154	-4.466218	0.084020
2.486174	-4.474318	0.102849
2.486174	-4.473138	0.059420
2.486194	-4.503407	0.085810
2.486194	-4.503407	0.088230
2.486194	-4.503397	0.073630
2.486194	-4.497798	0.071230
2.486194	-4.497798	0.094030
2.486194	-4.481218	0.059420
2.486194	-4.479088	0.096289
2.486194	-4.473178	0.057350
2.486194	-4.472038	0.088440
2.486194	-4.470088	0.084470
2.486194	-4.469128	0.068280
2.486194	-4.469068	0.092779
2.486204	-4.487488	0.059810
2.486214	-4.505028	0.077410
2.486224	-4.494888	0.064460
2.486224	-4.486798	0.061910
2.486254	-4.472938	0.067990
2.486264	-4.468148	0.084060
2.486264	-4.465308	0.072030
2.486294	-4.503367	0.077610
2.486294	-4.497727	0.092399
2.486294	-4.474048	0.096420
2.486294	-4.464088	0.076310
2.486304	-4.487438	0.096950
2.486334	-4.503897	0.079040
2.486334	-4.497168	0.090470
2.486334	-4.477538	0.094779
2.486334	-4.472458	0.071680
2.486364	-4.485708	0.098849
2.486364	-4.467588	0.069230
2.486364	-4.464048	0.081570
2.486394	-4.484168	0.103029
2.486404	-4.501267	0.091520
2.486404	-4.496218	0.068780
2.486404	-4.484168	0.096879
2.486404	-4.469028	0.070210
2.486404	-4.465238	0.074910
2.486434	-4.497727	0.067860
2.486434	-4.493138	0.066810
2.486434	-4.488858	0.062400
2.486434	-4.476558	0.061240
2.486434	-4.466148	0.073470
2.486464	-4.474658	0.100459
2.486474	-4.490508	0.062430
2.486474	-4.464018	0.079640
2.486494	-4.474748	0.066810
2.486504	-4.500217	0.071260
2.486504	-4.481118	0.064670
2.486544	-4.479838	0.102189
2.486644	-4.476978	0.057910
2.486644	-4.472568	0.096389
2.486674	-4.472738	0.061520
2.486714	-4.490998	0.066740
2.486724	-4.477878	0.097229
2.486734	-4.469728	0.088640
2.486754	-4.502667	0.080940
2.486784	-4.494678	0.067790
2.486784	-4.488158	0.065270
2.486784	-4.486028	0.097370
2.486784	-4.468638	0.091410
2.486824	-4.495098	0.065870
2.486834	-4.481348	0.099439
2.486834	-4.469908	0.064980
2.486854	-4.504668	0.083390
2.486854	-4.495068	0.094220
2.486854	-4.466429	0.077290
2.486864	-4.478208	0.104059
2.486874	-4.472858	0.087310
2.486894	-4.488848	0.096849
2.486894	-4.479858	0.063200
2.486894	-4.466429	0.081570
2.486904	-4.462618	0.081510
2.486924	-4.485008	0.100209
2.486924	-4.473268	0.074070
2.486964	-4.489138	0.063830
2.486964	-4.474208	0.071230
2.486994	-4.503057	0.082370
2.486994	-4.485538	0.062330
2.486994	-4.481928	0.062260
2.486994	-4.471238	0.077850
2.486994	-4.463318	0.077680
2.487024	-4.473018	0.092920
2.487024	-4.471008	0.095669
2.487034	-4.502568	0.079460
2.487034	-4.477788	0.059350
2.487034	-4.471138	0.062900
2.487064	-4.482748	0.103699
2.487094	-4.467978	0.088610
2.487104	-4.483358	0.100629
2.487104	-4.472638	0.076910
2.487104	-4.471178	0.085890
2.487134	-4.482278	0.095340
2.487174	-4.471168	0.071650
2.487204	-4.472148	0.069720
2.487204	-4.471658	0.060190
2.487204	-4.470108	0.083070
2.487204	-4.464929	0.078660
2.487244	-4.496327	0.091350
2.487244	-4.495838	0.092779
2.487244	-4.483328	0.098709
2.487254	-4.496088	0.063500
2.487274	-4.502948	0.087170
2.487274	-4.490758	0.063830
2.487274	-4.473088	0.089350
2.487274	-4.463078	0.084300
2.487314	-4.492298	0.063380
2.487314	-4.472108	0.056820
2.487324	-4.481948	0.102269
2.487344	-4.470568	0.068280
2.487354	-4.504407	0.081820
2.487374	-4.477008	0.102839
2.487384	-4.499298	0.069900
2.487384	-4.473578	0.072630
2.487404	-4.470468	0.097029
2.487414	-4.501898	0.076060
2.487414	-4.501378	0.074630
2.487414	-4.480208	0.060290
2.487414	-4.466678	0.080130
2.487424	-4.473648	0.058070
2.487434	-4.470548	0.090060
2.487454	-4.496747	0.067300
2.487454	-4.495798	0.070180
2.487484	-4.481748	0.060330
2.487484	-4.466678	0.072000
2.487514	-4.480968	0.100839
2.487524	-4.503897	0.079960
2.487544	-4.498218	0.091030
2.487554	-4.503367	0.083810
2.487554	-4.502357	0.085700
2.487554	-4.500217	0.091420
2.487554	-4.493248	0.068210
2.487554	-4.483218	0.063240
2.487554	-4.465238	0.082480
2.487594	-4.491138	0.065270
2.487594	-4.484268	0.061350
2.487594	-4.467658	0.083000
2.487624	-4.500217	0.072670
2.487624	-4.497727	0.069230
2.487624	-4.493208	0.064850
2.487624	-4.483678	0.095830
2.487624	-4.482558	0.097229
2.487624	-4.471968	0.073050
2.487624	-4.468148	0.071090
2.487624	-4.464788	0.077220
2.487644	-4.475748	0.099199
2.487694	-4.501798	0.077960
2.487694	-4.497208	0.070670
2.487694	-4.476528	0.091800
2.487704	-4.473868	0.088060
2.487734	-4.485708	0.064220
2.487734	-4.478978	0.096639
2.487734	-4.474428	0.090330
2.487764	-4.492117	0.067200
2.487764	-4.470918	0.079250
2.487794	-4.502697	0.089450
2.487794	-4.479068	0.102819
2.487804	-4.470388	0.074450
2.487824	-4.469958	0.066370
2.487844	-4.497098	0.089870
2.487874	-4.501728	0.081320
2.487874	-4.479958	0.095240
2.487874	-4.479238	0.062020
2.487874	-4.466538	0.073890
2.487894	-4.470338	0.087140
2.487914	-4.477398	0.094220
2.487914	-4.476978	0.062640
2.487914	-4.474988	0.057350
2.487944	-4.501128	0.084690
2.487944	-4.475438	0.060680
2.487944	-4.472318	0.058720
2.487964	-4.472118	0.091510
2.487964	-4.463828	0.086430
2.487984	-4.470288	0.080660
2.488034	-4.490438	0.095739
2.488054	-4.501128	0.069300
2.488054	-4.499098	0.071650
2.488054	-4.495068	0.066780
2.488054	-4.473788	0.076420
2.488084	-4.501098	0.079390
2.488084	-4.493557	0.069620
2.488084	-4.490438	0.067650
2.488124	-4.501617	0.083250
2.488124	-4.472779	0.082620
2.488124	-4.465029	0.083880
2.488144	-4.477658	0.065570
2.488154	-4.487148	0.065660
2.488154	-4.474848	0.066390
2.488154	-4.469758	0.085390
2.488194	-4.479298	0.093760
2.488194	-4.473268	0.079250
2.488194	-4.470778	0.075850
2.488194	-4.468819	0.072490
2.488204	-4.476308	0.097219
2.488224	-4.495977	0.071580
2.488224	-4.480978	0.062680
2.488224	-4.466399	0.078170
2.488264	-4.501548	0.088050
2.488264	-4.499477	0.093270
2.488264	-4.496428	0.068700
2.488264	-4.487568	0.094920
2.488264	-4.479858	0.064080
2.488264	-4.472178	0.080660
2.488284	-4.472628	0.060840
2.488294	-4.489778	0.064740
2.488294	-4.473618	0.059460
2.488294	-4.472178	0.074940
2.488294	-4.469728	0.071090
2.488294	-4.469238	0.079180
2.488334	-4.482348	0.064600
2.488334	-4.476808	0.059280
2.488334	-4.468748	0.082020
2.488364	-4.498958	0.089910
2.488364	-4.496888	0.088400
2.488364	-4.485428	0.096289
2.488364	-4.475528	0.100699
2.488364	-4.471198	0.082090
2.488384	-4.480808	0.102969
2.488384	-4.475528	0.104199
2.488404	-4.494928	0.068670
2.488404	-4.488058	0.063760
2.488404	-4.478248	0.063590
2.488404	-4.469658	0.077260
2.488434	-4.499408	0.075960
2.488474	-4.489068	0.066150
2.488474	-4.482868	0.061730
2.488474	-4.481288	0.094250
2.488474	-4.471168	0.069650
2.488484	-4.470708	0.064980
2.488494	-4.472328	0.085330
2.488534	-4.462368	0.082230
2.488544	-4.500388	0.086090
2.488544	-4.494818	0.092680
2.488544	-4.481708	0.098110
2.488544	-4.472638	0.072070
2.488544	-4.464858	0.080030
2.488564	-4.503387	0.081830
2.488574	-4.480838	0.066010
2.488584	-4.464128	0.078600
2.488614	-4.500388	0.074520
2.488614	-4.474108	0.074000
2.488624	-4.471918	0.087330
2.488644	-4.491768	0.068600
2.488644	-4.484378	0.062710
2.488644	-4.475128	0.089310
2.488684	-4.497838	0.074490
2.488684	-4.495278	0.089800
2.488684	-4.475158	0.059210
2.488684	-4.473548	0.077820
2.488684	-4.473058	0.070180
2.488684	-4.472038	0.078270
2.488684	-4.470568	0.072980
2.488684	-4.470008	0.083460
2.488704	-4.480138	0.101529
2.488714	-4.499798	0.080270
2.488714	-4.474638	0.072560
2.488714	-4.471058	0.067720
2.488714	-4.468148	0.073890
2.488734	-4.498127	0.092730
2.488754	-4.500288	0.082690
2.488754	-4.479118	0.065480
2.488754	-4.477608	0.092710
2.488784	-4.496747	0.075890
2.488824	-4.497798	0.071580
2.488824	-4.466148	0.081950
2.488854	-4.484238	0.100559
2.488854	-4.482538	0.103019
2.488854	-4.473478	0.089280
2.488864	-4.492568	0.063390
2.488884	-4.472188	0.096409
2.488894	-4.468988	0.080590
2.488904	-4.495908	0.064630
2.488924	-4.499688	0.077850
2.488924	-4.485178	0.098639
2.488924	-4.484268	0.064600
2.488934	-4.474268	0.092290
2.488964	-4.493208	0.071020
2.488964	-4.482628	0.100979
2.488964	-4.474528	0.083560
2.488974	-4.499088	0.091430
2.488994	-4.499198	0.073050
2.488994	-4.494678	0.072000
2.488994	-4.470958	0.084900
2.488994	-4.466079	0.076210
2.488994	-4.463919	0.081580
2.489034	-4.471288	0.089400
2.489034	-4.469408	0.074840
2.489064	-4.485678	0.065590
2.489104	-4.483638	0.094290
2.489104	-4.469248	0.069030
2.489134	-4.474988	0.061590
2.489164	-4.502128	0.080550
2.489174	-4.492048	0.070040
2.489174	-4.471828	0.083490
2.489184	-4.475798	0.094350
2.489204	-4.500108	0.084580
2.489204	-4.494118	0.080620
2.489204	-4.493108	0.078200
2.489204	-4.483118	0.063620
2.489204	-4.467518	0.077190
2.489214	-4.494398	0.065790
2.489244	-4.467518	0.081460
2.489244	-4.463198	0.085050
2.489274	-4.495977	0.087390
2.489304	-4.471688	0.063640
2.489344	-4.499028	0.087460
2.489344	-4.481428	0.060710
2.489344	-4.477578	0.106379
2.489344	-4.476658	0.100039
2.489354	-4.476648	0.102149
2.489364	-4.501418	0.075510
2.489384	-4.500537	0.090850
2.489384	-4.496688	0.089750
2.489384	-4.473788	0.087380
2.489414	-4.475408	0.068250
2.489424	-4.482038	0.099509
2.489434	-4.482238	0.096809
2.489464	-4.463428	0.082940
2.489504	-4.501368	0.078690
2.489524	-4.502568	0.087530
2.489524	-4.489288	0.068040
2.489524	-4.474318	0.080170
2.489524	-4.472248	0.081570
2.489564	-4.483948	0.098019
2.489594	-4.494438	0.070040
2.489594	-4.475828	0.079250
2.489624	-4.500987	0.088440
2.489624	-4.497447	0.072980
2.489624	-4.495868	0.074870
2.489624	-4.493488	0.094500
2.489664	-4.503508	0.079850
2.489674	-4.490388	0.094460
2.489694	-4.473128	0.079180
2.489734	-4.473158	0.059630
2.489734	-4.473128	0.074420
2.489764	-4.492888	0.081500
2.489764	-4.480348	0.093199
2.489774	-4.493278	0.064560
2.489804	-4.475718	0.090220
2.489804	-4.472148	0.076770
2.489804	-4.468638	0.078130
2.489824	-4.478148	0.104299
2.489834	-4.494818	0.082510
2.489834	-4.481258	0.066920
2.489834	-4.477188	0.089310
2.489834	-4.474208	0.058190
2.489864	-4.478218	0.100099
2.489874	-4.499308	0.076380
2.489874	-4.495768	0.072950
2.489874	-4.490758	0.068040
2.489874	-4.477288	0.097959
2.489874	-4.466779	0.079500
2.489894	-4.473398	0.090880
2.489904	-4.478178	0.064950
2.489904	-4.478138	0.087390
2.489944	-4.497838	0.075850
2.489944	-4.494748	0.090680
2.489944	-4.481218	0.064990
2.489974	-4.485778	0.093800
2.489974	-4.477608	0.068740
2.489974	-4.475648	0.083040
2.489974	-4.474138	0.070110
2.489974	-4.473578	0.061580
2.490014	-4.499268	0.079250
2.490014	-4.472568	0.069130
2.490034	-4.495628	0.093400
2.490044	-4.499238	0.085950
2.490044	-4.486338	0.095240
2.490044	-4.479118	0.091730
2.490044	-4.476628	0.063480
2.490044	-4.474598	0.073930
2.490044	-4.470568	0.066710
2.490064	-4.476468	0.095519
2.490084	-4.478438	0.102229
2.490084	-4.475648	0.075400
2.490114	-4.499198	0.081640
2.490144	-4.501737	0.081820
2.490154	-4.476068	0.084480
2.490154	-4.474598	0.065830
2.490184	-4.473478	0.083460
2.490184	-4.468048	0.074280
2.490194	-4.499718	0.074900
2.490194	-4.484128	0.103789
2.490204	-4.482048	0.095329
2.490224	-4.497727	0.074380
2.490224	-4.475578	0.072030
2.490254	-4.483218	0.065020
2.490254	-4.479048	0.066390
2.490264	-4.478088	0.096719
2.490274	-4.479798	0.104349
2.490284	-4.480848	0.100909
2.490294	-4.496148	0.076280
2.490294	-4.493208	0.092989
2.490294	-4.487808	0.068460
2.490294	-4.471968	0.065760
2.490304	-4.472858	0.062950
2.490324	-4.497168	0.086370
2.490324	-4.492088	0.080030
2.490324	-4.480558	0.089840
2.490324	-4.475508	0.080620
2.490334	-4.496038	0.088520
2.490364	-4.495558	0.085880
2.490364	-4.492648	0.071890
2.490364	-4.480968	0.098799
2.490364	-4.476488	0.067760
2.490364	-4.472878	0.084860
2.490364	-4.467978	0.076170
2.490374	-4.468528	0.080310
2.490384	-4.501168	0.079930
2.490394	-4.498118	0.080170
2.490394	-4.491528	0.078590
2.490394	-4.480138	0.071160
2.490434	-4.487708	0.093830
2.490454	-4.481058	0.103009
2.490454	-4.478878	0.098049
2.490464	-4.489988	0.075680
2.490464	-4.480978	0.069270
2.490484	-4.464599	0.085800
2.490504	-4.481108	0.105109
2.490504	-4.474428	0.084900
2.490534	-4.484588	0.065970
2.490554	-4.501188	0.085630
2.490574	-4.498988	0.088330
2.490574	-4.495448	0.083920
2.490604	-4.486168	0.066010
2.490604	-4.481998	0.093660
2.490604	-4.476908	0.090680
2.490604	-4.474918	0.077260
2.490604	-4.474388	0.068670
2.490604	-4.472808	0.067200
2.490644	-4.500038	0.089800
2.490644	-4.494468	0.088230
2.490674	-4.481998	0.071190
2.490674	-4.472318	0.064320
2.490714	-4.474348	0.081530
2.490724	-4.500408	0.078030
2.490744	-4.500688	0.083730
2.490744	-4.480198	0.095510
2.490744	-4.474318	0.075820
2.490784	-4.489358	0.068950
2.490784	-4.486588	0.067440
2.490784	-4.484448	0.094670
2.490784	-4.479958	0.067790
2.490784	-4.475338	0.087280
2.490784	-4.473788	0.088190
2.490814	-4.494438	0.072880
2.490814	-4.475828	0.073440
2.490814	-4.474278	0.078660
2.490854	-4.498427	0.078200
2.490854	-4.498427	0.083000
2.490854	-4.493458	0.079530
2.490854	-4.481928	0.067830
2.490854	-4.476808	0.087810
2.490854	-4.474278	0.072450
2.490924	-4.493877	0.081010
2.490924	-4.491878	0.077120
2.490924	-4.491838	0.092920
2.490924	-4.478768	0.089280
2.490924	-4.475298	0.070560
2.490924	-4.473198	0.080550
2.490924	-4.471168	0.084340
2.490954	-4.502987	0.079250
2.490954	-4.496928	0.078170
2.490954	-4.493388	0.091520
2.490954	-4.490828	0.069900
2.490954	-4.481258	0.091730
2.490954	-4.473198	0.077220
2.490994	-4.484378	0.092260
2.490994	-4.478768	0.068740
2.490994	-4.472638	0.086260
2.491004	-4.500438	0.087540
2.491014	-4.482828	0.104459
2.491024	-4.484828	0.096109
2.491064	-4.490268	0.077080
2.491064	-4.476738	0.078240
2.491094	-4.493808	0.089630
2.491094	-4.492328	0.081920
2.491134	-4.497348	0.076730
2.491134	-4.491248	0.071820
2.491134	-4.486968	0.072700
2.491204	-4.476698	0.069160
2.491234	-4.477088	0.086330
2.491274	-4.489138	0.094290
2.491274	-4.487428	0.075570
2.491274	-4.483328	0.069760
2.491304	-4.491138	0.094319
2.491374	-4.498678	0.086820
2.491374	-4.476628	0.064850
2.491404	-4.491248	0.067390
2.491414	-4.471518	0.068110
2.491444	-4.498818	0.075520
2.491444	-4.497208	0.087770
2.491444	-4.495658	0.073820
2.491444	-4.481078	0.072100
2.491484	-4.497698	0.081530
2.491484	-4.476558	0.080100
2.491484	-4.473578	0.061450
2.491484	-4.472988	0.068600
2.491524	-4.485748	0.089870
2.491524	-4.479678	0.070140
2.491544	-4.482308	0.105859
2.491554	-4.474568	0.062890
2.491594	-4.494118	0.074240
2.491624	-4.492718	0.072770
2.491624	-4.482138	0.065900
2.491624	-4.475968	0.089170
2.491734	-4.490998	0.080410
2.491734	-4.490508	0.092850
2.491734	-4.488368	0.092819
2.491734	-4.475438	0.085810
2.491764	-4.489458	0.079880
2.491764	-4.487738	0.094710
2.491764	-4.483568	0.093620
2.491764	-4.475438	0.071960
2.491804	-4.479998	0.089240
2.491804	-4.479538	0.092120
2.491804	-4.478418	0.086820
2.491804	-4.477928	0.066290
2.491804	-4.476458	0.075780
2.491874	-4.489948	0.078450
2.491874	-4.478948	0.090640
2.491904	-4.489428	0.070320
2.491904	-4.486098	0.095620
2.491904	-4.484478	0.071650
2.491904	-4.482558	0.089770
2.491904	-4.480418	0.087350
2.491904	-4.475368	0.081500
2.491944	-4.494928	0.084790
2.491944	-4.494438	0.086720
2.491944	-4.484028	0.066880
2.491944	-4.474428	0.065270
2.491944	-4.472808	0.081920
2.491954	-4.493838	0.093190
2.491974	-4.493458	0.083810
2.491974	-4.491978	0.083280
2.491974	-4.488858	0.075570
2.491974	-4.485008	0.073090
2.491974	-4.480868	0.068250
2.491974	-4.480838	0.093550
2.491974	-4.477858	0.070560
2.491984	-4.473248	0.083690
2.492014	-4.472808	0.063800
2.492044	-4.488268	0.074100
2.492044	-4.475338	0.079110
2.492044	-4.475338	0.083880
2.492084	-4.497447	0.084860
2.492084	-4.496428	0.079080
2.492114	-4.494858	0.082370
2.492114	-4.486028	0.071680
2.492114	-4.484968	0.070210
2.492114	-4.481428	0.070140
2.492154	-4.500468	0.088750
2.492154	-4.482978	0.071120
2.492254	-4.483848	0.088820
2.492254	-4.483398	0.068280
2.492254	-4.480728	0.090680
2.492254	-4.475758	0.074350
2.492274	-4.496088	0.086030
2.492284	-4.498787	0.079950
2.492294	-4.484338	0.090750
2.492324	-4.495308	0.077120
2.492324	-4.484338	0.074490
2.492364	-4.492398	0.078030
2.492394	-4.490718	0.076060
2.492394	-4.477678	0.067690
2.492394	-4.477158	0.088190
2.492434	-4.492368	0.089980
2.492434	-4.488088	0.079810
2.492464	-4.493738	0.080900
2.492464	-4.483328	0.072560
2.492464	-4.475158	0.076700
2.492534	-4.491208	0.072700
2.492574	-4.482768	0.092609
2.492574	-4.477088	0.084830
2.492574	-4.476598	0.078130
2.492604	-4.488018	0.076940
2.492604	-4.476558	0.082440
2.492674	-4.489598	0.090360
2.492674	-4.479648	0.075820
2.492674	-4.477578	0.072420
2.492674	-4.476558	0.066710
2.492714	-4.493177	0.074660
2.492714	-4.493177	0.087100
2.492714	-4.482728	0.076840
2.492714	-4.476108	0.070490
2.492744	-4.491108	0.091380
2.492744	-4.490578	0.081780
2.492744	-4.488548	0.078380
2.492744	-4.481148	0.073470
2.492744	-4.476108	0.065270
2.492784	-4.497168	0.082900
2.492784	-4.489038	0.091800
2.492784	-4.486308	0.068320
2.492814	-4.496638	0.080480
2.492814	-4.491578	0.093130
2.492814	-4.483188	0.075400
2.492814	-4.481118	0.092080
2.492854	-4.485248	0.094270
2.492854	-4.479918	0.071460
2.492884	-4.474038	0.063800
2.492914	-4.496858	0.089500
2.492924	-4.487918	0.069760
2.492924	-4.485708	0.088820
2.492924	-4.477468	0.079570
2.492944	-4.497998	0.087570
2.492954	-4.493528	0.085180
2.492994	-4.489528	0.074560
2.493014	-4.482968	0.108039
2.493024	-4.492578	0.088510
2.493024	-4.485148	0.067300
2.493024	-4.482628	0.066780
2.493024	-4.479508	0.073400
2.493064	-4.496048	0.084270
2.493064	-4.493488	0.079430
2.493064	-4.487878	0.072140
2.493064	-4.477928	0.090540
2.493064	-4.476908	0.073820
2.493094	-4.487218	0.073580
2.493094	-4.476908	0.076700
2.493134	-4.489948	0.080310
2.493134	-4.488898	0.094149
2.493134	-4.486658	0.076420
2.493164	-4.485108	0.077820
2.493164	-4.484548	0.076380
2.493164	-4.482558	0.073930
2.493164	-4.479018	0.085320
2.493164	-4.472878	0.078030
2.493204	-4.489918	0.083180
2.493204	-4.487148	0.091240
2.493234	-4.481998	0.090640
2.493234	-4.478978	0.087210
2.493274	-4.488338	0.083140
2.493304	-4.495418	0.078520
2.493304	-4.480938	0.074870
2.493344	-4.484478	0.068700
2.493374	-4.493668	0.090760
2.493414	-4.485538	0.074000
2.493484	-4.487668	0.086470
2.493514	-4.485458	0.080200
2.493554	-4.494818	0.082790
2.493584	-4.489248	0.086020
2.493584	-4.477748	0.081920
2.493584	-4.477228	0.069510
2.493624	-4.485428	0.090220
2.493644	-4.487648	0.093090
2.493654	-4.491878	0.074100
2.493654	-4.486968	0.081640
2.493694	-4.494228	0.076060
2.493764	-4.484308	0.074910
2.493784	-4.492448	0.091920
2.493794	-4.489668	0.088890
2.493794	-4.484268	0.089240
2.493794	-4.481258	0.078170
2.493794	-4.478208	0.083850
2.493794	-4.476598	0.083810
2.493834	-4.488618	0.081220
2.493834	-4.483258	0.087280
2.493834	-4.475648	0.081390
2.493864	-4.499758	0.089100
2.493864	-4.491408	0.080990
2.493864	-4.491208	0.087490
2.493864	-4.484798	0.087310
2.493864	-4.481748	0.087740
2.493904	-4.491208	0.089380
2.493904	-4.490128	0.072630
2.493914	-4.479978	0.090590
2.493934	-4.494118	0.080830
2.493964	-4.480808	0.072620
2.493974	-4.485848	0.069200
2.493974	-4.478698	0.074770
2.494004	-4.490618	0.075010
2.494044	-4.492158	0.086050
2.494074	-4.484118	0.070240
2.494084	-4.477128	0.085780
2.494114	-4.490018	0.084550
2.494114	-4.487988	0.088330
2.494114	-4.486798	0.079710
2.494114	-4.479538	0.080520
2.494144	-4.491138	0.076450
2.494144	-4.489688	0.090680
2.494144	-4.487388	0.094529
2.494144	-4.482628	0.079150
2.494154	-4.496508	0.082800
2.494184	-4.495588	0.081320
2.494184	-4.494538	0.079390
2.494184	-4.486758	0.089280
2.494214	-4.488478	0.084510
2.494214	-4.486758	0.085420
2.494214	-4.486238	0.071090
2.494214	-4.481638	0.076240
2.494214	-4.476458	0.074730
2.494254	-4.494668	0.084750
2.494254	-4.485148	0.084930
2.494254	-4.476948	0.080450
2.494284	-4.484098	0.078200
2.494284	-4.481608	0.086260
2.494284	-4.479958	0.076700
2.494324	-4.488408	0.089770
2.494324	-4.481048	0.089100
2.494394	-4.492798	0.084280
2.494424	-4.492958	0.076940
2.494424	-4.479888	0.086680
2.494434	-4.487478	0.075110
2.494444	-4.483478	0.091810
2.494464	-4.488928	0.071610
2.494474	-4.493148	0.089520
2.494514	-4.489138	0.076320
2.494534	-4.482488	0.077680
2.494604	-4.478458	0.076170
2.494614	-4.491138	0.082610
2.494674	-4.486588	0.087310
2.494704	-4.477298	0.078060
2.494734	-4.488598	0.091829
2.494744	-4.487778	0.070630
2.494744	-4.483358	0.085320
2.494744	-4.480868	0.079530
2.494754	-4.481418	0.073790
2.494774	-4.489238	0.078700
2.494774	-4.487148	0.083040
2.494774	-4.485468	0.091829
2.494774	-4.484448	0.080590
2.494774	-4.476738	0.082300
2.494814	-4.487738	0.072530
2.494814	-4.485988	0.081080
2.494814	-4.484478	0.076250
2.494844	-4.489248	0.087390
2.494844	-4.479718	0.084760
2.494844	-4.478808	0.078060
2.494884	-4.491838	0.075010
2.494914	-4.478318	0.080900
2.494934	-4.490848	0.079910
2.494984	-4.490758	0.085950
2.494984	-4.481328	0.080970
2.495024	-4.479188	0.082370
2.495054	-4.485358	0.082480
2.495134	-4.487948	0.077480
2.495144	-4.486468	0.076270
2.495164	-4.485848	0.083920
2.495164	-4.483188	0.081500
2.495164	-4.482238	0.082900
2.495224	-4.486438	0.078650
2.495234	-4.480698	0.082370
2.495254	-4.486678	0.073850
2.495274	-4.494118	0.081710
2.495274	-4.477648	0.079460
2.495274	-4.477088	0.076590
2.495334	-4.485108	0.072630
2.495344	-4.493557	0.079780
2.495344	-4.493068	0.078340
2.495374	-4.491308	0.077510
2.495374	-4.482678	0.090580
2.495374	-4.482628	0.080030
2.495374	-4.481148	0.085250
2.495394	-4.488048	0.079850
2.495444	-4.484168	0.083880
2.495474	-4.490008	0.075070
2.495484	-4.488998	0.073470
2.495484	-4.487458	0.089660
2.495574	-4.482948	0.088150
2.495634	-4.487418	0.085690
2.495644	-4.481958	0.078570
2.495774	-4.483588	0.077400
2.495784	-4.488988	0.084130
2.495794	-4.479958	0.080900
2.495794	-4.479368	0.079460
2.495834	-4.492398	0.076380
2.495884	-4.488108	0.088210
2.495884	-4.484898	0.086980
2.495954	-4.491348	0.088250
2.495964	-4.487368	0.084080
2.495994	-4.480358	0.086910
2.496004	-4.479258	0.085630
2.496054	-4.488868	0.085730
2.496074	-4.480348	0.083740
2.496144	-4.484938	0.081460
2.496234	-4.489248	0.071200
2.496254	-4.483908	0.079770
2.496284	-4.485678	0.085620
2.496354	-4.478208	0.080380
2.496404	-4.482228	0.086920
2.496564	-4.482628	0.083780
2.496614	-4.495357	0.079910
2.496634	-4.479018	0.082760
2.496644	-4.483958	0.085750
2.497144	-4.481558	0.082120
2.497264	-4.486288	0.082150
