2.147491	-4.699663	0.277619
2.151521	-4.698513	0.277619
2.152821	-4.699773	0.278149
2.153101	-4.697813	0.277969
2.153851	-4.699023	0.279439
2.154401	-4.697243	0.278989
2.154821	-4.698263	0.277759
2.156080	-4.696513	0.279339
2.156501	-4.700683	0.278919
2.156501	-4.697533	0.278109
2.157660	-4.698863	0.278039
2.157761	-4.697603	0.279159
2.159931	-4.696923	0.277619
2.180860	-4.701723	0.257719
2.180920	-4.704733	0.256279
2.181450	-4.703363	0.256969
2.181800	-4.699843	0.258559
2.182270	-4.704013	0.255289
2.183310	-4.700473	0.257219
2.183550	-4.702183	0.254949
2.183840	-4.698933	0.257049
2.184680	-4.699843	0.255789
2.185590	-4.698753	0.254419
2.186080	-4.697313	0.254279
2.186320	-4.699803	0.256169
2.187310	-4.695083	0.251989
2.188290	-4.696303	0.253329
2.189480	-4.695113	0.251929
2.190500	-4.691503	0.246219
2.191090	-4.693743	0.249859
2.191430	-4.690133	0.247679
2.191440	-4.692303	0.247939
2.191760	-4.690943	0.245449
2.192420	-4.691293	0.247159
2.193260	-4.692093	0.248319
2.195690	-4.687323	0.238999
2.221070	-4.663153	0.213560
2.222570	-4.662244	0.211940
2.223010	-4.661104	0.210390
2.223300	-4.662884	0.209680
2.228670	-4.659834	0.204380
2.235830	-4.655254	0.198060
2.236870	-4.654264	0.197580
2.237950	-4.652973	0.196570
2.239800	-4.652964	0.193190
2.239850	-4.652964	0.194870
2.240639	-4.650924	0.193900
2.242420	-4.649664	0.192880
2.243260	-4.667683	0.185890
2.244080	-4.649934	0.192860
2.244709	-4.647054	0.191980
2.245270	-4.648544	0.192970
2.245690	-4.647304	0.190270
2.245700	-4.644574	0.191610
2.246459	-4.647094	0.192560
2.246459	-4.646774	0.188600
2.246809	-4.648444	0.190800
2.246890	-4.645594	0.190950
2.246920	-4.641844	0.188500
2.247269	-4.644154	0.192560
2.247660	-4.645434	0.188150
2.247900	-4.646594	0.189750
2.248110	-4.647544	0.188550
2.248150	-4.641314	0.190070
2.248290	-4.646934	0.186900
2.248389	-4.642994	0.190110
2.248460	-4.650994	0.188280
2.248640	-4.644814	0.190140
2.248810	-4.641664	0.187160
2.248969	-4.649894	0.189490
2.249229	-4.645804	0.188990
2.249340	-4.647304	0.185750
2.249439	-4.644464	0.187200
2.249649	-4.641274	0.185900
2.249670	-4.645933	0.190560
2.249690	-4.642434	0.188250
2.249799	-4.643194	0.186060
2.249969	-4.642964	0.191090
2.250149	-4.643554	0.189370
2.250279	-4.646304	0.184150
2.250389	-4.640964	0.189230
2.250439	-4.644524	0.184250
2.250599	-4.640894	0.184680
2.250879	-4.642574	0.186990
2.251059	-4.647304	0.182930
2.251159	-4.644294	0.188180
2.251169	-4.645484	0.182510
2.251339	-4.641174	0.182330
2.251349	-4.643634	0.183210
2.251369	-4.647124	0.188860
2.251899	-4.642784	0.188600
2.252039	-4.642084	0.185730
2.252069	-4.641414	0.183970
2.252569	-4.642074	0.182170
2.253050	-4.642324	0.180470
2.253770	-4.641464	0.185140
2.254339	-4.642994	0.182670
2.254549	-4.641334	0.178820
2.254739	-4.639104	0.179630
2.254809	-4.639074	0.181350
2.255479	-4.641104	0.180150
2.255789	-4.636054	0.174300
2.256089	-4.640164	0.178890
2.256699	-4.637594	0.178820
2.256730	-4.639223	0.177620
2.257049	-4.637924	0.176400
2.257079	-4.636194	0.172480
2.257399	-4.638744	0.175030
2.257609	-4.637214	0.177600
2.258099	-4.636404	0.175810
2.258169	-4.638144	0.173360
2.259079	-4.638044	0.175040
2.259119	-4.635284	0.175670
2.259190	-4.637234	0.172290
2.259419	-4.636894	0.173820
2.259429	-4.633844	0.170480
2.259499	-4.635144	0.173920
2.259499	-4.634484	0.172200
2.260610	-4.636294	0.172510
2.260689	-4.633324	0.169220
2.261339	-4.634784	0.169610
2.261519	-4.635224	0.171230
2.262129	-4.631574	0.165080
2.262589	-4.633234	0.169710
2.262729	-4.634134	0.167960
2.262939	-4.632344	0.167850
2.263169	-4.634384	0.166230
2.263229	-4.632064	0.164000
2.263580	-4.633274	0.165170
2.263919	-4.631364	0.166030
2.264159	-4.630694	0.164310
2.264669	-4.633714	0.163420
2.265089	-4.632784	0.164600
2.265409	-4.631944	0.162950
2.265919	-4.629924	0.163540
2.266309	-4.631334	0.164150
2.266479	-4.629084	0.162350
2.266879	-4.631314	0.160700
2.267109	-4.630694	0.162350
2.268019	-4.630024	0.159650
2.268119	-4.627754	0.158220
2.268299	-4.628314	0.161020
2.269459	-4.627194	0.157510
2.269879	-4.627644	0.160320
2.269889	-4.628524	0.158520
2.269989	-4.629534	0.156800
2.271419	-4.626344	0.155660
2.271609	-4.628534	0.155140
2.272009	-4.624424	0.152150
2.272069	-4.627294	0.154080
2.272209	-4.627204	0.156950
2.272509	-4.624734	0.154360
2.272579	-4.623014	0.148720
2.272969	-4.626714	0.155250
2.273119	-4.625834	0.153240
2.273589	-4.623754	0.150890
2.273909	-4.624144	0.152570
2.274019	-4.625554	0.151860
2.275319	-4.623934	0.151970
2.275339	-4.622454	0.149030
2.275399	-4.624874	0.150770
2.276429	-4.623784	0.149100
2.276849	-4.621194	0.147180
2.277299	-4.624584	0.147910
2.278289	-4.620564	0.146510
2.278399	-4.623884	0.149520
2.278699	-4.622764	0.148270
2.279329	-4.622644	0.146280
2.279559	-4.620594	0.147540
2.279829	-4.622644	0.143960
2.279869	-4.619904	0.145810
2.280459	-4.621144	0.143450
2.280769	-4.618964	0.143590
2.281439	-4.618634	0.142271
2.281489	-4.621614	0.142300
2.281649	-4.619834	0.145240
2.281989	-4.620344	0.141200
2.282209	-4.619954	0.142950
2.282489	-4.619074	0.140111
2.282759	-4.618654	0.143570
2.283259	-4.617204	0.140970
2.283579	-4.620574	0.140041
2.283659	-4.617614	0.139030
2.283709	-4.619104	0.141820
2.284009	-4.619474	0.138350
2.284879	-4.616534	0.139750
2.284889	-4.618884	0.140111
2.285089	-4.618244	0.137831
2.285119	-4.664023	0.217270
2.285259	-4.616814	0.141370
2.285549	-4.615494	0.135520
2.286049	-4.617504	0.139030
2.286659	-4.615134	0.136770
2.286769	-4.664444	0.217689
2.286939	-4.618194	0.136650
2.287229	-4.616784	0.137211
2.287259	-4.615484	0.138410
2.287559	-4.616594	0.134431
2.288559	-4.614954	0.137750
2.288569	-4.615744	0.135630
2.288609	-4.615464	0.133321
2.289289	-4.612864	0.130261
2.289329	-4.614014	0.135430
2.289529	-4.614014	0.133051
2.289969	-4.616334	0.132120
2.289989	-4.612864	0.131790
2.289989	-4.612614	0.134241
2.291049	-4.613874	0.132801
2.291189	-4.612354	0.128501
2.291439	-4.614284	0.131041
2.291449	-4.612734	0.129961
2.292099	-4.611694	0.132950
2.292429	-4.614424	0.129290
2.292759	-4.610784	0.131231
2.293429	-4.613404	0.127021
2.293429	-4.611134	0.129511
2.293639	-4.612154	0.130631
2.294939	-4.611034	0.129971
2.295009	-4.611274	0.126690
2.295119	-4.612604	0.127891
2.295319	-4.609734	0.128811
2.295529	-4.609634	0.126041
2.296069	-4.613014	0.124711
2.296669	-4.610934	0.125401
2.296949	-4.609764	0.124141
2.297099	-4.610404	0.121921
2.297109	-4.609564	0.127551
2.297309	-4.611524	0.123591
2.298119	-4.609144	0.126390
2.298769	-4.609474	0.122501
2.299279	-4.609794	0.120731
2.299769	-4.607104	0.122921
2.299839	-4.608964	0.126811
2.299879	-4.608324	0.119641
2.300189	-4.607634	0.124541
2.301069	-4.605684	0.117811
2.301359	-4.607874	0.119631
2.301379	-4.606444	0.121701
2.302019	-4.606164	0.119981
2.302409	-4.606994	0.118521
2.302819	-4.605184	0.117701
2.302829	-4.607374	0.116751
2.303139	-4.605044	0.119351
2.303929	-4.606124	0.115601
2.304119	-4.605984	0.120401
2.304399	-4.604514	0.118681
2.304609	-4.604405	0.117031
2.305079	-4.604944	0.115081
2.306219	-4.604374	0.118581
2.306429	-4.603004	0.115251
2.306969	-4.604544	0.111561
2.308079	-4.604744	0.110371
2.308359	-4.602834	0.114551
2.308639	-4.603334	0.109271
2.308639	-4.602094	0.112901
2.309519	-4.602824	0.108091
2.310179	-4.601434	0.111671
2.310389	-4.602454	0.109261
2.310399	-4.603594	0.106911
2.310949	-4.600554	0.110521
2.311259	-4.601454	0.105211
2.311699	-4.601834	0.107511
2.311699	-4.599254	0.105871
2.311819	-4.602874	0.105751
2.312459	-4.599924	0.109851
2.312699	-4.599324	0.104091
2.312939	-4.601834	0.105161
2.313069	-4.600054	0.106981
2.313869	-4.599464	0.102301
2.314249	-4.600364	0.105201
2.314779	-4.600474	0.103431
2.315029	-4.598284	0.101151
2.315409	-4.599084	0.104641
2.316239	-4.599844	0.100521
2.316479	-4.596335	0.100031
2.316789	-4.599784	0.098751
2.317719	-4.599204	0.099911
2.317789	-4.597765	0.102301
2.317809	-4.598764	0.097011
2.318029	-4.596844	0.096481
2.318948	-4.597614	0.095261
2.319049	-4.599184	0.098161
2.319119	-4.595694	0.095331
2.319689	-4.599104	0.096391
2.319829	-4.598734	0.094641
2.320119	-4.596444	0.093551
2.320269	-4.600674	0.097491
2.320619	-4.598174	0.093491
2.320679	-4.595144	0.092981
2.321129	-4.598634	0.096381
2.321149	-4.596944	0.092331
2.321639	-4.600264	0.095141
2.321739	-4.596754	0.088811
2.321748	-4.595444	0.091191
2.322059	-4.599194	0.093411
2.322199	-4.594104	0.096671
2.322269	-4.597244	0.091141
2.322289	-4.597494	0.095231
2.322509	-4.597784	0.087591
2.322669	-4.596214	0.089971
2.322849	-4.600474	0.093951
2.323129	-4.598154	0.092261
2.323158	-4.596384	0.088211
2.323879	-4.594494	0.096601
2.324079	-4.597434	0.091081
2.324169	-4.599044	0.093391
2.324378	-4.593194	0.095451
2.324629	-4.596104	0.088791
2.324689	-4.590184	0.091591
2.325379	-4.597524	0.089891
2.325399	-4.597624	0.092231
2.325428	-4.593264	0.094321
2.325849	-4.594864	0.088201
2.325919	-4.591304	0.094781
2.326089	-4.591234	0.096391
2.326199	-4.589544	0.090961
2.326439	-4.592845	0.092641
2.326739	-4.596054	0.091671
2.326739	-4.592765	0.086471
2.326859	-4.593825	0.096431
2.326899	-4.590355	0.092571
2.326999	-4.593194	0.094251
2.327069	-4.594284	0.091561
2.327179	-4.588565	0.088751
2.327259	-4.592954	0.084701
2.327408	-4.594384	0.089351
2.327739	-4.591794	0.088791
2.328059	-4.589305	0.091421
2.328089	-4.593294	0.090431
2.328369	-4.592034	0.091981
2.328549	-4.587974	0.088121
2.328578	-4.593104	0.087011
2.329009	-4.590375	0.083571
2.329069	-4.591234	0.089771
2.329219	-4.591744	0.087621
2.329349	-4.593934	0.093591
2.329419	-4.591054	0.091381
2.329458	-4.588744	0.089701
2.329478	-4.590934	0.085311
2.329628	-4.589764	0.088121
2.330158	-4.589374	0.084141
2.330299	-4.590074	0.090221
2.330328	-4.587235	0.087491
2.330368	-4.586535	0.085841
2.330878	-4.590675	0.084671
2.330888	-4.588674	0.087491
2.330979	-4.588855	0.082961
2.331469	-4.589414	0.085291
2.331578	-4.586044	0.082431
2.332298	-4.584604	0.084131
2.332579	-4.583245	0.082481
2.332778	-4.587455	0.081791
2.332819	-4.587495	0.083541
2.333139	-4.586044	0.085181
2.333398	-4.589024	0.082921
2.333439	-4.587235	0.078231
2.333538	-4.585725	0.081211
2.333979	-4.585024	0.084021
2.334329	-4.584325	0.082411
2.334529	-4.587774	0.081741
2.334538	-4.586114	0.077651
2.334618	-4.586095	0.079991
2.335058	-4.583454	0.081291
2.335268	-4.584625	0.079451
2.335649	-4.585285	0.081191
2.335768	-4.584734	0.077651
2.336148	-4.583804	0.076491
2.336959	-4.585045	0.078801
2.337339	-4.581875	0.081151
2.337668	-4.583174	0.074691
2.337808	-4.584395	0.077031
2.338328	-4.581785	0.075871
2.338598	-4.582354	0.073511
2.339208	-4.581064	0.074691
2.339438	-4.583565	0.075231
2.340128	-4.580344	0.073511
2.340538	-4.580835	0.071711
2.340688	-4.582014	0.074051
2.341228	-4.579375	0.072321
2.341688	-4.581175	0.072861
2.342098	-4.578725	0.071111
2.343818	-4.579425	0.070461
2.344088	-4.577274	0.070501
2.345028	-4.576665	0.069311
2.346058	-4.577345	0.068091
2.346128	-4.575625	0.066941
2.347808	-4.574775	0.066891
2.348418	-4.574034	0.068151
2.348578	-4.575755	0.068161
2.348728	-4.574054	0.065711
2.349668	-4.573604	0.066871
2.349728	-4.572964	0.063301
2.349868	-4.575014	0.070531
2.350518	-4.572604	0.069241
2.350878	-4.571894	0.063311
2.351438	-4.573385	0.068031
2.351648	-4.573624	0.065611
2.351758	-4.571665	0.062091
2.352328	-4.572375	0.064341
2.352408	-4.572335	0.066761
2.353018	-4.571174	0.065531
2.353278	-4.571144	0.062051
2.353438	-4.570635	0.060261
2.353738	-4.571775	0.064281
2.354518	-4.569694	0.060861
2.354568	-4.569454	0.059081
2.354848	-4.571795	0.059621
2.354988	-4.571015	0.065451
2.355708	-4.569955	0.064191
2.355988	-4.567715	0.057851
2.356088	-4.570365	0.061761
2.356608	-4.569034	0.062921
2.357118	-4.566715	0.057861
2.357168	-4.569545	0.057811
2.357868	-4.568024	0.057202
2.357898	-4.568495	0.061671
2.358418	-4.567485	0.060411
2.359448	-4.565985	0.056602
2.359458	-4.566895	0.059181
2.360278	-4.566845	0.055381
2.360308	-4.565265	0.053601
2.360458	-4.565105	0.055381
2.361118	-4.563615	0.054771
2.362028	-4.562925	0.053561
2.362128	-4.564184	0.052361
2.363838	-4.563755	0.052902
2.364148	-4.563535	0.055321
2.364608	-4.561925	0.051101
2.365498	-4.561695	0.054021
2.365628	-4.563325	0.054072
2.366078	-4.560295	0.049871
2.366538	-4.561885	0.050451
2.366678	-4.561445	0.048031
2.367158	-4.561465	0.052771
2.367508	-4.559725	0.049831
2.368758	-4.561325	0.051522
2.368848	-4.559495	0.046191
2.368868	-4.559565	0.048602
2.369698	-4.560855	0.047982
2.369858	-4.562245	0.050262
2.370058	-4.558575	0.047982
2.370328	-4.557835	0.046182
2.370738	-4.559875	0.047362
2.372078	-4.558215	0.048942
2.372358	-4.557345	0.044311
2.372538	-4.558395	0.046122
2.373228	-4.556695	0.043091
2.373678	-4.555775	0.044272
2.373728	-4.558715	0.044861
2.374028	-4.556355	0.048852
2.374328	-4.557385	0.044252
2.375008	-4.554235	0.042452
2.375138	-4.555595	0.043632
2.375248	-4.557455	0.046401
2.375898	-4.556375	0.045132
2.376488	-4.555255	0.039992
2.376788	-4.553395	0.041182
2.377118	-4.554165	0.046291
2.377478	-4.553065	0.045032
2.377688	-4.554265	0.042372
2.377838	-4.554765	0.045042
2.378368	-4.553825	0.043822
2.378408	-4.553915	0.038712
2.378488	-4.552395	0.039942
2.378738	-4.553385	0.041122
2.378968	-4.552915	0.042561
2.379068	-4.555415	0.041702
2.379678	-4.552355	0.038052
2.380178	-4.552965	0.039892
2.380308	-4.554035	0.041072
2.380728	-4.551695	0.039242
2.381368	-4.550305	0.038642
2.381608	-4.552285	0.036172
2.381808	-4.552065	0.037992
2.382058	-4.553125	0.039832
2.382338	-4.550795	0.036782
2.382858	-4.550095	0.038782
2.384048	-4.549985	0.035512
2.384438	-4.549995	0.038722
2.384478	-4.550545	0.037322
2.384968	-4.549065	0.037502
2.385708	-4.547745	0.035472
2.387408	-4.546785	0.035422
2.387428	-4.548105	0.034192
2.387938	-4.549575	0.037402
2.388618	-4.548535	0.036172
2.389298	-4.547685	0.034902
2.389728	-4.547335	0.032902
2.390308	-4.548435	0.036112
2.390438	-4.545885	0.034112
2.391248	-4.546855	0.031672
2.391428	-4.548045	0.034072
2.392467	-4.545715	0.032832
2.392618	-4.546735	0.029772
2.393478	-4.545085	0.031572
2.394128	-4.545105	0.029732
2.394678	-4.544015	0.030952
2.395038	-4.546055	0.032752
2.395818	-4.544185	0.029692
2.397268	-4.544215	0.032062
2.397338	-4.543945	0.029642
2.397938	-4.542685	0.030822
2.399218	-4.541565	0.031422
