2.144442	-4.083499	-0.218360
2.145392	-4.080399	-0.219610
2.145462	-4.081979	-0.222240
2.146382	-4.080349	-0.221950
2.146442	-4.081629	-0.219280
2.146653	-4.079089	-0.223050
2.146722	-4.080709	-0.223610
2.146722	-4.067509	-0.208530
2.147152	-4.067109	-0.204310
2.147172	-4.068839	-0.204460
2.147172	-4.066159	-0.205780
2.147272	-4.068079	-0.207120
2.147582	-4.064349	-0.208160
2.147632	-4.078569	-0.218460
2.147703	-4.080598	-0.217370
2.147703	-4.079509	-0.224070
2.147742	-4.066389	-0.209440
2.147852	-4.069619	-0.207880
2.147872	-4.066159	-0.207270
2.147972	-4.080859	-0.219890
2.147992	-4.069769	-0.203540
2.148042	-4.083489	-0.219070
2.148192	-4.069969	-0.205750
2.148262	-4.067639	-0.208250
2.148332	-4.070969	-0.208600
2.148413	-4.077639	-0.223440
2.148522	-4.067948	-0.204510
2.148542	-4.076749	-0.221110
2.148582	-4.081129	-0.223960
2.148702	-4.080609	-0.221890
2.148742	-4.067339	-0.206640
2.148892	-4.074009	-0.209350
2.148972	-4.082909	-0.217990
2.149022	-4.070989	-0.207030
2.149212	-4.078849	-0.217730
2.149352	-4.076219	-0.216570
2.149382	-4.080459	-0.225540
2.149412	-4.070559	-0.203730
2.149682	-4.071729	-0.209320
2.149692	-4.084569	-0.218780
2.149762	-4.065049	-0.204630
2.149812	-4.070399	-0.208390
2.149882	-4.072709	-0.205350
2.149892	-4.077709	-0.224690
2.149912	-4.070369	-0.205320
2.150002	-4.068009	-0.203540
2.150372	-4.068149	-0.210120
2.150372	-4.067639	-0.205190
2.150402	-4.078739	-0.214260
2.150502	-4.074369	-0.209630
2.150562	-4.068639	-0.208570
2.150602	-4.084809	-0.217250
2.150692	-4.078609	-0.223760
2.150722	-4.080359	-0.224280
2.150722	-4.072228	-0.208280
2.150792	-4.077129	-0.216990
2.150802	-4.066279	-0.206070
2.150862	-4.076079	-0.215830
2.150922	-4.069099	-0.207000
2.151332	-4.095549	-0.249360
2.151382	-4.070859	-0.209030
2.151402	-4.075389	-0.210390
2.151522	-4.072989	-0.209600
2.151632	-4.083049	-0.218600
2.151632	-4.070229	-0.205670
2.151692	-4.094079	-0.250270
2.151912	-4.078599	-0.215200
2.151933	-4.069479	-0.208770
2.152052	-4.076969	-0.210580
2.152083	-4.072499	-0.207320
2.152122	-4.078569	-0.216850
2.152152	-4.071909	-0.205630
2.152342	-4.081779	-0.220420
2.152472	-4.066859	-0.204440
2.152532	-4.074289	-0.208910
2.152753	-4.082389	-0.217370
2.152852	-4.087539	-0.224660
2.152872	-4.069699	-0.207240
2.152922	-4.076429	-0.216150
2.152982	-4.082559	-0.213150
2.152992	-4.075769	-0.208780
2.153052	-4.082349	-0.219010
2.153052	-4.078129	-0.211340
2.153062	-4.080539	-0.213740
2.153142	-4.067349	-0.208820
2.153142	-4.066969	-0.205920
2.153202	-4.075129	-0.207390
2.153382	-4.078009	-0.216150
2.153422	-4.072999	-0.208300
2.153422	-4.071769	-0.206620
2.153442	-4.068779	-0.206120
2.153562	-4.081919	-0.214460
2.153632	-4.073669	-0.206830
2.153703	-4.071169	-0.208230
2.153802	-4.080639	-0.215470
2.153912	-4.067899	-0.204960
2.153942	-4.083509	-0.218360
2.153982	-4.065609	-0.205320
2.154122	-4.065529	-0.207040
2.154232	-4.069659	-0.204630
2.154313	-4.085969	-0.215060
2.154342	-4.075399	-0.210330
2.154362	-4.080359	-0.212030
2.154472	-4.077469	-0.210130
2.154582	-4.070059	-0.206880
2.154592	-4.071649	-0.204820
2.154622	-4.079919	-0.214390
2.154632	-4.082239	-0.212570
2.154652	-4.079339	-0.210670
2.154822	-4.084209	-0.214540
2.154892	-4.087328	-0.223300
2.155242	-4.066019	-0.208020
2.155272	-4.079369	-0.215940
2.155272	-4.067069	-0.203920
2.155312	-4.068679	-0.208050
2.155422	-4.068119	-0.206200
2.155523	-4.086139	-0.221550
2.155552	-4.083929	-0.219270
2.155562	-4.082669	-0.216380
2.155602	-4.070909	-0.208700
2.155672	-4.070579	-0.204300
2.155682	-4.073049	-0.209940
2.155732	-4.085019	-0.220390
2.155772	-4.068499	-0.204110
2.155922	-4.085439	-0.215040
2.156052	-4.071029	-0.207080
2.156073	-4.081649	-0.213580
2.156112	-4.066548	-0.206260
2.156222	-4.080989	-0.215830
2.156302	-4.084179	-0.216090
2.156302	-4.083569	-0.220920
2.156612	-4.085849	-0.216670
2.156623	-4.073219	-0.204610
2.156802	-4.068859	-0.206400
2.156812	-4.069179	-0.207880
2.156922	-4.067039	-0.207840
2.157132	-4.083729	-0.212770
2.157232	-4.082179	-0.215380
2.157412	-4.065249	-0.205560
2.157602	-4.087159	-0.218770
2.157732	-4.085229	-0.222320
2.157833	-4.086799	-0.224130
2.157902	-4.083749	-0.222730
2.158002	-4.085549	-0.217420
2.158102	-4.075699	-0.202790
2.158432	-4.076929	-0.204030
2.158532	-4.089119	-0.225650
2.158832	-4.085709	-0.219710
2.159212	-4.091809	-0.222720
2.159323	-4.091259	-0.224220
2.159323	-4.087099	-0.224880
2.159682	-4.086709	-0.223200
2.159692	-4.105269	-0.248010
2.159962	-4.089159	-0.222310
2.160072	-4.104709	-0.243480
2.160102	-4.086609	-0.215940
2.160392	-4.105729	-0.246250
2.160532	-4.089809	-0.223730
2.161052	-4.093139	-0.224840
2.161132	-4.088388	-0.225150
2.161232	-4.083889	-0.225260
2.161353	-4.089859	-0.222320
2.161412	-4.090119	-0.226590
2.161563	-4.091379	-0.224360
2.161763	-4.105059	-0.244400
2.162412	-4.088559	-0.222520
2.162422	-4.101299	-0.231980
2.162522	-4.093179	-0.226390
2.162562	-4.089149	-0.223910
2.162772	-4.106049	-0.247750
2.162792	-4.092329	-0.225030
2.162822	-4.103549	-0.245800
2.162822	-4.099839	-0.231470
2.163302	-4.098579	-0.234650
2.163332	-4.105009	-0.246560
2.163622	-4.102109	-0.232690
2.164042	-4.100509	-0.233640
2.164202	-4.108579	-0.250420
2.164352	-4.105799	-0.245730
2.164462	-4.101249	-0.237190
2.164532	-4.098389	-0.236800
2.164542	-4.101149	-0.235020
2.165022	-4.107869	-0.247900
2.165122	-4.101549	-0.238650
2.165472	-4.110639	-0.250110
2.165583	-4.105659	-0.247800
2.165592	-4.107249	-0.245230
2.165602	-4.102049	-0.241500
2.165612	-4.106779	-0.246670
2.165682	-4.107309	-0.249440
2.165762	-4.109038	-0.247200
2.165822	-4.104099	-0.242010
2.165832	-4.099208	-0.236810
2.165862	-4.101269	-0.240180
2.166152	-4.110438	-0.247780
2.166342	-4.104699	-0.244160
2.166632	-4.109299	-0.249370
2.166712	-4.105819	-0.245470
2.166902	-4.107899	-0.246710
2.167152	-4.112598	-0.251020
2.167193	-4.114209	-0.251580
2.167252	-4.109399	-0.247990
2.167432	-4.106568	-0.248670
2.167572	-4.106568	-0.246990
2.167822	-4.108079	-0.248640
2.167942	-4.111979	-0.249170
2.169153	-4.112908	-0.250740
2.169462	-4.115679	-0.252850
2.170092	-4.111649	-0.250810
2.171112	-4.115329	-0.252180
2.176442	-4.126579	-0.257750
2.177052	-4.124629	-0.256340
2.177632	-4.130889	-0.259850
2.178012	-4.129909	-0.260990
2.178512	-4.129068	-0.258030
2.178752	-4.204879	-0.469330
2.178822	-4.125179	-0.256280
2.179352	-4.131209	-0.259640
2.179462	-4.127909	-0.257890
2.179912	-4.129709	-0.260590
2.180092	-4.132119	-0.260660
2.180932	-4.206209	-0.465930
2.180952	-4.129209	-0.257790
2.182002	-4.130439	-0.260340
2.182212	-4.130699	-0.258660
2.182232	-4.206969	-0.468700
2.182252	-4.206979	-0.466840
2.182292	-4.132439	-0.260340
2.182432	-4.205369	-0.470170
2.182502	-4.205369	-0.466660
2.183282	-4.205229	-0.468770
2.183462	-4.203919	-0.466240
2.183732	-4.207369	-0.465860
2.183882	-4.131699	-0.258970
2.184222	-4.205649	-0.466240
2.184262	-4.133839	-0.262870
2.184432	-4.206169	-0.467930
2.184472	-4.133279	-0.261150
2.185062	-4.207679	-0.464950
2.185072	-4.203868	-0.464990
2.185442	-4.141559	-0.261070
2.185492	-4.138909	-0.261410
2.185512	-4.131899	-0.260850
2.185632	-4.206629	-0.463720
2.185823	-4.208609	-0.461880
2.185882	-4.132029	-0.186060
2.186052	-4.133439	-0.260520
2.186092	-4.130569	-0.188790
2.186112	-4.133189	-0.188420
2.186232	-4.134169	-0.185700
2.186642	-4.134609	-0.262520
2.186832	-4.139559	-0.260680
2.186962	-4.207369	-0.463860
2.186962	-4.136709	-0.191690
2.186992	-4.138919	-0.262220
2.187022	-4.143489	-0.263780
2.187152	-4.141029	-0.261960
2.187183	-4.138429	-0.190890
2.187342	-4.133419	-0.261850
2.187352	-4.142609	-0.261790
2.187362	-4.207769	-0.460760
2.187402	-4.136509	-0.185420
2.187492	-4.133919	-0.186900
2.187702	-4.141319	-0.263410
2.188062	-4.134599	-0.188700
2.188252	-4.134989	-0.261740
2.188292	-4.206589	-0.463510
2.188312	-4.135809	-0.187140
2.188322	-4.109659	-0.200630
2.188412	-4.138589	-0.184530
2.188682	-4.142659	-0.263300
2.188782	-4.140129	-0.261480
2.188832	-4.134919	-0.192750
2.188882	-4.137619	-0.189860
2.188952	-4.143939	-0.264580
2.188962	-4.137449	-0.188240
2.189062	-4.135939	-0.190910
2.189122	-4.146019	-0.264340
2.189162	-4.134779	-0.189790
2.189362	-4.105199	-0.200320
2.189582	-4.141799	-0.265600
2.189643	-4.215199	-0.452940
2.189792	-4.217019	-0.451830
2.189812	-4.140249	-0.184210
2.189852	-4.106679	-0.200520
2.189862	-4.135899	-0.261530
2.189892	-4.108429	-0.201230
2.189982	-4.109959	-0.200790
2.190082	-4.138989	-0.188140
2.190092	-4.213809	-0.452530
2.190212	-4.140988	-0.187280
2.190322	-4.108139	-0.202920
2.190393	-4.110438	-0.203670
2.190432	-4.137449	-0.189160
2.190452	-4.105649	-0.204370
2.190482	-4.104799	-0.205970
2.190482	-4.103959	-0.200320
2.190542	-4.141919	-0.183850
2.190602	-4.135729	-0.190210
2.190672	-4.216899	-0.450530
2.190792	-4.106859	-0.201720
2.190853	-4.110279	-0.202030
2.190952	-4.105359	-0.201040
2.191132	-4.218059	-0.449600
2.191492	-4.107619	-0.205620
2.191522	-4.219349	-0.447930
2.191522	-4.105189	-0.203290
2.191542	-4.109859	-0.206150
2.191582	-4.106968	-0.203480
2.191722	-4.136749	-0.261850
2.191772	-4.108909	-0.203110
2.191793	-4.143389	-0.183490
2.191793	-4.109149	-0.204790
2.191902	-4.215339	-0.450980
2.192042	-4.136639	-0.190070
2.192112	-4.110739	-0.205000
2.192122	-4.104409	-0.200490
2.192172	-4.110969	-0.201030
2.192172	-4.105908	-0.204530
2.192442	-4.144949	-0.182530
2.192562	-4.220989	-0.445550
2.192642	-4.105749	-0.202330
2.192902	-4.222409	-0.443850
2.193232	-4.109599	-0.201930
2.193342	-4.104959	-0.203450
2.193402	-4.108779	-0.204910
2.193442	-4.110088	-0.203350
2.193442	-4.105009	-0.201210
2.193452	-4.106699	-0.205850
2.193713	-4.219699	-0.445200
2.193752	-4.221969	-0.442580
2.193792	-4.102809	-0.203860
2.193892	-4.110529	-0.205880
2.193972	-4.105649	-0.204690
2.193992	-4.158429	-0.270200
2.194032	-4.220909	-0.444270
2.194182	-4.159739	-0.271870
2.194533	-4.161799	-0.272400
2.194583	-4.224029	-0.441530
2.194682	-4.147569	-0.181770
2.194692	-4.111379	-0.207300
2.194802	-4.106119	-0.207430
2.194822	-4.108739	-0.203550
2.194832	-4.225449	-0.440560
2.194842	-4.107649	-0.202140
2.194892	-4.107569	-0.206610
2.195212	-4.105339	-0.202500
2.195313	-4.103729	-0.205740
2.195332	-4.163249	-0.271800
2.195372	-4.149179	-0.181370
2.195492	-4.108728	-0.205040
2.195512	-4.161659	-0.273910
2.195692	-4.225069	-0.438590
2.195692	-4.110209	-0.203330
2.195722	-4.103549	-0.202960
2.195872	-4.104819	-0.207630
2.195982	-4.106229	-0.206020
2.196102	-4.100749	-0.208790
2.196192	-4.106599	-0.202390
2.196212	-4.101239	-0.206050
2.196402	-4.108678	-0.198620
2.196432	-4.108449	-0.206810
2.196442	-4.110939	-0.204640
2.196522	-4.159389	-0.272050
2.196662	-4.167449	-0.274960
2.196662	-4.103349	-0.208950
2.196762	-4.104599	-0.205380
2.196772	-4.107069	-0.198850
2.196802	-4.164189	-0.273770
2.196912	-4.108049	-0.200080
2.196942	-4.109689	-0.205530
2.196982	-4.160959	-0.272010
2.197082	-4.103249	-0.204710
2.197122	-4.100739	-0.203390
2.197162	-4.106679	-0.201090
2.197252	-4.111719	-0.205920
2.197553	-4.151789	-0.181180
2.197692	-4.108299	-0.202060
2.197752	-4.109119	-0.200800
2.197782	-4.162649	-0.176510
2.197802	-4.102089	-0.201430
2.197822	-4.107439	-0.206850
2.197822	-4.101069	-0.208580
2.197893	-4.109059	-0.206510
2.197942	-4.103439	-0.205950
2.197962	-4.105059	-0.206660
2.198212	-4.162819	-0.273520
2.198282	-4.164989	-0.274120
2.198453	-4.168219	-0.275830
2.198453	-4.108139	-0.199650
2.198462	-4.104099	-0.201460
2.198482	-4.110649	-0.209370
2.198592	-4.108389	-0.203710
2.198672	-4.111029	-0.207810
2.198872	-4.109779	-0.205140
2.198892	-4.161539	-0.176680
2.198902	-4.102979	-0.199970
2.198932	-4.110069	-0.200800
2.198942	-4.108359	-0.208020
2.198952	-4.103039	-0.204320
2.199222	-4.108319	-0.202020
2.199242	-4.104039	-0.207230
2.199292	-4.106049	-0.200020
2.199332	-4.163799	-0.273940
2.199332	-4.102499	-0.207350
2.199343	-4.110409	-0.206560
2.199362	-4.101419	-0.206230
2.199402	-4.167059	-0.275100
2.199522	-4.154909	-0.179260
2.199572	-4.108289	-0.205770
2.199572	-4.100889	-0.207840
2.199722	-4.107089	-0.207540
2.199832	-4.104739	-0.198530
2.199932	-4.154549	-0.175830
2.199942	-4.104549	-0.201440
2.199992	-4.105518	-0.208400
2.200062	-4.104349	-0.204320
2.200132	-4.173649	-0.278430
2.200242	-4.173939	-0.276430
2.200242	-4.103369	-0.206110
2.200272	-4.160189	-0.175140
2.200422	-4.175519	-0.276930
2.200462	-4.108629	-0.209670
2.200492	-4.157819	-0.175550
2.200552	-4.105449	-0.206720
2.200582	-4.177209	-0.277430
2.200592	-4.156179	-0.175430
2.200622	-4.107649	-0.204390
2.200673	-4.161609	-0.174740
2.200673	-4.158819	-0.173940
2.200673	-4.156259	-0.180620
2.200772	-4.155509	-0.177700
2.200782	-4.108349	-0.202500
2.200802	-4.109469	-0.206010
2.200892	-4.105929	-0.199870
2.200922	-4.109349	-0.207850
2.200922	-4.108119	-0.200370
2.200942	-4.106809	-0.202900
2.201082	-4.103019	-0.199440
2.201112	-4.102289	-0.204440
2.201142	-4.156849	-0.178980
2.201152	-4.101729	-0.207140
2.201223	-4.107589	-0.206120
2.201223	-4.105379	-0.205000
2.201292	-4.104559	-0.207990
2.201362	-4.153919	-0.176900
2.201373	-4.101209	-0.205700
2.201382	-4.157089	-0.177300
2.201392	-4.172839	-0.278220
2.201432	-4.104289	-0.202800
2.201502	-4.105369	-0.201420
2.201512	-4.162829	-0.175290
2.201642	-4.103279	-0.205460
2.201652	-4.157409	-0.174470
2.201692	-4.112709	-0.208210
2.201712	-4.178109	-0.278100
2.202002	-4.108819	-0.206880
2.202192	-4.086069	-0.274300
2.202282	-4.156459	-0.175590
2.202292	-4.159089	-0.177510
2.202352	-4.107599	-0.208380
2.202412	-4.106959	-0.202200
2.202452	-4.152618	-0.176790
2.202572	-4.108949	-0.203310
2.202592	-4.177019	-0.280350
2.202622	-4.175959	-0.279230
2.202682	-4.160359	-0.173630
2.202832	-4.102609	-0.204230
2.202872	-4.106889	-0.207000
2.202942	-4.106889	-0.204300
2.202962	-4.104629	-0.208150
2.203082	-4.153669	-0.177810
2.203092	-4.107909	-0.205580
2.203183	-4.109629	-0.205950
2.203212	-4.180169	-0.279380
2.203252	-4.178449	-0.280850
2.203252	-4.103589	-0.203150
2.203362	-4.155289	-0.177810
2.203462	-4.174669	-0.279060
2.203572	-4.157198	-0.176880
2.203712	-4.105689	-0.203110
2.203723	-4.108669	-0.207000
2.203802	-4.086189	-0.273380
2.203952	-4.182309	-0.281930
2.204192	-4.087479	-0.274130
2.204202	-4.089189	-0.272630
2.204232	-4.176769	-0.279550
2.204232	-4.087519	-0.272450
2.204302	-4.183459	-0.282980
2.204382	-4.106218	-0.208990
2.204622	-4.156129	-0.176610
2.204692	-4.152309	-0.178190
2.204762	-4.106149	-0.206790
2.204862	-4.157869	-0.175320
2.205252	-4.180409	-0.280560
2.205293	-4.181539	-0.281690
2.205502	-4.185879	-0.282880
2.205572	-4.158579	-0.176540
2.205782	-4.187909	-0.284530
2.205792	-4.106889	-0.209150
2.205993	-4.155459	-0.177040
2.206022	-4.183709	-0.282740
2.206092	-4.156899	-0.175950
2.207392	-4.186619	-0.283160
2.207742	-4.189879	-0.284840
2.208232	-4.196429	-0.288200
2.209812	-4.196679	-0.287960
2.210023	-4.191699	-0.285610
2.210162	-4.198289	-0.288520
2.210442	-4.195519	-0.286210
2.211512	-4.247159	-0.399590
2.211562	-4.193659	-0.285960
2.211582	-4.242439	-0.403330
2.211702	-4.198639	-0.288280
2.211812	-4.239269	-0.394380
2.211872	-4.202949	-0.289470
2.211912	-4.191979	-0.285330
2.212172	-4.245029	-0.400760
2.212472	-4.197269	-0.287570
2.212522	-4.243879	-0.401710
2.212562	-4.240289	-0.402080
2.212683	-4.194569	-0.286380
2.212722	-4.200669	-0.288730
2.212752	-4.192369	-0.284100
2.212852	-4.240599	-0.394160
2.212882	-4.240609	-0.399700
2.212942	-4.240679	-0.397880
2.213102	-4.248909	-0.397300
2.213142	-4.240919	-0.396100
2.213353	-4.245869	-0.400030
2.213402	-4.241289	-0.401110
2.213532	-4.241459	-0.403640
2.213862	-4.246509	-0.398540
2.213962	-4.242989	-0.396540
2.214152	-4.199869	-0.287920
2.214162	-4.243279	-0.401560
2.214222	-4.209609	-0.290940
2.214292	-4.204669	-0.289680
2.214332	-4.249469	-0.395900
2.214642	-4.205789	-0.290760
2.214782	-4.207399	-0.291320
2.214822	-4.193139	-0.284350
2.215032	-4.244279	-0.394430
2.215202	-4.246589	-0.397250
2.215452	-4.244819	-0.395810
2.215532	-4.252259	-0.393390
2.215712	-4.249599	-0.395310
2.215822	-4.228319	-0.296760
2.215822	-4.223569	-0.296660
2.215832	-4.226569	-0.301070
2.215832	-4.208209	-0.292270
2.216062	-4.245579	-0.393580
2.216082	-4.241469	-0.400740
2.216112	-4.211359	-0.292870
2.216252	-4.208729	-0.290030
2.216402	-4.245979	-0.388750
2.216432	-4.212799	-0.292310
2.216582	-4.225989	-0.295760
2.216632	-4.228299	-0.298220
2.216642	-4.225409	-0.297600
2.216642	-4.205439	-0.289890
2.216673	-4.250618	-0.393800
2.216742	-4.221099	-0.293680
2.216752	-4.225279	-0.300330
2.216812	-4.252688	-0.392030
2.216852	-4.214169	-0.293920
2.216892	-4.222639	-0.294180
2.217033	-4.239679	-0.402700
2.217052	-4.246779	-0.392650
2.217102	-4.209609	-0.291570
2.217152	-4.246869	-0.387750
2.217172	-4.221979	-0.297390
2.217172	-4.217739	-0.295630
2.217312	-4.248099	-0.389200
2.217342	-4.219199	-0.293310
2.217462	-4.248269	-0.392950
2.217552	-4.240589	-0.401510
2.217622	-4.248449	-0.391160
2.217642	-4.223909	-0.297490
2.217662	-4.225649	-0.293130
2.217672	-4.226679	-0.298460
2.217732	-4.220859	-0.295070
2.217942	-4.207369	-0.290270
2.217972	-4.225229	-0.296490
2.218112	-4.224019	-0.295480
2.218132	-4.253449	-0.390600
2.218132	-4.228479	-0.296940
2.218152	-4.242169	-0.399760
2.218152	-4.214519	-0.293180
2.218152	-4.204599	-0.289080
2.218212	-4.228209	-0.298690
2.218233	-4.249199	-0.387040
2.218362	-4.217529	-0.294340
2.218362	-4.215989	-0.294300
2.218392	-4.212899	-0.293110
2.218402	-4.225649	-0.294550
2.218462	-4.220749	-0.296620
2.218473	-4.219609	-0.294660
2.218562	-4.227339	-0.295020
2.218902	-4.250069	-0.389130
2.219162	-4.244619	-0.396820
2.219202	-4.240279	-0.401690
2.219262	-4.254669	-0.388400
2.219272	-4.222399	-0.295670
2.219282	-4.249569	-0.392810
2.219302	-4.241359	-0.400570
2.219512	-4.242449	-0.398880
2.219732	-4.223839	-0.296530
2.219762	-4.251089	-0.385710
2.219792	-4.227728	-0.295790
2.219832	-4.246719	-0.394500
2.219832	-4.229469	-0.296920
2.219922	-4.256809	-0.386670
2.219932	-4.218409	-0.295210
2.220092	-4.231399	-0.299300
2.220153	-4.220959	-0.296340
2.220222	-4.216129	-0.293990
2.220262	-4.234519	-0.298320
2.220322	-4.225279	-0.297360
2.220432	-4.229478	-0.300400
2.220432	-4.222438	-0.296900
2.220502	-4.245529	-0.395450
2.220502	-4.219839	-0.295140
2.220692	-4.252249	-0.382930
2.221022	-4.243739	-0.396920
2.221103	-4.257899	-0.384470
2.221172	-4.252789	-0.381220
2.221172	-4.232729	-0.300200
2.221302	-4.259699	-0.383470
2.221482	-4.226049	-0.299560
2.221512	-4.223839	-0.297840
2.221542	-4.230739	-0.297570
2.221552	-4.245879	-0.394080
2.221552	-4.227728	-0.299600
2.221692	-4.226539	-0.296790
2.221792	-4.221669	-0.295560
2.221832	-4.229199	-0.297950
2.221882	-4.260379	-0.381980
2.221942	-4.253759	-0.380220
2.221942	-4.253749	-0.378400
2.221942	-4.223349	-0.295470
2.222222	-4.254098	-0.376620
2.222242	-4.232609	-0.298050
2.222332	-4.234499	-0.297780
2.222602	-4.235949	-0.298290
2.222602	-4.225348	-0.297740
2.222812	-4.230569	-0.299490
2.223192	-4.226889	-0.298750
2.223292	-4.255399	-0.376360
2.223372	-4.247109	-0.392650
2.223582	-4.248159	-0.391520
2.223582	-4.234319	-0.301660
2.223673	-4.261449	-0.379860
2.223712	-4.263609	-0.377390
2.223832	-4.228849	-0.299280
2.223972	-4.262769	-0.378970
2.224042	-4.225589	-0.296930
2.224073	-4.227759	-0.297560
2.224142	-4.249179	-0.389770
2.224352	-4.236309	-0.299770
2.224372	-4.233909	-0.298600
2.224432	-4.232379	-0.298730
2.224512	-4.238199	-0.299500
2.224632	-4.231229	-0.299770
2.224672	-4.250089	-0.388540
2.224762	-4.264889	-0.375150
2.224883	-4.257369	-0.375620
2.224883	-4.246299	-0.392260
2.224902	-4.257379	-0.373770
2.224912	-4.232849	-0.300860
2.225222	-4.263369	-0.376870
2.225302	-4.248439	-0.391170
2.225372	-4.231479	-0.297440
2.225442	-4.258059	-0.372090
2.225512	-4.235118	-0.301380
2.225742	-4.239089	-0.300170
2.225862	-4.249349	-0.389390
2.225942	-4.240569	-0.300680
2.226172	-4.236099	-0.300230
2.226202	-4.259009	-0.370460
2.226592	-4.263849	-0.374810
2.226732	-4.250719	-0.387600
2.226912	-4.234249	-0.300020
2.226922	-4.260779	-0.372060
2.226942	-4.265209	-0.373210
2.226982	-4.259939	-0.368870
2.227012	-4.232459	-0.299950
2.227402	-4.235859	-0.301100
2.227492	-4.267929	-0.369980
2.227622	-4.260729	-0.365970
2.227682	-4.269689	-0.368310
2.227682	-4.256009	-0.380900
2.227822	-4.254329	-0.383040
2.228032	-4.261259	-0.368580
2.228102	-4.265939	-0.371120
2.228143	-4.251599	-0.385640
2.228143	-4.233909	-0.298490
2.228232	-4.262419	-0.367540
2.228322	-4.261599	-0.363710
2.228382	-4.253169	-0.383990
2.228452	-4.249879	-0.387180
2.228722	-4.268539	-0.368620
2.228782	-4.263069	-0.368950
2.228912	-4.255209	-0.381710
2.228942	-4.264219	-0.357360
2.229122	-4.244339	-0.303120
2.229153	-4.256259	-0.380060
2.229212	-4.262679	-0.364610
2.229232	-4.247869	-0.303320
2.229872	-4.267109	-0.368970
2.230122	-4.263759	-0.361160
2.230342	-4.258179	-0.377080
2.230502	-4.267409	-0.367580
2.230552	-4.264319	-0.363160
2.230832	-4.263609	-0.355660
2.230832	-4.246649	-0.304150
2.230842	-4.273399	-0.361700
2.231002	-4.265799	-0.362830
2.231182	-4.256958	-0.378520
2.231202	-4.265139	-0.360900
2.231312	-4.271939	-0.362690
2.231522	-4.268759	-0.366040
2.231542	-4.259589	-0.375230
2.231712	-4.272569	-0.364000
2.231922	-4.248579	-0.304610
2.231962	-4.244829	-0.303910
2.232252	-4.266399	-0.359350
2.232272	-4.250089	-0.306220
2.232333	-4.270749	-0.363690
2.232422	-4.250769	-0.304550
2.232512	-4.267649	-0.360170
2.232622	-4.258779	-0.376070
2.232673	-4.274088	-0.362450
2.232802	-4.259829	-0.374420
2.232852	-4.268098	-0.362170
2.233042	-4.261479	-0.372210
2.233202	-4.268509	-0.358530
2.233223	-4.254849	-0.305390
2.233482	-4.271689	-0.362220
2.233522	-4.251959	-0.305840
2.233812	-4.269299	-0.359980
2.233812	-4.243359	-0.303560
2.233862	-4.274819	-0.360350
2.233962	-4.272359	-0.360770
2.233972	-4.269489	-0.357530
2.234122	-4.267659	-0.353560
2.234202	-4.260078	-0.373580
2.234232	-4.250299	-0.306460
2.234443	-4.261759	-0.371370
2.234443	-4.254009	-0.307660
2.234593	-4.270608	-0.359770
2.234692	-4.249039	-0.305240
2.234762	-4.254569	-0.306240
2.234812	-4.272129	-0.359500
2.234962	-4.271679	-0.353600
2.235112	-4.262739	-0.369620
2.235382	-4.274859	-0.359100
2.235542	-4.270449	-0.356610
2.235582	-4.270499	-0.354760
2.235603	-4.269529	-0.350900
2.235632	-4.269519	-0.352750
2.235812	-4.253209	-0.306850
2.235882	-4.273619	-0.356590
2.235992	-4.251029	-0.305620
2.236203	-4.258389	-0.307170
2.236203	-4.257968	-0.309130
2.236242	-4.255799	-0.306560
2.236312	-4.272328	-0.355130
2.236342	-4.273378	-0.352160
2.236342	-4.265889	-0.365060
2.236553	-4.263619	-0.368250
2.236652	-4.273169	-0.358120
2.236732	-4.273859	-0.350420
2.236792	-4.259449	-0.309620
2.236812	-4.272049	-0.353280
2.237002	-4.274349	-0.355860
2.237182	-4.254539	-0.306640
2.237322	-4.274589	-0.348750
2.237363	-4.273659	-0.353580
2.237422	-4.268279	-0.361630
2.237482	-4.271799	-0.350240
2.237482	-4.259309	-0.307760
2.237492	-4.256679	-0.307240
2.237563	-4.270749	-0.355830
2.237672	-4.252259	-0.306500
2.237842	-4.258219	-0.308850
2.237882	-4.260989	-0.310040
2.237913	-4.250649	-0.305830
2.238122	-4.263299	-0.367380
2.238262	-4.272779	-0.348610
2.238262	-4.264419	-0.366290
2.238332	-4.275819	-0.347790
2.238332	-4.261999	-0.308920
2.238402	-4.263719	-0.311130
2.238482	-4.272259	-0.355650
2.238542	-4.270099	-0.359280
2.238722	-4.275319	-0.350870
2.238902	-4.267398	-0.361840
2.238973	-4.266879	-0.363490
2.239002	-4.262459	-0.310460
2.239162	-4.264049	-0.308640
2.239422	-4.265189	-0.311580
2.239422	-4.260078	-0.309200
2.239533	-4.271319	-0.354520
2.239742	-4.266669	-0.312110
2.239802	-4.275709	-0.349210
2.239902	-4.277749	-0.347610
2.239972	-4.275919	-0.347390
2.239992	-4.266049	-0.309090
2.240052	-4.261649	-0.309160
2.240092	-4.258289	-0.308500
2.240442	-4.269189	-0.359420
2.240612	-4.264419	-0.310780
2.240722	-4.278789	-0.346020
2.240822	-4.262669	-0.310140
2.240892	-4.269539	-0.313120
2.240902	-4.277989	-0.344680
2.240932	-4.271189	-0.356650
2.241172	-4.270099	-0.358190
2.241402	-4.274309	-0.312110
2.241633	-4.270489	-0.311370
2.241732	-4.266739	-0.311790
2.241732	-4.265229	-0.310070
2.241742	-4.277079	-0.346510
2.241742	-4.271319	-0.309130
2.241872	-4.268609	-0.309540
2.241892	-4.279189	-0.344320
2.241902	-4.280229	-0.345730
2.242192	-4.263549	-0.309930
2.242322	-4.267479	-0.308400
2.242412	-4.280869	-0.343990
2.242582	-4.273099	-0.311680
2.242612	-4.262279	-0.308740
2.242662	-4.275029	-0.312780
2.242692	-4.266639	-0.309880
2.242752	-4.269149	-0.311160
2.242792	-4.270799	-0.356790
2.242843	-4.277399	-0.345440
2.242883	-4.270279	-0.309400
2.242992	-4.279609	-0.342020
2.243002	-4.272479	-0.353530
2.243212	-4.274589	-0.350800
2.243212	-4.268029	-0.312110
2.243272	-4.277339	-0.313150
2.243312	-4.273349	-0.309640
2.243403	-4.282069	-0.343660
2.243422	-4.271219	-0.355040
2.243492	-4.276649	-0.348100
2.243672	-4.276269	-0.312010
2.243762	-4.273839	-0.312350
2.243912	-4.269469	-0.312600
2.244082	-4.271569	-0.313190
2.244152	-4.273389	-0.352240
2.244263	-4.275459	-0.349540
2.244332	-4.269399	-0.310880
2.244402	-4.282299	-0.341330
2.244442	-4.283389	-0.343370
2.244692	-4.275488	-0.310140
2.244702	-4.280709	-0.342370
2.244752	-4.276898	-0.347290
2.244752	-4.270908	-0.311410
2.244832	-4.280859	-0.340550
2.244852	-4.278409	-0.344600
2.244963	-4.266629	-0.310670
2.244992	-4.272709	-0.309900
2.245052	-4.274269	-0.311020
2.245072	-4.278589	-0.309710
2.245122	-4.280169	-0.344230
2.245172	-4.279989	-0.314970
2.245292	-4.275409	-0.313140
2.245342	-4.273429	-0.312280
2.245552	-4.268029	-0.311160
2.245712	-4.276559	-0.312100
2.245802	-4.270099	-0.312280
2.245872	-4.277669	-0.346030
2.245872	-4.274519	-0.348630
2.245872	-4.273459	-0.314030
2.245902	-4.284149	-0.339260
2.245902	-4.276129	-0.348140
2.245912	-4.283179	-0.337880
2.245942	-4.281869	-0.315450
2.246012	-4.276059	-0.315230
2.246142	-4.282449	-0.336550
2.246302	-4.277549	-0.313520
2.246323	-4.277069	-0.310720
2.246402	-4.274379	-0.311790
2.246432	-4.279209	-0.344320
2.246573	-4.280229	-0.342140
2.246602	-4.280329	-0.311620
2.246682	-4.271679	-0.312740
2.246752	-4.277699	-0.312030
2.246992	-4.277389	-0.315650
2.247022	-4.285499	-0.338930
2.247132	-4.283689	-0.335590
2.247212	-4.280099	-0.315840
2.247272	-4.270379	-0.312070
2.247292	-4.280109	-0.313070
2.247362	-4.284959	-0.336410
2.247383	-4.282178	-0.313470
2.247592	-4.275219	-0.314350
2.247802	-4.277248	-0.346170
2.247942	-4.279419	-0.342950
2.247973	-4.280329	-0.341340
2.248083	-4.278859	-0.314490
2.248292	-4.272969	-0.313050
2.248352	-4.281569	-0.312270
2.248522	-4.286429	-0.335490
2.248522	-4.282909	-0.314130
2.248572	-4.281949	-0.317190
2.248642	-4.281399	-0.314870
2.248742	-4.280159	-0.316520
2.248812	-4.285029	-0.318910
2.248812	-4.278089	-0.342180
2.249152	-4.286149	-0.333670
2.249202	-4.277429	-0.315260
2.249202	-4.275879	-0.314100
2.249232	-4.274869	-0.312980
2.249262	-4.286269	-0.331810
2.249372	-4.283869	-0.315470
2.249442	-4.282359	-0.315730
2.249693	-4.277879	-0.313540
2.249762	-4.278969	-0.314670
2.249832	-4.280539	-0.314170
2.250222	-4.287479	-0.320380
2.250262	-4.285348	-0.316820
2.250292	-4.288149	-0.325320
2.250502	-4.282049	-0.314670
2.250572	-4.276619	-0.312810
2.250652	-4.287569	-0.316350
2.250672	-4.277669	-0.315020
2.250782	-4.274549	-0.312140
2.250812	-4.283559	-0.317960
2.250852	-4.279699	-0.315610
2.250952	-4.279249	-0.340180
2.251103	-4.286429	-0.315170
2.251192	-4.289839	-0.316020
2.251232	-4.282769	-0.315970
2.251482	-4.286639	-0.319570
2.251762	-4.280119	-0.314390
2.251892	-4.288439	-0.326780
2.251902	-4.285439	-0.317010
2.251902	-4.282259	-0.335730
2.251952	-4.288529	-0.319280
2.252142	-4.292909	-0.317710
2.252142	-4.275739	-0.311970
2.252442	-4.288139	-0.316400
2.252472	-4.289119	-0.317540
2.252562	-4.274128	-0.311300
2.252652	-4.292919	-0.323220
2.252722	-4.290529	-0.320250
2.252742	-4.290549	-0.318400
2.252742	-4.283659	-0.333450
2.252772	-4.295089	-0.319450
2.252772	-4.285839	-0.318770
2.252812	-4.278299	-0.315230
2.252842	-4.282539	-0.316450
2.252882	-4.284119	-0.317610
2.252912	-4.282539	-0.334470
2.252982	-4.288709	-0.320700
2.253092	-4.284079	-0.315930
2.253122	-4.281459	-0.315260
2.253192	-4.289009	-0.325120
2.253312	-4.290889	-0.324950
2.253432	-4.287279	-0.318660
2.253542	-4.292619	-0.321980
2.253672	-4.292949	-0.315090
2.253692	-4.290619	-0.316130
2.253702	-4.289639	-0.322120
2.253782	-4.294029	-0.320390
2.253822	-4.295979	-0.321480
2.253862	-4.292929	-0.318180
2.253942	-4.288959	-0.319550
2.253972	-4.291009	-0.323600
2.254622	-4.293619	-0.322580
2.254672	-4.283729	-0.316730
2.254712	-4.291719	-0.316730
2.254732	-4.289939	-0.324790
2.254742	-4.289239	-0.317470
2.254852	-4.294889	-0.321720
2.254902	-4.289119	-0.320930
2.254922	-4.295009	-0.317620
2.254962	-4.289209	-0.322830
2.254983	-4.286429	-0.318420
2.255262	-4.285279	-0.317220
2.255272	-4.294689	-0.319830
2.255422	-4.293729	-0.316480
2.255512	-4.293149	-0.320010
2.255582	-4.297049	-0.320100
2.255712	-4.288119	-0.325610
2.255922	-4.295759	-0.323050
2.255962	-4.286889	-0.316630
2.256042	-4.290529	-0.323760
2.256062	-4.297328	-0.322810
2.256072	-4.293199	-0.323460
2.256072	-4.288468	-0.317750
2.256143	-4.289729	-0.321790
2.256172	-4.287379	-0.319330
2.256182	-4.295439	-0.318330
2.256393	-4.296499	-0.321590
2.256522	-4.290499	-0.317750
2.256572	-4.298499	-0.317890
2.256592	-4.293789	-0.317890
2.256662	-4.288319	-0.322030
2.256772	-4.285449	-0.316980
2.256782	-4.295139	-0.324580
2.256872	-4.297629	-0.319130
2.256982	-4.296759	-0.324340
2.257012	-4.288249	-0.320310
2.257083	-4.289829	-0.320380
2.257302	-4.291999	-0.317680
2.257332	-4.289199	-0.318660
2.257412	-4.298259	-0.320510
2.257553	-4.290569	-0.322690
2.257582	-4.289729	-0.317010
2.257832	-4.300269	-0.320460
2.257903	-4.300209	-0.318430
2.258282	-4.293408	-0.318660
2.258352	-4.297509	-0.325560
2.258422	-4.301949	-0.320940
2.258442	-4.300179	-0.321880
2.258453	-4.291669	-0.323560
2.258493	-4.290639	-0.319050
2.258503	-4.298209	-0.322190
2.258872	-4.302759	-0.318780
2.258982	-4.288819	-0.321080
2.259272	-4.301499	-0.319700
2.259382	-4.293989	-0.323630
2.259572	-4.294349	-0.317920
2.259822	-4.301659	-0.321780
2.259822	-4.291929	-0.318870
2.259982	-4.303459	-0.320240
2.260022	-4.299209	-0.322160
2.260152	-4.294689	-0.324760
2.260382	-4.289619	-0.319780
2.260432	-4.305529	-0.320550
2.260702	-4.302918	-0.321670
2.261502	-4.304439	-0.320790
2.261823	-4.294949	-0.318100
2.262552	-4.307629	-0.320410
2.263652	-4.299979	-0.318600
2.263902	-4.309359	-0.321420
2.263992	-4.301049	-0.320130
2.264352	-4.310839	-0.321010
2.264372	-4.302619	-0.320690
2.264942	-4.303079	-0.322760
2.265003	-4.313899	-0.321660
2.265252	-4.300239	-0.319890
2.265382	-4.312159	-0.321950
2.265392	-4.303919	-0.320030
2.265852	-4.303399	-0.321530
2.265882	-4.301679	-0.321460
2.266022	-4.299539	-0.318630
2.266832	-4.315029	-0.321850
2.267042	-4.313489	-0.321220
2.267463	-4.300209	-0.320590
2.267702	-4.317099	-0.322190
2.267702	-4.311209	-0.321010
2.268442	-4.310509	-0.323010
2.268652	-4.312579	-0.321430
2.268692	-4.319169	-0.321710
2.268692	-4.318879	-0.323260
2.268722	-4.303149	-0.320480
2.268863	-4.313979	-0.321990
2.269072	-4.309279	-0.322310
2.269182	-4.310859	-0.321250
2.269213	-4.312959	-0.323530
2.269422	-4.312929	-0.325110
2.269442	-4.321129	-0.322280
2.269452	-4.322709	-0.322030
2.269532	-4.317939	-0.322060
2.269563	-4.309178	-0.323850
2.269742	-4.315799	-0.321920
2.269952	-4.312259	-0.322270
2.270092	-4.310649	-0.323810
2.270402	-4.309459	-0.321010
2.270472	-4.312159	-0.324340
2.270542	-4.317689	-0.324580
2.270542	-4.314079	-0.321150
2.270652	-4.319199	-0.321920
2.270722	-4.314009	-0.323290
2.270792	-4.315558	-0.323360
2.270962	-4.322319	-0.321990
2.270973	-4.326209	-0.322970
2.271072	-4.315489	-0.324930
2.271522	-4.313349	-0.324760
2.271662	-4.317409	-0.323290
2.271812	-4.324079	-0.322260
2.271872	-4.316289	-0.322100
2.271912	-4.310719	-0.324020
2.272052	-4.314789	-0.322550
2.272082	-4.318849	-0.324340
2.272442	-4.326699	-0.322680
2.272722	-4.316079	-0.323570
2.272893	-4.329539	-0.323040
2.272893	-4.321339	-0.322170
2.272932	-4.319659	-0.322060
2.273003	-4.324389	-0.324110
2.273172	-4.318569	-0.323080
2.273422	-4.320639	-0.325810
2.273422	-4.318009	-0.325180
2.273593	-4.321689	-0.323670
2.273702	-4.328319	-0.323650
2.273732	-4.324349	-0.322130
2.274222	-4.320429	-0.322970
2.274572	-4.319829	-0.324480
2.274602	-4.330369	-0.324030
2.274752	-4.326879	-0.322620
2.274892	-4.321369	-0.324510
2.274922	-4.325119	-0.325740
2.274962	-4.324039	-0.324620
2.275102	-4.322389	-0.325600
2.275242	-4.325049	-0.322450
2.275272	-4.321759	-0.322310
2.275342	-4.328349	-0.322550
2.275412	-4.322879	-0.323390
2.275592	-4.331079	-0.322660
2.275663	-4.326669	-0.325710
2.275692	-4.333149	-0.323250
2.276052	-4.323759	-0.322240
2.276172	-4.331809	-0.324580
2.276332	-4.324209	-0.325460
2.276612	-4.326419	-0.324440
2.276642	-4.321439	-0.323110
2.276702	-4.334969	-0.323570
2.276782	-4.327959	-0.323390
2.276852	-4.338059	-0.323670
2.276962	-4.329119	-0.325570
2.277172	-4.327369	-0.325460
2.277273	-4.329609	-0.323360
2.277522	-4.326179	-0.323180
2.277532	-4.334269	-0.325010
2.277592	-4.325049	-0.324200
2.277662	-4.325049	-0.325810
2.277692	-4.331639	-0.322830
2.277852	-4.338979	-0.324970
2.277892	-4.337399	-0.324650
2.278532	-4.328699	-0.323110
2.278602	-4.332899	-0.322730
2.278602	-4.329789	-0.325320
2.278852	-4.327469	-0.324060
2.279132	-4.330729	-0.323080
2.279552	-4.340469	-0.324590
2.279602	-4.339449	-0.325720
2.279662	-4.335429	-0.323220
2.279972	-4.331499	-0.324580
2.280182	-4.333079	-0.325180
2.280502	-4.338439	-0.323740
2.280842	-4.342059	-0.325570
2.280953	-4.334059	-0.323460
2.281202	-4.334479	-0.325040
2.281272	-4.335599	-0.323460
2.281412	-4.336089	-0.325110
2.281452	-4.343909	-0.325240
2.281552	-4.331119	-0.324830
2.281972	-4.334829	-0.326550
2.282022	-4.345629	-0.324940
2.282072	-4.339249	-0.323500
2.282182	-4.333189	-0.325350
2.282272	-4.344779	-0.326450
2.282322	-4.337949	-0.324480
2.282352	-4.336939	-0.326060
2.282352	-4.336939	-0.323320
2.282812	-4.338409	-0.326020
2.282922	-4.346859	-0.325140
2.282982	-4.342019	-0.327250
2.283302	-4.333919	-0.326270
2.283342	-4.336689	-0.324760
2.283373	-4.341909	-0.325000
2.283412	-4.348559	-0.325410
2.283622	-4.345629	-0.324580
2.283622	-4.339839	-0.326480
2.283622	-4.335009	-0.322480
2.283862	-4.336019	-0.326830
2.284252	-4.340159	-0.324760
2.284273	-4.349609	-0.326270
2.284323	-4.338019	-0.326830
2.284492	-4.344259	-0.326550
2.284532	-4.341109	-0.326930
2.284702	-4.344189	-0.324860
2.284742	-4.346959	-0.324480
2.284782	-4.347019	-0.327650
2.284912	-4.334059	-0.326550
2.285023	-4.345239	-0.327560
2.285162	-4.342019	-0.325780
2.285302	-4.351879	-0.326020
2.285402	-4.342439	-0.327390
2.285542	-4.350529	-0.325040
2.285542	-4.339839	-0.327210
2.285582	-4.348989	-0.324930
2.285582	-4.337109	-0.327110
2.285723	-4.346189	-0.325880
2.285842	-4.351949	-0.327630
2.286033	-4.353889	-0.326360
2.286312	-4.347619	-0.325280
2.286522	-4.343699	-0.325070
2.286662	-4.344189	-0.326690
2.286772	-4.345419	-0.325110
2.286802	-4.338999	-0.326970
2.286842	-4.345909	-0.327280
2.287092	-4.347409	-0.327320
2.287232	-4.355679	-0.325830
2.287302	-4.349519	-0.325740
2.287362	-4.355239	-0.327260
2.287582	-4.346709	-0.325570
2.287682	-4.356899	-0.326930
2.287822	-4.348959	-0.327810
2.288352	-4.351829	-0.325670
2.288522	-4.347589	-0.328120
2.288632	-4.344298	-0.327950
2.288732	-4.347518	-0.326480
2.288782	-4.355199	-0.326050
2.288802	-4.349129	-0.326550
2.288802	-4.341069	-0.327250
2.288842	-4.350179	-0.327670
2.288992	-4.359479	-0.327420
2.289013	-4.345839	-0.327950
2.289082	-4.353299	-0.326160
2.289292	-4.342999	-0.327250
2.289432	-4.350529	-0.325950
2.289572	-4.353199	-0.328230
2.289682	-4.351969	-0.326510
2.289742	-4.357389	-0.328460
2.289862	-4.361119	-0.327880
2.289992	-4.351409	-0.328050
2.290202	-4.347759	-0.327840
2.290592	-4.354458	-0.326480
2.290732	-4.362599	-0.327990
2.290802	-4.356069	-0.326510
2.290802	-4.344329	-0.327560
2.291052	-4.354909	-0.328580
2.291192	-4.353789	-0.325250
2.291332	-4.353229	-0.327910
2.291472	-4.345699	-0.328050
2.291542	-4.352079	-0.326720
2.291852	-4.356319	-0.325250
2.291892	-4.357469	-0.328540
2.292032	-4.348259	-0.328090
2.292172	-4.355189	-0.327320
2.292202	-4.359999	-0.325920
2.292242	-4.351299	-0.328190
2.292272	-4.359959	-0.327530
2.292292	-4.363909	-0.327650
2.292483	-4.358839	-0.329030
2.292683	-4.364919	-0.328860
2.293083	-4.354949	-0.328750
2.293142	-4.366629	-0.328120
2.293152	-4.356529	-0.328820
2.293292	-4.356489	-0.327180
2.293392	-4.359079	-0.325670
2.293502	-4.358069	-0.327210
2.293692	-4.368469	-0.328420
2.294062	-4.357889	-0.329250
2.294162	-4.369869	-0.328880
2.294232	-4.363429	-0.326270
2.294412	-4.353439	-0.328440
2.294552	-4.359369	-0.328160
2.294662	-4.362199	-0.327740
2.294832	-4.361049	-0.328750
2.294852	-4.366469	-0.328150
2.294872	-4.361049	-0.326580
2.294922	-4.401809	-0.376750
2.294942	-4.359859	-0.329740
2.294962	-4.371159	-0.328880
2.294972	-4.351129	-0.328230
2.295112	-4.356599	-0.329000
2.295193	-4.369139	-0.329750
2.295252	-4.372679	-0.328540
2.295252	-4.362059	-0.329810
2.295252	-4.354879	-0.328890
2.295322	-4.363119	-0.328750
2.295602	-4.363609	-0.327110
2.295812	-4.364659	-0.328750
2.295952	-4.367709	-0.327770
2.295952	-4.362409	-0.325920
2.296132	-4.366659	-0.329880
2.296272	-4.372839	-0.329890
2.296372	-4.362309	-0.327420
2.296442	-4.358279	-0.329390
2.296482	-4.366089	-0.328160
2.296622	-4.365459	-0.326480
2.296792	-4.364899	-0.330190
2.296862	-4.362689	-0.330090
2.296872	-4.374679	-0.330200
2.297072	-4.376799	-0.329380
2.297082	-4.373229	-0.328590
2.297212	-4.370809	-0.331010
2.297632	-4.369909	-0.328120
2.297742	-4.367179	-0.330160
2.297882	-4.367669	-0.327420
2.297982	-4.377008	-0.330610
2.298122	-4.375779	-0.328950
2.298332	-4.375069	-0.331090
2.298482	-4.370789	-0.329100
2.298562	-4.380199	-0.329610
2.298622	-4.369039	-0.330090
2.298722	-4.377919	-0.329360
2.298932	-4.369529	-0.327350
2.298942	-4.379189	-0.331030
2.299042	-4.364799	-0.330330
2.299212	-4.372159	-0.329030
2.299222	-4.376399	-0.331650
2.299282	-4.366758	-0.330370
2.299462	-4.371039	-0.331100
2.299702	-4.373209	-0.331170
2.299702	-4.368158	-0.328230
2.300022	-4.373659	-0.329530
2.300052	-4.369809	-0.329840
2.300123	-4.368619	-0.330860
2.300282	-4.379279	-0.331930
2.300292	-4.379419	-0.329900
2.300302	-4.375099	-0.331170
2.300372	-4.369139	-0.326510
2.300682	-4.372329	-0.328260
2.300942	-4.381419	-0.330310
2.300992	-4.381149	-0.332380
2.301072	-4.374889	-0.329390
2.301072	-4.372229	-0.329810
2.301102	-4.383939	-0.331860
2.301312	-4.366689	-0.330540
2.301382	-4.385339	-0.331040
2.301382	-4.376469	-0.329950
2.301822	-4.396419	-0.351820
2.301912	-4.376849	-0.332050
2.301912	-4.373629	-0.328090
2.302022	-4.375169	-0.331940
2.302122	-4.371949	-0.331210
2.302202	-4.383299	-0.330110
2.302232	-4.382989	-0.332840
2.302262	-4.381059	-0.333280
2.302262	-4.377839	-0.330400
2.302372	-4.378919	-0.332610
2.302402	-4.373488	-0.331240
2.302442	-4.371839	-0.327350
2.302553	-4.386039	-0.332370
2.302583	-4.396199	-0.377010
2.302612	-4.375029	-0.329100
2.302742	-4.387379	-0.330180
2.302903	-4.390129	-0.331730
2.302962	-4.376539	-0.329670
2.303072	-4.380319	-0.332010
2.303142	-4.396019	-0.375230
2.303312	-4.371039	-0.330930
2.303322	-4.387359	-0.332230
2.303322	-4.384309	-0.329410
2.303522	-4.376889	-0.332290
2.303732	-4.379099	-0.331280
2.303732	-4.370899	-0.326550
2.303772	-4.386319	-0.330450
2.303872	-4.377939	-0.329030
2.303912	-4.374049	-0.327740
2.303962	-4.387269	-0.333640
2.304002	-4.388799	-0.333410
2.304012	-4.378429	-0.332820
2.304052	-4.394619	-0.351040
2.304292	-4.390269	-0.333670
2.304292	-4.382149	-0.332960
2.304372	-4.399539	-0.344910
2.304562	-4.391179	-0.331710
2.304712	-4.380919	-0.331730
2.304732	-4.388799	-0.331470
2.304822	-4.372299	-0.326970
2.304932	-4.396539	-0.336150
2.304942	-4.393809	-0.333310
2.304972	-4.400009	-0.342890
2.305032	-4.375939	-0.328720
2.305072	-4.392229	-0.334010
2.305162	-4.386059	-0.331290
2.305203	-4.379729	-0.329980
2.305482	-4.382918	-0.331170
2.305632	-4.403469	-0.339740
2.305632	-4.381759	-0.329980
2.305662	-4.382849	-0.333280
2.305682	-4.397139	-0.334180
2.305762	-4.401509	-0.340090
2.305762	-4.391769	-0.332420
2.305942	-4.400899	-0.341530
2.306002	-4.395229	-0.335170
2.306122	-4.393579	-0.334950
2.306172	-4.390529	-0.335300
2.306282	-4.398999	-0.334590
2.306312	-4.397829	-0.336070
2.306402	-4.385479	-0.332220
2.306432	-4.384809	-0.333800
2.306472	-4.381519	-0.333070
2.306502	-4.399389	-0.342140
2.306542	-4.381519	-0.331420
2.306542	-4.380389	-0.330300
2.306542	-4.376608	-0.327950
2.306602	-4.394829	-0.333330
2.306642	-4.402689	-0.337980
2.306682	-4.398229	-0.343120
2.306682	-4.384139	-0.331000
2.306923	-4.381409	-0.329210
2.306923	-4.379689	-0.328580
2.306963	-4.396969	-0.345720
2.306963	-4.383479	-0.332540
2.307062	-4.391429	-0.351890
2.307062	-4.387609	-0.333280
2.307082	-4.404229	-0.337780
2.307202	-4.399039	-0.335780
2.307312	-4.396899	-0.344000
2.307522	-4.385759	-0.330930
2.307662	-4.399529	-0.340320
2.307712	-4.400829	-0.338070
2.307732	-4.383268	-0.329700
2.307742	-4.404119	-0.339820
2.307792	-4.396629	-0.337120
2.307832	-4.401829	-0.334260
2.307882	-4.406269	-0.338120
2.307902	-4.390169	-0.353810
2.307942	-4.386179	-0.332500
2.307972	-4.386179	-0.334120
2.308042	-4.387888	-0.332050
2.308082	-4.401289	-0.336190
2.308082	-4.389019	-0.334780
2.308152	-4.388979	-0.333170
2.308222	-4.377799	-0.327700
2.308252	-4.383689	-0.333380
2.308292	-4.398299	-0.343370
2.308362	-4.379869	-0.327770
2.308392	-4.396059	-0.346450
2.308502	-4.406059	-0.340160
2.308533	-4.389958	-0.352060
2.308572	-4.399249	-0.341760
2.308592	-4.403289	-0.336080
2.308602	-4.399699	-0.337340
2.308812	-4.381409	-0.328860
2.308852	-4.387679	-0.334050
2.308922	-4.396969	-0.345330
2.308922	-4.396409	-0.343120
2.309002	-4.405119	-0.337150
2.309092	-4.390308	-0.332500
2.309162	-4.391959	-0.333140
2.309202	-4.394689	-0.345160
2.309272	-4.402889	-0.340190
2.309272	-4.391358	-0.334680
2.309312	-4.389719	-0.334050
2.309412	-4.384599	-0.330020
2.309452	-4.399979	-0.340530
2.309452	-4.390729	-0.350830
2.309622	-4.398479	-0.340430
2.309622	-4.394549	-0.335870
2.309732	-4.406849	-0.337600
2.309732	-4.386809	-0.331140
2.309812	-4.406759	-0.341060
2.309972	-4.379969	-0.327490
2.310032	-4.405939	-0.339110
2.310082	-4.398789	-0.341970
2.310082	-4.393329	-0.334120
2.310252	-4.397179	-0.341300
2.310293	-4.407459	-0.336210
2.310452	-4.405149	-0.335960
2.310462	-4.391609	-0.332330
2.310572	-4.399629	-0.339230
2.310602	-4.408349	-0.338080
2.310672	-4.381409	-0.328510
2.310712	-4.396449	-0.334190
2.310712	-4.394829	-0.334610
2.310712	-4.378119	-0.326760
2.310782	-4.391499	-0.334960
2.310852	-4.382949	-0.329100
2.310922	-4.411339	-0.339780
2.311062	-4.395249	-0.336180
2.311062	-4.389229	-0.331560
2.311092	-4.396899	-0.335760
2.311232	-4.389679	-0.334780
2.311272	-4.392979	-0.335480
2.311792	-4.390589	-0.332050
2.311802	-4.405239	-0.340030
2.311863	-4.393889	-0.333280
2.311902	-4.399249	-0.337870
2.311902	-4.379449	-0.326580
2.311972	-4.399209	-0.340570
2.312002	-4.397179	-0.337200
2.312112	-4.395429	-0.333310
2.312222	-4.411279	-0.337090
2.312352	-4.400339	-0.338950
2.312502	-4.410499	-0.338570
2.312532	-4.394269	-0.335340
2.312562	-4.395879	-0.336500
2.312622	-4.411649	-0.339730
2.312632	-4.408259	-0.340280
2.312672	-4.406499	-0.340590
2.312812	-4.389229	-0.331240
2.312952	-4.398409	-0.335480
2.313132	-4.399489	-0.336610
2.313223	-4.413679	-0.339440
2.313342	-4.392939	-0.332430
2.313412	-4.403659	-0.336780
2.313512	-4.391289	-0.331770
2.313692	-4.405139	-0.338950
2.313722	-4.400479	-0.338150
2.313762	-4.401389	-0.336570
2.313772	-4.412419	-0.337730
2.313792	-4.402959	-0.338290
2.313792	-4.397219	-0.333660
2.313973	-4.395459	-0.333000
2.314112	-4.399209	-0.334220
2.314132	-4.414878	-0.339990
2.314242	-4.409269	-0.340920
2.314352	-4.400269	-0.335340
2.314562	-4.406468	-0.338320
2.314702	-4.404819	-0.337660
2.314712	-4.410109	-0.337540
2.314742	-4.413479	-0.338290
2.314772	-4.403839	-0.335970
2.314812	-4.396899	-0.337760
2.314842	-4.402049	-0.337480
2.315002	-4.416269	-0.338520
2.315092	-4.415928	-0.340550
2.315102	-4.412289	-0.341170
2.315142	-4.417849	-0.341070
2.315162	-4.403739	-0.339160
2.315262	-4.407699	-0.339900
2.315302	-4.395638	-0.336500
2.315352	-4.411969	-0.337950
2.315612	-4.407099	-0.337100
2.315622	-4.414769	-0.338180
2.315752	-4.397569	-0.333310
2.315962	-4.417469	-0.339740
2.316002	-4.406049	-0.339130
2.316032	-4.402859	-0.335170
2.316212	-4.405449	-0.336360
2.316352	-4.416429	-0.341260
2.316352	-4.401109	-0.334470
2.316712	-4.419069	-0.340190
2.316882	-4.409339	-0.339160
2.316952	-4.413299	-0.338530
2.316982	-4.399458	-0.333730
2.317042	-4.416569	-0.338690
2.317093	-4.410809	-0.340290
2.317212	-4.421439	-0.340490
2.317332	-4.408079	-0.337900
2.317402	-4.419098	-0.341580
2.317472	-4.407559	-0.339480
2.317682	-4.404999	-0.335520
2.317722	-4.406428	-0.336150
2.317732	-4.420198	-0.339450
2.318002	-4.412179	-0.340710
2.318242	-4.410949	-0.338460
2.318292	-4.416859	-0.342720
2.318452	-4.409869	-0.339970
2.318792	-4.423699	-0.342250
2.318872	-4.413969	-0.341200
2.318932	-4.420519	-0.342820
2.319012	-4.414459	-0.339580
2.319053	-4.411269	-0.339930
2.319102	-4.418459	-0.339870
2.319472	-4.424269	-0.340920
2.319682	-4.412709	-0.339370
2.319732	-4.424899	-0.343180
2.320102	-4.412569	-0.340880
2.320282	-4.420999	-0.340230
2.320492	-4.425199	-0.341510
2.320522	-4.415689	-0.340460
2.320663	-4.426458	-0.342640
2.320892	-4.422429	-0.344000
2.320912	-4.417579	-0.340500
2.320912	-4.410709	-0.340070
2.320982	-4.413829	-0.340250
2.321192	-4.414949	-0.339200
2.321232	-4.428739	-0.342320
2.321272	-4.426939	-0.341300
2.321402	-4.419049	-0.341550
2.321432	-4.414839	-0.341300
2.321652	-4.431099	-0.341950
2.321762	-4.423649	-0.344520
2.321942	-4.425299	-0.341000
2.322142	-4.426319	-0.344790
2.322182	-4.429619	-0.344210
2.322252	-4.428119	-0.344530
2.322412	-4.417119	-0.339650
2.322522	-4.417649	-0.341830
2.322762	-4.419119	-0.342390
2.322852	-4.426488	-0.341520
2.322902	-4.419609	-0.340780
2.322922	-4.429509	-0.342340
2.323112	-4.422309	-0.341440
2.323522	-4.430869	-0.344360
2.323783	-4.421539	-0.342880
2.323812	-4.420979	-0.341230
2.323862	-4.432119	-0.343320
2.323922	-4.426859	-0.345510
2.324152	-4.428169	-0.342050
2.324242	-4.432969	-0.344700
2.324362	-4.429608	-0.345620
2.324432	-4.435529	-0.344750
2.324482	-4.419088	-0.342070
2.324492	-4.430689	-0.342320
2.324552	-4.423469	-0.341760
2.324642	-4.431159	-0.345850
2.324662	-4.433509	-0.343140
2.324732	-4.423429	-0.343370
2.325042	-4.420589	-0.342040
2.325442	-4.434509	-0.345710
2.325522	-4.438089	-0.344440
2.325572	-4.420419	-0.340320
2.325592	-4.429299	-0.346580
2.325743	-4.428479	-0.343470
2.325852	-4.425109	-0.342700
2.325852	-4.423049	-0.340990
2.325952	-4.426239	-0.343820
2.326032	-4.431759	-0.343590
2.326172	-4.435419	-0.344570
2.326412	-4.423889	-0.343610
2.326492	-4.434059	-0.343260
2.326582	-4.424379	-0.341440
2.326752	-4.436179	-0.346760
2.326972	-4.426969	-0.342600
2.327113	-4.434039	-0.347240
2.327663	-4.440838	-0.344830
2.327742	-4.438939	-0.346470
2.327822	-4.437429	-0.344120
2.327952	-4.426129	-0.341830
2.327972	-4.437739	-0.347770
2.328062	-4.427179	-0.344040
2.328192	-4.441099	-0.348100
2.328272	-4.431979	-0.344840
2.328272	-4.429919	-0.343090
2.328452	-4.440669	-0.346250
2.328572	-4.438738	-0.344640
2.328762	-4.428509	-0.342910
2.328912	-4.434789	-0.344040
2.329212	-4.433949	-0.346380
2.329282	-4.430619	-0.344000
2.329282	-4.430059	-0.345580
2.329392	-4.428299	-0.344390
2.329492	-4.441249	-0.348880
2.329492	-4.435379	-0.345860
2.329562	-4.443129	-0.345940
2.329613	-4.441259	-0.344960
2.329613	-4.439709	-0.345230
2.329672	-4.425039	-0.340920
2.329732	-4.437649	-0.347960
2.330022	-4.431909	-0.345580
2.330102	-4.445049	-0.346980
2.330192	-4.434159	-0.344600
2.330433	-4.445799	-0.348850
2.330532	-4.443839	-0.349190
2.330582	-4.432299	-0.343860
2.330612	-4.442258	-0.346850
2.330752	-4.426869	-0.341370
2.330862	-4.434399	-0.346100
2.330942	-4.437959	-0.344750
2.331172	-4.430549	-0.342560
2.331212	-4.436569	-0.346170
2.331422	-4.445099	-0.347750
2.331722	-4.447578	-0.349310
2.331732	-4.444539	-0.345940
2.331742	-4.435239	-0.347050
2.331742	-4.433139	-0.344770
2.331812	-4.431909	-0.343090
2.331882	-4.438539	-0.347790
2.331922	-4.441649	-0.349390
2.332043	-4.452969	-0.350390
2.332082	-4.440519	-0.345340
2.332092	-4.439059	-0.346140
2.332193	-4.430719	-0.345610
2.332222	-4.444609	-0.349250
2.332262	-4.434509	-0.344210
2.332282	-4.446319	-0.348310
2.332372	-4.436189	-0.344840
2.332472	-4.437239	-0.347050
2.332502	-4.450589	-0.350190
2.332603	-4.448729	-0.349870
2.332743	-4.446669	-0.350250
2.332822	-4.454349	-0.350880
2.332912	-4.444889	-0.347310
2.332912	-4.443259	-0.345620
2.333142	-4.451959	-0.350670
2.333172	-4.432088	-0.346030
2.333322	-4.442239	-0.349620
2.333452	-4.439659	-0.346450
2.333492	-4.437489	-0.345790
2.333542	-4.446709	-0.347050
2.333732	-4.441059	-0.347050
2.333882	-4.447539	-0.348260
2.333912	-4.439478	-0.348000
2.333912	-4.436259	-0.347220
2.333912	-4.436259	-0.344560
2.334082	-4.433309	-0.343260
2.334392	-4.445929	-0.350890
2.334412	-4.449139	-0.348700
2.334432	-4.437699	-0.347790
2.334612	-4.450259	-0.349830
2.334742	-4.444439	-0.346590
2.334892	-4.441269	-0.348450
2.335112	-4.447609	-0.347070
2.335132	-4.442809	-0.346870
2.335192	-4.445889	-0.346710
2.335422	-4.438989	-0.345510
2.335452	-4.454449	-0.351130
2.335482	-4.452859	-0.350770
2.335592	-4.439899	-0.348770
2.335872	-4.444779	-0.347960
2.335902	-4.448849	-0.347590
2.335913	-4.441548	-0.347190
2.335913	-4.438329	-0.348070
2.335932	-4.450339	-0.347980
2.336152	-4.443059	-0.348310
2.336192	-4.437129	-0.344180
2.336552	-4.453619	-0.348150
2.336652	-4.451859	-0.348460
2.336682	-4.445089	-0.349430
2.336782	-4.442289	-0.346000
2.336792	-4.457299	-0.354050
2.336813	-4.446689	-0.351270
2.337062	-4.453939	-0.350750
2.337133	-4.446559	-0.348910
2.337152	-4.455329	-0.349220
2.337312	-4.439869	-0.345230
2.337372	-4.448599	-0.352280
2.337382	-4.443689	-0.347050
2.337842	-4.459289	-0.354470
2.337862	-4.450419	-0.353240
2.337872	-4.443549	-0.349640
2.337902	-4.444708	-0.348100
2.337972	-4.441898	-0.348980
2.338042	-4.448759	-0.347350
2.338112	-4.448389	-0.349890
2.338182	-4.454559	-0.348160
2.338242	-4.457109	-0.351610
2.338302	-4.455529	-0.351250
2.338362	-4.446138	-0.349710
2.338512	-4.456589	-0.349790
2.338573	-4.456209	-0.353120
2.338642	-4.443269	-0.346240
2.338722	-4.451659	-0.348690
2.338752	-4.448019	-0.351660
2.338852	-4.444919	-0.346840
2.338882	-4.449319	-0.352510
2.338992	-4.458279	-0.352790
2.339312	-4.449889	-0.353990
2.339312	-4.449679	-0.350830
2.339322	-4.457409	-0.354300
2.339342	-4.440389	-0.344880
2.339412	-4.452389	-0.354370
2.339452	-4.447439	-0.349050
2.339552	-4.446279	-0.347330
2.339652	-4.453989	-0.349040
2.339692	-4.452769	-0.355810
2.340002	-4.459099	-0.354050
2.340012	-4.445019	-0.350380
2.340022	-4.459168	-0.352090
2.340112	-4.449859	-0.349080
2.340292	-4.451989	-0.350240
2.340402	-4.461209	-0.354380
2.340472	-4.456829	-0.349290
2.340492	-4.458219	-0.350380
2.340603	-4.449259	-0.352690
2.340603	-4.447049	-0.351500
2.340712	-4.450169	-0.350590
2.340742	-4.450559	-0.353560
2.341222	-4.460799	-0.352620
2.341442	-4.448979	-0.348240
2.341553	-4.451539	-0.349470
2.341662	-4.450479	-0.352310
2.341722	-4.452629	-0.351110
2.341742	-4.463879	-0.354710
2.341892	-4.459409	-0.350950
2.341962	-4.461899	-0.354430
2.342002	-4.460799	-0.350080
2.342002	-4.446559	-0.346910
2.342042	-4.454129	-0.351680
2.342252	-4.447578	-0.352800
2.342322	-4.455149	-0.352760
2.342632	-4.449509	-0.353390
2.342672	-4.448029	-0.347400
2.342702	-4.451149	-0.354020
2.342782	-4.445789	-0.350970
2.342953	-4.452799	-0.353570
2.343212	-4.460729	-0.351520
2.343432	-4.464869	-0.354730
2.343552	-4.462899	-0.354440
2.343652	-4.462849	-0.352490
2.343692	-4.464439	-0.351580
2.343973	-4.454588	-0.352940
2.344013	-4.466579	-0.354470
2.344042	-4.452419	-0.352240
2.344042	-4.451289	-0.348940
2.344072	-4.455009	-0.354580
2.344112	-4.455529	-0.351360
2.344202	-4.469219	-0.355360
2.344212	-4.446909	-0.352940
2.344252	-4.467599	-0.355640
2.344392	-4.445759	-0.351220
2.344442	-4.464159	-0.353000
2.344462	-4.453889	-0.350130
2.344533	-4.457529	-0.351960
2.344842	-4.450419	-0.354090
2.345052	-4.457879	-0.353500
2.345122	-4.459459	-0.353040
2.345192	-4.455709	-0.352800
2.345192	-4.454169	-0.353740
2.345302	-4.465279	-0.354190
2.345582	-4.454449	-0.351540
2.345752	-4.470469	-0.356600
2.345752	-4.456619	-0.354340
2.346032	-4.466899	-0.352710
2.346032	-4.466759	-0.354670
2.346032	-4.458058	-0.352240
2.346252	-4.472629	-0.356900
2.346262	-4.467749	-0.356470
2.346412	-4.470949	-0.352670
2.346562	-4.468819	-0.353080
2.346672	-4.459419	-0.352200
2.346672	-4.456799	-0.350970
2.346983	-4.461039	-0.354410
2.347122	-4.469179	-0.355030
2.347262	-4.458719	-0.354200
2.347262	-4.457109	-0.354620
2.347282	-4.470299	-0.356120
2.347442	-4.459739	-0.355290
2.347442	-4.454938	-0.350170
2.347452	-4.471349	-0.357250
2.347512	-4.460339	-0.353180
2.347932	-4.463279	-0.354900
2.348003	-4.473409	-0.353700
2.348142	-4.472829	-0.357730
2.348142	-4.457319	-0.350730
2.348252	-4.464779	-0.356190
2.348452	-4.459389	-0.351850
2.348502	-4.474969	-0.358030
2.348522	-4.470549	-0.354930
2.348942	-4.461949	-0.354090
2.349102	-4.473749	-0.355730
2.349122	-4.459779	-0.354970
2.349222	-4.471849	-0.356080
2.349332	-4.463349	-0.353570
2.349542	-4.464369	-0.354650
2.349603	-4.475619	-0.354810
2.349613	-4.463249	-0.355670
2.349852	-4.457809	-0.350940
2.350012	-4.476109	-0.358640
2.350072	-4.474279	-0.358320
2.350422	-4.460859	-0.355880
2.350442	-4.479389	-0.359400
2.350492	-4.459279	-0.351470
2.350592	-4.467168	-0.355740
2.350592	-4.465629	-0.355640
2.350812	-4.474489	-0.356410
2.350982	-4.462229	-0.356370
2.351173	-4.480868	-0.359880
2.351282	-4.476429	-0.356160
2.351392	-4.478959	-0.355710
2.351542	-4.463099	-0.353110
2.351572	-4.464229	-0.356930
2.351612	-4.460439	-0.351850
2.351662	-4.475459	-0.357630
2.351712	-4.465768	-0.357040
2.351752	-4.468539	-0.356690
2.351772	-4.476399	-0.358800
2.351882	-4.477829	-0.356600
2.351892	-4.464609	-0.353710
2.352122	-4.478819	-0.359060
2.352202	-4.459208	-0.351110
2.352752	-4.482019	-0.360490
2.352762	-4.469729	-0.356550
2.352832	-4.466999	-0.356900
2.352952	-4.479929	-0.360240
2.353083	-4.467489	-0.355290
2.353083	-4.464748	-0.357210
2.353092	-4.482988	-0.356480
2.353222	-4.463099	-0.356550
2.353283	-4.483649	-0.360900
2.353442	-4.480669	-0.358230
2.353442	-4.479039	-0.357870
2.353572	-4.471689	-0.358160
2.353922	-4.468749	-0.355740
2.353992	-4.466569	-0.354480
2.354132	-4.469869	-0.358440
2.354172	-4.470959	-0.356900
2.354172	-4.464398	-0.353250
2.354372	-4.481329	-0.359490
2.354402	-4.482889	-0.357920
2.354592	-4.480729	-0.360930
2.354693	-4.468469	-0.358230
2.354893	-4.480269	-0.357780
2.355212	-4.484069	-0.361690
2.355272	-4.482309	-0.361370
2.355402	-4.483919	-0.358510
2.355502	-4.473198	-0.357880
2.355642	-4.469309	-0.355430
2.355812	-4.481218	-0.359040
2.355892	-4.487109	-0.362530
2.356022	-4.470819	-0.358680
2.356062	-4.469169	-0.358540
2.356202	-4.474569	-0.358900
2.356342	-4.472289	-0.359250
2.356442	-4.467839	-0.354620
2.356672	-4.483889	-0.361240
2.356722	-4.474389	-0.360400
2.356852	-4.484879	-0.362370
2.356862	-4.472108	-0.356440
2.356882	-4.485119	-0.359080
2.356992	-4.483299	-0.359430
2.357003	-4.473269	-0.358120
2.357463	-4.475829	-0.360370
2.357463	-4.470289	-0.355670
2.357722	-4.486099	-0.360300
2.357732	-4.487369	-0.363320
2.357742	-4.470219	-0.358820
2.357922	-4.474569	-0.359110
2.357952	-4.488779	-0.359860
2.358092	-4.477819	-0.360370
2.358232	-4.474429	-0.357420
2.358373	-4.474389	-0.360610
2.358402	-4.486049	-0.361690
2.358792	-4.476459	-0.360680
2.358902	-4.489979	-0.360380
2.359002	-4.470779	-0.355430
2.359212	-4.477438	-0.358510
2.359232	-4.487409	-0.362840
2.359242	-4.487519	-0.360880
2.359463	-4.475649	-0.357810
2.359532	-4.479089	-0.359630
2.359602	-4.479649	-0.361280
2.359602	-4.477859	-0.360610
2.359902	-4.491959	-0.364690
2.360002	-4.488859	-0.362020
2.360182	-4.489809	-0.364450
2.360333	-4.480939	-0.361770
2.360372	-4.475899	-0.360860
2.360412	-4.491009	-0.361660
2.360582	-4.478109	-0.362050
2.360772	-4.488618	-0.363450
2.360972	-4.494199	-0.361830
2.361122	-4.493589	-0.365820
2.361422	-4.482909	-0.362750
2.361422	-4.479539	-0.359320
2.361482	-4.491239	-0.364980
2.361493	-4.490039	-0.363260
2.361672	-4.475409	-0.357350
2.361842	-4.479369	-0.362430
2.362042	-4.491709	-0.363040
2.362112	-4.492949	-0.364100
2.362122	-4.481469	-0.362500
2.362542	-4.477999	-0.362190
2.362582	-4.483119	-0.361490
2.362652	-4.478559	-0.358470
2.362792	-4.492729	-0.366150
2.362862	-4.484199	-0.363100
2.362862	-4.482419	-0.363520
2.363142	-4.480489	-0.363310
2.363202	-4.491939	-0.364410
2.363542	-4.494009	-0.366660
2.363662	-4.499509	-0.368260
2.363662	-4.495399	-0.363210
2.363832	-4.496279	-0.366300
2.363843	-4.485569	-0.362470
2.363912	-4.480208	-0.359390
2.364042	-4.495709	-0.367700
2.364082	-4.482559	-0.360610
2.364292	-4.486939	-0.364640
2.364292	-4.483678	-0.364400
2.364502	-4.485319	-0.364990
2.364572	-4.496419	-0.364390
2.364962	-4.498139	-0.368020
2.365102	-4.488859	-0.365130
2.365162	-4.499229	-0.369110
2.365162	-4.494918	-0.366020
2.365312	-4.486548	-0.362790
2.365452	-4.484449	-0.361520
2.365892	-4.499439	-0.367240
2.365912	-4.485848	-0.365830
2.365972	-4.495949	-0.367230
2.366012	-4.482449	-0.360190
2.366122	-4.487389	-0.366430
2.366152	-4.497359	-0.365070
2.366212	-4.491438	-0.366450
2.366442	-4.501189	-0.370210
2.366572	-4.486689	-0.364680
2.366602	-4.499369	-0.368630
2.366823	-4.490368	-0.365450
2.366962	-4.488689	-0.366920
2.367162	-4.496689	-0.366570
2.367312	-4.489069	-0.364710
2.367312	-4.487529	-0.363000
2.367532	-4.499109	-0.366170
2.367622	-4.500009	-0.370550
2.367692	-4.488539	-0.368530
2.367833	-4.490579	-0.367410
2.367902	-4.487319	-0.366610
2.368002	-4.502219	-0.366330
2.368352	-4.502589	-0.371460
2.368492	-4.501049	-0.368520
2.368632	-4.504149	-0.366670
2.368672	-4.492999	-0.366360
2.368672	-4.491319	-0.365690
2.368782	-4.488549	-0.367060
2.368892	-4.501539	-0.370420
2.368962	-4.494019	-0.367450
2.369042	-4.499859	-0.367510
2.369442	-4.502219	-0.369070
2.369452	-4.500309	-0.369420
2.369492	-4.503429	-0.372090
2.369522	-4.491559	-0.367130
2.369662	-4.488199	-0.363100
2.369872	-4.504299	-0.368080
2.369872	-4.492578	-0.368220
2.369922	-4.501258	-0.368000
2.370153	-4.491949	-0.365450
2.370172	-4.506148	-0.372960
2.370343	-4.491909	-0.369990
2.370362	-4.489069	-0.367310
2.370503	-4.494399	-0.367170
2.370642	-4.494329	-0.369270
2.370682	-4.502358	-0.370480
2.370882	-4.491068	-0.368430
2.370902	-4.503349	-0.369020
2.370952	-4.493279	-0.365900
2.370992	-4.496429	-0.367760
2.371012	-4.502869	-0.372340
2.371412	-4.496259	-0.369230
2.371422	-4.505019	-0.372010
2.371462	-4.509369	-0.374450
2.371482	-4.492539	-0.367900
2.371682	-4.504379	-0.373450
2.371882	-4.504158	-0.370270
2.371972	-4.505449	-0.369400
2.372002	-4.489039	-0.367520
2.372072	-4.494929	-0.370080
2.372112	-4.492299	-0.365060
2.372212	-4.494329	-0.367870
2.372253	-4.493249	-0.369410
2.372672	-4.495799	-0.368430
2.372882	-4.497839	-0.369620
2.372882	-4.497309	-0.371160
2.372922	-4.497839	-0.368010
2.373042	-4.495419	-0.371450
2.373092	-4.494509	-0.366110
2.373212	-4.504179	-0.371710
2.373312	-4.505639	-0.370810
2.373382	-4.505329	-0.373470
2.373482	-4.493839	-0.370250
2.373532	-4.507659	-0.374990
2.373552	-4.509209	-0.375350
2.373623	-4.492259	-0.364750
2.373832	-4.496359	-0.366640
2.373862	-4.499169	-0.370600
2.373932	-4.498639	-0.372140
2.373992	-4.506979	-0.371290
2.374082	-4.506569	-0.373950
2.374422	-4.493489	-0.365240
2.374442	-4.497199	-0.372570
2.374532	-4.505709	-0.372250
2.374532	-4.497799	-0.370880
2.374632	-4.496639	-0.369690
2.374812	-4.498289	-0.369270
2.374883	-4.495979	-0.371760
2.375372	-4.495279	-0.365690
2.375442	-4.500249	-0.373580
2.375442	-4.496889	-0.366890
2.375512	-4.508429	-0.372500
2.375512	-4.494749	-0.370990
2.375522	-4.506699	-0.373470
2.375742	-4.507799	-0.375230
2.375892	-4.499449	-0.370220
2.375922	-4.509029	-0.376290
2.376002	-4.500609	-0.371860
2.376032	-4.498889	-0.371720
2.376102	-4.497799	-0.370040
2.376172	-4.509909	-0.372940
2.376712	-4.507409	-0.374100
2.376812	-4.512619	-0.377660
2.376912	-4.496889	-0.371930
2.377122	-4.502219	-0.372840
2.377152	-4.509059	-0.375140
2.377402	-4.500079	-0.373680
2.377582	-4.498819	-0.369270
2.377612	-4.498289	-0.372980
2.377652	-4.500989	-0.372110
2.377972	-4.501709	-0.374260
2.378082	-4.510109	-0.374430
2.378282	-4.509509	-0.376500
2.378842	-4.503689	-0.373680
2.378982	-4.503649	-0.376310
2.379082	-4.500959	-0.372880
2.379082	-4.499939	-0.370110
2.379292	-4.513119	-0.375290
2.379332	-4.510329	-0.377760
2.379362	-4.500359	-0.374390
2.379392	-4.510339	-0.375840
2.379402	-4.502879	-0.372420
2.379592	-4.512239	-0.378720
2.379892	-4.502219	-0.376030
2.379912	-4.511649	-0.376940
2.380462	-4.513039	-0.379980
2.380492	-4.501449	-0.371550
2.380513	-4.504949	-0.375720
2.380632	-4.503549	-0.374910
2.380632	-4.500889	-0.375230
2.380842	-4.505379	-0.377200
2.380852	-4.514049	-0.376600
2.381052	-4.503368	-0.376420
2.381472	-4.503718	-0.373120
2.381502	-4.504739	-0.374280
2.381632	-4.512289	-0.377660
2.381892	-4.511659	-0.379100
2.382032	-4.505199	-0.375820
2.382482	-4.513299	-0.378850
2.382732	-4.505509	-0.377290
2.383012	-4.503579	-0.377080
2.383182	-4.504739	-0.373930
2.383252	-4.506809	-0.379430
2.383292	-4.506769	-0.376210
2.384312	-4.507999	-0.377150
2.385222	-4.506559	-0.379540
2.385572	-4.508039	-0.379050
2.385922	-4.508349	-0.377400
2.386832	-4.504919	-0.378560
