2.226352	-4.220189	-0.168551
2.226632	-4.218019	-0.169661
2.226942	-4.221069	-0.166951
2.227112	-4.223149	-0.165321
2.227852	-4.221319	-0.168191
2.228022	-4.223299	-0.167161
2.228142	-4.219879	-0.168941
2.229922	-4.220049	-0.168761
2.230102	-4.217989	-0.169781
2.231292	-4.226779	-0.167681
2.232452	-4.227519	-0.167051
2.233672	-4.231059	-0.165401
2.239942	-4.253399	-0.155831
2.240372	-4.250949	-0.154321
2.240372	-4.249000	-0.153601
2.240912	-4.249710	-0.155471
2.241072	-4.252679	-0.153891
2.241082	-4.254099	-0.154501
2.241132	-4.250879	-0.152581
2.241282	-4.251400	-0.156071
2.241462	-4.254860	-0.155811
2.242232	-4.253180	-0.152191
2.242262	-4.247350	-0.157441
2.242293	-4.245850	-0.158501
2.242503	-4.249980	-0.157391
2.242612	-4.250949	-0.153261
2.242703	-4.255500	-0.155151
2.242782	-4.250330	-0.155641
2.243102	-4.254419	-0.153901
2.243142	-4.247739	-0.155271
2.243272	-4.258090	-0.154301
2.243383	-4.251060	-0.158141
2.243882	-4.254640	-0.151891
2.244013	-4.256040	-0.153831
2.244152	-4.248690	-0.156251
2.244302	-4.250320	-0.153911
2.244492	-4.253220	-0.152921
2.244752	-4.260140	-0.152851
2.244932	-4.257510	-0.153751
2.245202	-4.248480	-0.155101
2.245432	-4.256240	-0.152541
2.245452	-4.250020	-0.156711
2.245662	-4.249980	-0.155101
2.246122	-4.248859	-0.153411
2.246162	-4.258080	-0.152431
2.246333	-4.253100	-0.155621
2.246383	-4.259910	-0.152961
2.246402	-4.247710	-0.156571
2.246652	-4.263100	-0.152041
2.247482	-4.253870	-0.154991
2.247552	-4.252260	-0.154431
2.247623	-4.250090	-0.155971
2.247692	-4.264240	-0.152001
2.248032	-4.261109	-0.152281
2.248182	-4.255350	-0.154431
2.248953	-4.253100	-0.154851
2.249652	-4.254540	-0.154291
2.249922	-4.266610	-0.151271
2.250943	-4.267890	-0.151231
2.251432	-4.274820	-0.151381
2.251603	-4.272050	-0.151621
2.251833	-4.273750	-0.150131
2.252013	-4.266950	-0.152031
2.252073	-4.269680	-0.151701
2.252853	-4.272870	-0.150921
2.253243	-4.276000	-0.150041
2.253303	-4.270660	-0.152151
2.254002	-4.267680	-0.152051
2.254113	-4.272030	-0.152121
2.254253	-4.273610	-0.151591
2.254433	-4.274580	-0.150211
2.254983	-4.265860	-0.151941
2.255093	-4.270800	-0.151491
2.255793	-4.272730	-0.151451
2.255892	-4.275250	-0.150431
2.255923	-4.281300	-0.148421
2.256442	-4.279750	-0.149231
2.257303	-4.273960	-0.150821
2.257332	-4.285750	-0.147461
2.257423	-4.283600	-0.147631
2.258293	-4.281040	-0.148561
2.259263	-4.284220	-0.148191
2.259463	-4.287540	-0.148121
2.260573	-4.286320	-0.147631
2.261083	-4.284290	-0.148051
2.261403	-4.288070	-0.148181
2.262253	-4.289780	-0.146781
2.262383	-4.286850	-0.146931
2.262453	-4.293410	-0.145151
2.263223	-4.290990	-0.145881
2.263643	-4.288710	-0.146331
2.272473	-4.297330	-0.143181
2.273073	-4.299220	-0.142651
2.274263	-4.307320	-0.128990
2.274363	-4.308300	-0.127410
2.274643	-4.301120	-0.141501
2.274643	-4.297820	-0.142481
2.275233	-4.304760	-0.127100
2.275483	-4.306020	-0.128360
2.275663	-4.304481	-0.140451
2.275763	-4.299720	-0.141921
2.276013	-4.308480	-0.138901
2.276293	-4.309421	-0.127301
2.276433	-4.305810	-0.139891
2.276653	-4.310161	-0.139251
2.276713	-4.302620	-0.140311
2.276823	-4.307220	-0.139321
2.276893	-4.311420	-0.138111
2.276893	-4.307180	-0.128280
2.277203	-4.308200	-0.129340
2.277243	-4.300940	-0.140761
2.277693	-4.309111	-0.127760
2.277973	-4.311070	-0.127230
2.278153	-4.312581	-0.126711
2.278223	-4.299750	-0.141221
2.278273	-4.320900	-0.134610
2.278433	-4.307320	-0.128180
2.278713	-4.309950	-0.137681
2.279573	-4.336141	-0.121040
2.279803	-4.311630	-0.137611
2.279803	-4.308091	-0.129160
2.279943	-4.309630	-0.127620
2.280093	-4.334801	-0.120490
2.280293	-4.308480	-0.137541
2.280323	-4.333400	-0.122710
2.280533	-4.313450	-0.136560
2.281163	-4.328940	-0.127830
2.281233	-4.318851	-0.135001
2.281273	-4.314860	-0.136001
2.281393	-4.319951	-0.133220
2.281443	-4.326071	-0.129340
2.281473	-4.335041	-0.121870
2.281653	-4.323831	-0.129830
2.282003	-4.332971	-0.123130
2.282043	-4.309141	-0.128500
2.282213	-4.321951	-0.132721
2.282253	-4.313030	-0.135891
2.282463	-4.316081	-0.134871
2.282773	-4.328001	-0.128251
2.282983	-4.329540	-0.127201
2.282983	-4.324601	-0.129760
2.283233	-4.319591	-0.133331
2.283303	-4.323270	-0.130990
2.283303	-4.317451	-0.134311
2.283343	-4.314331	-0.134801
2.283413	-4.329441	-0.129791
2.283413	-4.326981	-0.131140
2.283483	-4.326071	-0.129201
2.283483	-4.321691	-0.131751
2.283603	-4.310130	-0.127180
2.283783	-4.334911	-0.122000
2.284113	-4.313070	-0.135221
2.284323	-4.322571	-0.130140
2.284393	-4.320460	-0.132741
2.284503	-4.330171	-0.128980
2.284603	-4.355331	-0.127550
2.284633	-4.316570	-0.133680
2.284703	-4.326321	-0.130700
2.284773	-4.324141	-0.130670
2.285023	-4.326251	-0.129090
2.285023	-4.319691	-0.131611
2.285163	-4.328421	-0.127550
2.285173	-4.336811	-0.121950
2.285233	-4.334591	-0.124740
2.285443	-4.335931	-0.123350
2.285543	-4.321691	-0.132140
2.285723	-4.320641	-0.130530
2.285753	-4.327751	-0.129620
2.285753	-4.317941	-0.134170
2.285843	-4.336411	-0.125330
2.285923	-4.337911	-0.125900
2.286073	-4.337821	-0.122610
2.286073	-4.322111	-0.130530
2.286143	-4.329721	-0.129090
2.286213	-4.325371	-0.130600
2.286313	-4.337081	-0.123980
2.286353	-4.331891	-0.124390
2.286353	-4.316711	-0.133051
2.286483	-4.330991	-0.127711
2.286563	-4.326461	-0.129550
2.286793	-4.333791	-0.126221
2.286803	-4.327511	-0.128500
2.286873	-4.318680	-0.131470
2.287033	-4.333081	-0.127590
2.287123	-4.323061	-0.131541
2.287193	-4.329441	-0.126920
2.287203	-4.338131	-0.124600
2.287283	-4.336121	-0.124770
2.287303	-4.321270	-0.132530
2.287313	-4.337721	-0.126640
2.287333	-4.335851	-0.126770
2.287583	-4.329331	-0.128460
2.287613	-4.317481	-0.132461
2.287653	-4.315801	-0.132951
2.287893	-4.324461	-0.130980
2.287973	-4.339441	-0.125890
2.288563	-4.328140	-0.128390
2.288773	-4.330660	-0.125271
2.288843	-4.331821	-0.124220
2.288943	-4.332801	-0.127900
2.289203	-4.337991	-0.124730
2.289453	-4.338981	-0.126000
2.289663	-4.336571	-0.126840
2.290063	-4.329791	-0.128810
2.290173	-4.336271	-0.124750
2.290443	-4.327311	-0.128860
2.290453	-4.329681	-0.127230
2.290523	-4.333501	-0.125200
2.290693	-4.331361	-0.127760
2.291153	-4.331681	-0.124610
2.291153	-4.331221	-0.126150
2.291223	-4.337641	-0.125240
2.291303	-4.341091	-0.125960
2.291363	-4.333291	-0.126711
2.291373	-4.339331	-0.126100
2.291753	-4.333191	-0.124080
2.291793	-4.343841	-0.125811
2.292243	-4.331961	-0.127160
2.292273	-4.350571	-0.126430
2.292383	-4.357611	-0.126531
2.292593	-4.362031	-0.124500
2.292663	-4.336271	-0.125620
2.292693	-4.352111	-0.124850
2.292693	-4.350431	-0.124820
2.292873	-4.340791	-0.126221
2.292873	-4.333471	-0.126080
2.293293	-4.334901	-0.125550
2.293323	-4.348751	-0.126320
2.293393	-4.351941	-0.126360
2.293433	-4.354001	-0.126390
2.293433	-4.331121	-0.126531
2.293463	-4.333331	-0.124460
2.293573	-4.356181	-0.126430
2.293713	-4.353931	-0.124820
2.293853	-4.343311	-0.125130
2.294063	-4.365951	-0.124460
2.294133	-4.358171	-0.126430
2.294233	-4.361571	-0.126500
2.294233	-4.350531	-0.124710
2.294303	-4.362661	-0.124390
2.294373	-4.355971	-0.124820
2.294373	-4.340901	-0.125590
2.294413	-4.333611	-0.125970
2.294803	-4.364131	-0.124390
2.295013	-4.347801	-0.125660
2.295293	-4.342301	-0.125550
2.295533	-4.354041	-0.125761
2.295673	-4.352321	-0.125690
2.295713	-4.345451	-0.125060
2.295813	-4.343801	-0.125550
2.295853	-4.349591	-0.125660
2.296063	-4.363261	-0.124290
2.296133	-4.358101	-0.124750
2.296443	-4.356531	-0.125730
2.296483	-4.365851	-0.124321
2.296683	-4.369481	-0.124260
2.296833	-4.346751	-0.125520
2.296973	-4.364621	-0.126360
2.296973	-4.353061	-0.125100
2.297213	-4.350291	-0.125060
2.297283	-4.345001	-0.124430
2.297393	-4.348681	-0.124990
2.297543	-4.371091	-0.124220
2.297843	-4.354461	-0.125590
2.297983	-4.360521	-0.125690
2.297983	-4.356601	-0.125620
2.298093	-4.358141	-0.125660
2.298093	-4.345421	-0.125940
2.298343	-4.366801	-0.124220
2.298973	-4.360281	-0.124570
2.299193	-4.372181	-0.124240
2.299463	-4.362311	-0.124610
2.299483	-4.369641	-0.124410
2.299633	-4.356671	-0.124990
2.299773	-4.358281	-0.125030
2.299883	-4.374081	-0.124120
2.299953	-4.367361	-0.125690
2.300963	-4.365531	-0.125590
2.301213	-4.363961	-0.125550
2.301983	-4.367851	-0.125590
2.302123	-4.362691	-0.124960
2.302863	-4.366551	-0.124960
2.302863	-4.364061	-0.124920
2.303913	-4.385131	-0.122950
2.304503	-4.366591	-0.124321
2.305263	-4.385821	-0.122960
2.307733	-4.366831	-0.124640
2.307743	-4.398441	-0.120310
2.307923	-4.390321	-0.097180
2.308923	-4.384001	-0.112310
2.309223	-4.386702	-0.116670
2.309353	-4.386541	-0.114080
2.309563	-4.397572	-0.120460
2.309693	-4.395261	-0.121260
2.309993	-4.381361	-0.111870
2.310063	-4.384801	-0.112940
2.310723	-4.398062	-0.121790
2.310753	-4.384652	-0.114290
2.310824	-4.396092	-0.121930
2.310973	-4.384292	-0.111110
2.311093	-4.397192	-0.120580
2.311103	-4.385271	-0.116230
2.311203	-4.398802	-0.119820
2.311273	-4.383242	-0.115700
2.311273	-4.381901	-0.111250
2.311283	-4.383421	-0.113110
2.312783	-4.384242	-0.115750
2.312853	-4.382872	-0.110630
2.312893	-4.384182	-0.113790
2.312913	-4.382381	-0.114560
2.313133	-4.380641	-0.109510
2.313163	-4.383651	-0.111910
2.313264	-4.401922	-0.121010
2.313403	-4.405092	-0.121440
2.313823	-4.393902	-0.119670
2.314063	-4.396702	-0.120800
2.314134	-4.403291	-0.120970
2.314453	-4.383841	-0.113910
2.314543	-4.385411	-0.115100
2.314593	-4.385491	-0.113180
2.314723	-4.383121	-0.112250
2.315103	-4.405902	-0.120870
2.315333	-4.425042	-0.120570
2.315523	-4.394722	-0.120350
2.316064	-4.410382	-0.121060
2.316434	-4.407512	-0.120840
2.317264	-4.405512	-0.120370
2.317553	-4.411982	-0.119940
2.317924	-4.407582	-0.120250
2.317973	-4.409222	-0.121450
2.318194	-4.413812	-0.120490
2.318824	-4.408842	-0.119590
2.318834	-4.410402	-0.120120
2.318884	-4.406912	-0.122310
2.318973	-4.415162	-0.119820
2.319313	-4.412662	-0.119370
2.320203	-4.424592	-0.120260
2.320333	-4.406552	-0.121760
2.320343	-4.417092	-0.119100
2.320594	-4.412812	-0.120700
2.320774	-4.425072	-0.117380
2.320833	-4.424022	-0.118670
2.320843	-4.420562	-0.116510
2.321033	-4.410082	-0.118990
2.321144	-4.418552	-0.119690
2.321304	-4.420052	-0.118960
2.321373	-4.428162	-0.117550
2.321413	-4.421632	-0.118240
2.321684	-4.426232	-0.117940
2.321743	-4.415312	-0.118680
2.321743	-4.413582	-0.118780
2.322293	-4.421152	-0.117030
2.322584	-4.427352	-0.119170
2.322613	-4.411262	-0.120930
2.322703	-4.427222	-0.116650
2.322734	-4.421612	-0.119520
2.322744	-4.423522	-0.120100
2.322764	-4.416452	-0.118010
2.322804	-4.419372	-0.116890
2.322873	-4.416042	-0.119970
2.323044	-4.420382	-0.118440
2.323533	-4.425292	-0.116170
2.323533	-4.424942	-0.120030
2.323964	-4.427972	-0.117320
2.324074	-4.429152	-0.118520
2.324164	-4.422242	-0.119450
2.324623	-4.418812	-0.119350
2.324654	-4.427682	-0.119260
2.324733	-4.418772	-0.117810
2.324944	-4.420912	-0.118860
2.325024	-4.426952	-0.116150
2.325304	-4.424872	-0.115660
2.325394	-4.423962	-0.119420
2.325854	-4.429662	-0.117940
2.325864	-4.428032	-0.117410
2.326033	-4.425512	-0.118040
2.326724	-4.417612	-0.118680
2.326934	-4.425082	-0.119350
2.326944	-4.428722	-0.119330
2.327003	-4.422912	-0.119280
2.327104	-4.430232	-0.118610
2.327114	-4.427222	-0.116750
2.327783	-4.431912	-0.118530
2.327954	-4.427502	-0.119840
2.327993	-4.425852	-0.115630
2.328204	-4.427922	-0.117770
2.328584	-4.429562	-0.120360
2.328654	-4.422912	-0.118680
2.328884	-4.422102	-0.120560
2.329114	-4.424972	-0.118160
2.329143	-4.424942	-0.116610
2.329234	-4.433222	-0.119170
2.329353	-4.430342	-0.118790
2.329494	-4.431322	-0.120850
2.330094	-4.428442	-0.118160
2.330124	-4.426802	-0.117630
2.330444	-4.432682	-0.121350
2.330583	-4.426662	-0.119140
2.330684	-4.424482	-0.118580
2.330824	-4.429852	-0.120220
2.330934	-4.431352	-0.119210
2.331354	-4.428062	-0.119630
2.331434	-4.434492	-0.119840
2.331494	-4.427362	-0.118050
2.331814	-4.434962	-0.122360
2.331844	-4.430062	-0.119140
2.332094	-4.431002	-0.120710
2.332234	-4.432722	-0.121240
2.332414	-4.428732	-0.120930
2.332654	-4.426482	-0.118510
2.333084	-4.433952	-0.119360
2.333353	-4.429562	-0.120080
2.333454	-4.435032	-0.121730
2.333524	-4.431702	-0.120610
2.334004	-4.435112	-0.119950
2.334434	-4.437452	-0.123270
2.334614	-4.434052	-0.121630
2.334684	-4.436262	-0.121170
2.334854	-4.430652	-0.120010
2.335424	-4.432652	-0.121030
2.335544	-4.437672	-0.121160
2.335634	-4.435942	-0.122640
2.335984	-4.434722	-0.121560
2.336364	-4.438922	-0.123690
2.336914	-4.437882	-0.122470
2.336994	-4.435792	-0.120740
2.337244	-4.435982	-0.122540
2.337354	-4.439982	-0.121750
2.337874	-4.439452	-0.124150
2.338464	-4.437732	-0.123030
2.338604	-4.436642	-0.121450
2.339264	-4.442162	-0.122970
2.339524	-4.440082	-0.122500
2.339804	-4.437282	-0.122400
2.339854	-4.435712	-0.123450
2.339944	-4.440462	-0.124530
2.339974	-4.438712	-0.123480
2.340364	-4.441942	-0.125590
2.340554	-4.445502	-0.122810
2.340894	-4.443112	-0.122980
2.341414	-4.438262	-0.122850
2.341514	-4.440012	-0.121970
2.341514	-4.439942	-0.123900
2.342364	-4.444592	-0.123630
2.342564	-4.442292	-0.123380
2.342604	-4.442252	-0.125450
2.342854	-4.440572	-0.124360
2.342914	-4.446162	-0.123540
2.343764	-4.441312	-0.123270
2.343974	-4.441802	-0.124820
2.344044	-4.442922	-0.125900
2.344324	-4.445512	-0.124360
2.344874	-4.449372	-0.125330
2.344884	-4.444252	-0.126360
2.345164	-4.444142	-0.124290
2.345684	-4.442882	-0.125271
2.345714	-4.450702	-0.125290
2.346604	-4.445272	-0.124750
2.346814	-4.449652	-0.125420
2.346884	-4.445762	-0.126290
2.346984	-4.447813	-0.125710
2.347334	-4.442882	-0.125660
2.347754	-4.446562	-0.125200
2.347894	-4.449992	-0.126750
2.348014	-4.452763	-0.125920
2.348244	-4.450812	-0.125430
2.348524	-4.445202	-0.125130
2.348594	-4.444602	-0.126640
2.349014	-4.446602	-0.126150
2.349504	-4.448602	-0.127201
2.349754	-4.451222	-0.126740
2.349854	-4.447892	-0.125620
2.350314	-4.450442	-0.128780
2.350494	-4.453612	-0.126740
2.350634	-4.449332	-0.126110
2.351264	-4.450732	-0.127130
2.351604	-4.456462	-0.127791
2.352034	-4.448312	-0.127550
2.352384	-4.449822	-0.127550
2.352404	-4.454702	-0.127320
2.352414	-4.452942	-0.127090
2.353544	-4.456742	-0.127891
2.353674	-4.451432	-0.128000
2.353854	-4.449332	-0.127971
2.354064	-4.452942	-0.127510
2.354174	-4.458353	-0.128440
2.354974	-4.456452	-0.129891
2.355014	-4.454692	-0.128000
2.355104	-4.459373	-0.129060
2.355434	-4.452492	-0.127930
2.355574	-4.450802	-0.128390
2.355814	-4.452872	-0.129440
2.355824	-4.456633	-0.127760
2.355994	-4.454942	-0.129481
2.356224	-4.458373	-0.128570
2.356414	-4.454762	-0.127410
2.357014	-4.459892	-0.129120
2.357174	-4.460953	-0.130320
2.357464	-4.455432	-0.129411
2.357774	-4.458162	-0.128680
2.357884	-4.459353	-0.131140
2.358164	-4.454692	-0.127791
2.358204	-4.456902	-0.130420
2.358564	-4.461252	-0.129770
2.358654	-4.455042	-0.130350
2.358874	-4.463453	-0.130270
2.359324	-4.457012	-0.129301
2.360124	-4.459852	-0.131890
2.360684	-4.457042	-0.130771
2.360714	-4.463753	-0.130990
2.361314	-4.465363	-0.131541
2.361314	-4.459423	-0.130251
2.361424	-4.458862	-0.131791
2.361464	-4.457362	-0.129160
2.361674	-4.460932	-0.131821
2.362374	-4.466403	-0.130281
2.362614	-4.460582	-0.130700
2.363214	-4.461493	-0.132250
2.363434	-4.466512	-0.132201
2.363734	-4.459713	-0.130110
2.363844	-4.464853	-0.131051
2.363874	-4.462823	-0.132741
2.364494	-4.470493	-0.132010
2.364544	-4.460483	-0.132630
2.364614	-4.461003	-0.130600
2.364754	-4.463702	-0.133721
2.364924	-4.462472	-0.131611
2.365104	-4.461843	-0.133161
2.365144	-4.468992	-0.132791
2.365284	-4.459672	-0.130001
2.365354	-4.470013	-0.133990
2.365554	-4.472593	-0.132530
2.365734	-4.465492	-0.133680
2.366104	-4.471323	-0.133281
2.366404	-4.464092	-0.133610
2.366504	-4.463563	-0.132071
2.366714	-4.472973	-0.135721
2.366824	-4.472873	-0.133871
2.367134	-4.466122	-0.134630
2.367644	-4.474303	-0.133791
2.367734	-4.464752	-0.132530
2.368444	-4.473892	-0.135151
2.368534	-4.466613	-0.133541
2.368644	-4.467663	-0.135610
2.368714	-4.464442	-0.134491
2.369224	-4.475203	-0.135731
2.369314	-4.465353	-0.132951
2.369694	-4.465703	-0.134450
2.369824	-4.476813	-0.135020
2.370084	-4.468783	-0.136031
2.370174	-4.477573	-0.137521
2.370504	-4.469803	-0.135011
2.370604	-4.467562	-0.134421
2.371474	-4.478043	-0.135671
2.371554	-4.470503	-0.137011
2.371554	-4.465033	-0.132250
2.371624	-4.467803	-0.136421
2.371634	-4.476013	-0.136471
2.371724	-4.477372	-0.137641
2.371724	-4.468753	-0.134381
2.372664	-4.479983	-0.136241
2.372754	-4.478053	-0.138891
2.372884	-4.467803	-0.133751
2.372994	-4.472783	-0.136981
2.374064	-4.479513	-0.138871
2.374064	-4.478273	-0.137711
2.374214	-4.468473	-0.136771
2.374284	-4.469523	-0.134731
2.374324	-4.472882	-0.138411
2.374324	-4.470603	-0.137821
2.374624	-4.478173	-0.139651
2.374634	-4.474503	-0.137401
2.374894	-4.476063	-0.139751
2.374984	-4.470963	-0.135221
2.375024	-4.474353	-0.138901
2.375634	-4.480413	-0.140181
2.375864	-4.472923	-0.137261
2.376144	-4.477303	-0.140941
2.376254	-4.471623	-0.138241
2.376404	-4.481863	-0.138211
2.376494	-4.474323	-0.136731
2.376534	-4.473303	-0.138761
2.376984	-4.476983	-0.138831
2.376994	-4.483363	-0.139391
2.377164	-4.474602	-0.138241
2.377484	-4.480783	-0.140271
2.377764	-4.483193	-0.140711
2.377794	-4.474353	-0.140241
2.377964	-4.481153	-0.142441
2.378454	-4.479443	-0.141851
2.378494	-4.476463	-0.140241
2.378564	-4.484373	-0.140071
2.378694	-4.482613	-0.139581
2.378734	-4.474602	-0.137121
2.379264	-4.482663	-0.141481
2.379514	-4.485703	-0.138741
2.379594	-4.483843	-0.138911
2.379644	-4.478393	-0.140731
2.379644	-4.476633	-0.137611
2.379694	-4.485093	-0.141331
2.379714	-4.481573	-0.142831
2.380214	-4.477023	-0.139611
2.380384	-4.479823	-0.140691
2.380524	-4.483923	-0.143881
2.380544	-4.486453	-0.140661
2.380604	-4.484833	-0.139531
2.380704	-4.479122	-0.139111
2.381084	-4.480523	-0.142201
2.381434	-4.485883	-0.142011
2.381624	-4.483963	-0.142821
2.381814	-4.488013	-0.139371
2.382204	-4.480103	-0.140591
2.382624	-4.482143	-0.143141
2.382664	-4.481613	-0.141601
2.382664	-4.478422	-0.138451
2.382734	-4.476673	-0.137891
2.382764	-4.481543	-0.140061
2.382884	-4.487003	-0.142661
2.382994	-4.485113	-0.143421
2.383294	-4.479683	-0.139461
2.383474	-4.485883	-0.140251
2.383504	-4.487553	-0.140751
2.383784	-4.486033	-0.144691
2.383854	-4.483783	-0.140551
2.384064	-4.480523	-0.140451
2.384104	-4.483193	-0.142551
2.384174	-4.481573	-0.142511
2.384345	-4.488663	-0.141371
2.384604	-4.489303	-0.143841
2.384814	-4.486263	-0.140961
2.384834	-4.489883	-0.142161
2.385294	-4.486593	-0.145111
2.385294	-4.482173	-0.140411
2.385674	-4.484733	-0.144021
2.385814	-4.491113	-0.144401
2.385924	-4.488933	-0.142581
2.385954	-4.489393	-0.144541
2.385994	-4.483013	-0.142411
2.386094	-4.484553	-0.142441
2.386134	-4.486833	-0.141991
2.386834	-4.485463	-0.141391
2.387184	-4.490583	-0.143571
2.387214	-4.485853	-0.143431
2.387354	-4.486903	-0.144971
2.387464	-4.484063	-0.141321
2.387564	-4.491993	-0.144461
2.387634	-4.490343	-0.145221
2.387714	-4.488273	-0.145981
2.387814	-4.488233	-0.142931
2.387954	-4.484453	-0.143321
2.388065	-4.486663	-0.142371
2.388425	-4.493143	-0.145681
2.388834	-4.490483	-0.143951
2.388925	-4.491943	-0.146461
2.388934	-4.490443	-0.147001
2.389114	-4.487183	-0.143321
2.389214	-4.492613	-0.148051
2.389285	-4.488793	-0.144861
2.389364	-4.494313	-0.146271
2.389364	-4.492753	-0.144511
2.389494	-4.486553	-0.144791
2.389774	-4.489113	-0.146371
2.389774	-4.484903	-0.140661
2.390335	-4.493983	-0.145111
2.390374	-4.489923	-0.144301
2.390384	-4.503863	-0.148081
2.390404	-4.487783	-0.144761
2.390794	-4.494093	-0.147051
2.390814	-4.486303	-0.143811
2.390894	-4.491393	-0.144831
2.390964	-4.501263	-0.148341
2.391104	-4.492443	-0.147911
2.391215	-4.496093	-0.148151
2.391304	-4.497483	-0.146791
2.391464	-4.504233	-0.146891
2.391464	-4.495743	-0.146301
2.391554	-4.498413	-0.148001
2.391585	-4.499933	-0.147861
2.391814	-4.493813	-0.145841
2.391814	-4.490483	-0.146751
2.391814	-4.489953	-0.145211
2.391905	-4.501853	-0.147111
2.392124	-4.493703	-0.148861
2.392824	-4.498693	-0.146811
2.392914	-4.494613	-0.147791
2.393034	-4.495423	-0.149871
2.393315	-4.492613	-0.145701
2.393465	-4.497343	-0.146331
2.393525	-4.492513	-0.147701
2.393525	-4.491003	-0.145111
2.394084	-4.493493	-0.148721
2.394264	-4.497523	-0.147811
2.394474	-4.493353	-0.146651
2.394785	-4.494613	-0.147881
2.395255	-4.496413	-0.148681
2.395875	-4.493323	-0.148581
2.396054	-4.492193	-0.147001
2.396364	-4.495663	-0.150121
2.396544	-4.495103	-0.148581
2.396685	-4.494543	-0.147001
2.396714	-4.496613	-0.148091
2.396985	-4.497363	-0.149511
2.397234	-4.498933	-0.149631
2.397835	-4.497213	-0.151071
2.398085	-4.493983	-0.148401
2.398255	-4.496013	-0.148471
2.398534	-4.499203	-0.148541
2.398694	-4.498363	-0.150341
2.398894	-4.495773	-0.149911
2.399455	-4.499803	-0.152541
2.399485	-4.497033	-0.150931
2.399905	-4.501173	-0.153551
2.400085	-4.496823	-0.148861
2.400395	-4.498963	-0.148371
2.400565	-4.499603	-0.150521
2.400885	-4.498333	-0.151381
2.401235	-4.497563	-0.149801
2.401405	-4.500693	-0.152671
2.401555	-4.503133	-0.151431
2.401655	-4.498963	-0.149281
2.401964	-4.502473	-0.152801
2.402004	-4.499343	-0.152331
2.402365	-4.502743	-0.154961
2.402395	-4.499173	-0.150751
2.402465	-4.501273	-0.153871
2.402645	-4.504223	-0.155971
2.403135	-4.497913	-0.151171
2.403444	-4.499803	-0.151701
2.403655	-4.502473	-0.153591
2.403835	-4.501173	-0.152751
2.403904	-4.499103	-0.150121
2.404425	-4.497913	-0.148021
2.404465	-4.504533	-0.156361
2.404875	-4.505063	-0.154501
2.405235	-4.501623	-0.154151
2.405235	-4.500183	-0.151591
2.405275	-4.503463	-0.154431
2.405685	-4.498403	-0.149451
2.406145	-4.501273	-0.152541
2.407335	-4.502393	-0.154011
2.407585	-4.500223	-0.151381
2.407685	-4.497143	-0.148261
2.408705	-4.501313	-0.152851
2.408845	-4.498783	-0.150221
2.409365	-4.502643	-0.154361
2.409475	-4.497453	-0.149141
2.410775	-4.499483	-0.151101
2.411645	-4.498153	-0.149981
2.412035	-4.495453	-0.146861
2.413575	-4.498403	-0.150361
2.413895	-4.500363	-0.152401
2.414415	-4.470923	-0.119450
2.414485	-4.471383	-0.121450
2.414665	-4.495453	-0.147141
2.414665	-4.494473	-0.145111
2.415185	-4.498783	-0.150751
2.415785	-4.493043	-0.144481
2.416135	-4.500013	-0.151701
2.416695	-4.498753	-0.151101
2.416725	-4.495243	-0.147491
2.416725	-4.489993	-0.142301
2.416905	-4.500783	-0.153171
2.417435	-4.494403	-0.146401
2.417605	-4.491283	-0.143291
2.418445	-4.488833	-0.141151
2.418555	-4.495073	-0.147351
2.418625	-4.501693	-0.154081
2.418795	-4.490203	-0.142651
2.419355	-4.489063	-0.136701
2.419565	-4.500753	-0.152471
2.419755	-4.484032	-0.132040
2.419775	-4.502923	-0.154011
2.420125	-4.487113	-0.139961
2.420595	-4.489243	-0.139331
2.420715	-4.482043	-0.130971
2.420905	-4.500253	-0.153341
2.420935	-4.485823	-0.139361
2.421155	-4.489403	-0.141241
2.421585	-4.480223	-0.130541
2.421735	-4.489593	-0.143181
2.421745	-4.478513	-0.130010
2.422405	-4.488273	-0.142671
2.422425	-4.477093	-0.129540
2.422545	-4.486203	-0.139251
2.422935	-4.484553	-0.138171
2.423215	-4.470783	-0.124850
2.423355	-4.483403	-0.137121
2.423865	-4.469973	-0.126301
2.424475	-4.484943	-0.138591
2.424475	-4.471973	-0.125271
2.424585	-4.469803	-0.124750
2.424825	-4.483823	-0.137541
2.425245	-4.482173	-0.136941
2.425635	-4.472112	-0.126221
2.425945	-4.471412	-0.124680
2.426825	-4.481573	-0.135821
2.427275	-4.479753	-0.134731
2.427275	-4.475553	-0.130140
2.427415	-4.471452	-0.125060
2.427975	-4.473723	-0.128570
2.427975	-4.472183	-0.127020
2.428015	-4.480633	-0.135710
2.429595	-4.474183	-0.128950
2.430605	-4.475863	-0.131890
2.431275	-4.477263	-0.133400
2.432325	-4.475763	-0.132281
