2.424725	-4.547382	-0.096401
2.425175	-4.545042	-0.097181
2.425875	-4.546452	-0.097731
2.426095	-4.546172	-0.095321
2.426895	-4.547412	-0.094681
2.427465	-4.550432	-0.095171
2.427605	-4.545892	-0.096031
2.427615	-4.548752	-0.094641
2.428345	-4.552892	-0.093201
2.428385	-4.549962	-0.094001
2.428805	-4.551862	-0.094541
2.429705	-4.555352	-0.093781
2.429895	-4.543782	-0.096151
2.429935	-4.545472	-0.095661
2.430645	-4.555062	-0.092021
2.430705	-4.547222	-0.094671
2.430965	-4.558642	-0.092431
2.431135	-4.557003	-0.092531
2.431335	-4.544872	-0.094081
2.431435	-4.550132	-0.094181
2.431895	-4.548342	-0.094641
2.432075	-4.546102	-0.093551
2.432135	-4.557892	-0.091341
2.432355	-4.548692	-0.093101
2.432525	-4.547012	-0.095061
2.432595	-4.560962	-0.091781
2.433085	-4.551252	-0.093621
2.433225	-4.552762	-0.093131
2.433295	-4.545082	-0.093481
2.433385	-4.562382	-0.090551
2.433405	-4.549852	-0.093101
2.433435	-4.565043	-0.090381
2.434135	-4.563693	-0.089911
2.434525	-4.553912	-0.092611
2.435505	-4.566123	-0.089221
2.435605	-4.553422	-0.091031
2.435695	-4.564413	-0.089961
2.435715	-4.554933	-0.091061
2.435895	-4.557492	-0.091631
2.435995	-4.556402	-0.090571
2.436345	-4.559552	-0.091141
2.436665	-4.556122	-0.092051
2.436785	-4.567583	-0.089231
2.437015	-4.558682	-0.090081
2.437145	-4.569683	-0.088511
2.437395	-4.557353	-0.091561
2.437505	-4.561803	-0.090121
2.437605	-4.571513	-0.087831
2.437605	-4.555142	-0.090471
2.437955	-4.570683	-0.089731
2.437955	-4.556612	-0.089981
2.438415	-4.559202	-0.091031
2.438625	-4.559692	-0.089521
2.438865	-4.563943	-0.089101
2.439145	-4.574883	-0.086521
2.439255	-4.562153	-0.090051
2.439575	-4.566603	-0.088121
2.439675	-4.571213	-0.087371
2.439795	-4.576143	-0.085921
2.440375	-4.563273	-0.088511
2.440995	-4.577513	-0.085291
2.441005	-4.564643	-0.089001
2.441325	-4.568113	-0.087561
2.441535	-4.569683	-0.087071
2.441595	-4.574913	-0.086071
2.441635	-4.566253	-0.087531
2.442545	-4.572383	-0.085561
2.442585	-4.577683	-0.083281
2.442605	-4.581103	-0.083991
2.442615	-4.569793	-0.086021
2.442645	-4.586413	-0.081911
2.442685	-4.583773	-0.082631
2.442925	-4.576313	-0.085451
2.443035	-4.567373	-0.087981
2.443225	-4.585193	-0.082581
2.443285	-4.571053	-0.086541
2.443605	-4.573543	-0.085071
2.443705	-4.577693	-0.084811
2.443825	-4.580503	-0.082721
2.444055	-4.579543	-0.081241
2.444305	-4.572143	-0.086021
2.444415	-4.584263	-0.082721
2.444515	-4.582693	-0.083421
2.444545	-4.571013	-0.084971
2.444655	-4.581553	-0.082041
2.444725	-4.575193	-0.084551
2.444865	-4.577433	-0.083561
2.445125	-4.585893	-0.082051
2.445395	-4.587833	-0.081361
2.445455	-4.578803	-0.083071
2.445735	-4.573193	-0.084441
2.445825	-4.586833	-0.079361
2.445845	-4.575893	-0.083491
2.445985	-4.583243	-0.081441
2.446005	-4.589093	-0.080721
2.446505	-4.577293	-0.083991
2.446645	-4.579883	-0.082551
2.446855	-4.591333	-0.079461
2.446865	-4.585603	-0.080101
2.447005	-4.589763	-0.079561
2.447035	-4.574733	-0.083421
2.447525	-4.578373	-0.083491
2.448165	-4.587313	-0.079461
2.448225	-4.579783	-0.082971
2.448335	-4.591373	-0.078341
2.448755	-4.580583	-0.081461
2.448895	-4.586023	-0.080061
2.449005	-4.589623	-0.078131
2.449105	-4.584263	-0.081011
2.449375	-4.590103	-0.079571
2.449495	-4.595533	-0.077591
2.449645	-4.593963	-0.077661
2.449805	-4.582343	-0.080451
2.450065	-4.592213	-0.078231
2.450115	-4.587423	-0.079011
2.450295	-4.584863	-0.079991
2.450535	-4.598863	-0.076261
2.450565	-4.592893	-0.076101
2.450895	-4.586093	-0.078971
2.450995	-4.588643	-0.079011
2.451046	-4.596813	-0.076411
2.451135	-4.591203	-0.077541
2.451365	-4.593924	-0.077591
2.451805	-4.589843	-0.077501
2.451926	-4.597583	-0.075211
2.452065	-4.594793	-0.075471
2.452085	-4.615774	-0.063310
2.452185	-4.592323	-0.078521
2.452225	-4.587563	-0.079461
2.452326	-4.613354	-0.063270
2.452405	-4.599414	-0.075131
2.452606	-4.590543	-0.078971
2.452675	-4.591104	-0.076981
2.452715	-4.588893	-0.078941
2.452875	-4.594533	-0.076921
2.452885	-4.601224	-0.073891
2.453305	-4.593413	-0.077991
2.453346	-4.596423	-0.074831
2.453346	-4.592883	-0.074981
2.453415	-4.610134	-0.066710
2.453556	-4.612304	-0.064220
2.453556	-4.608384	-0.072211
2.453695	-4.588433	-0.076911
2.453765	-4.594323	-0.075011
2.453795	-4.593204	-0.076491
2.453806	-4.600784	-0.072761
2.453835	-4.591133	-0.075431
2.453845	-4.618604	-0.062350
2.453866	-4.604784	-0.071341
2.453866	-4.598424	-0.073051
2.453975	-4.614264	-0.063240
2.453975	-4.603143	-0.072041
2.453995	-4.614174	-0.067940
2.454156	-4.620874	-0.062590
2.454265	-4.620424	-0.060990
2.454325	-4.602413	-0.073311
2.454325	-4.595584	-0.076491
2.454416	-4.616144	-0.062460
2.454436	-4.610764	-0.065690
2.454436	-4.591804	-0.076941
2.454436	-4.590333	-0.078901
2.454505	-4.605084	-0.069131
2.454606	-4.606694	-0.072141
2.454635	-4.604614	-0.072621
2.454736	-4.608664	-0.070011
2.454815	-4.589523	-0.075891
2.454836	-4.611184	-0.068730
2.454956	-4.596354	-0.073471
2.454995	-4.594713	-0.073961
2.454995	-4.592113	-0.078411
2.455026	-4.596843	-0.075501
2.455026	-4.594224	-0.077471
2.455166	-4.600104	-0.072030
2.455175	-4.598744	-0.074241
2.455236	-4.609784	-0.071190
2.455416	-4.614194	-0.063690
2.455416	-4.612444	-0.064180
2.455586	-4.602773	-0.069550
2.455626	-4.609084	-0.067130
2.455626	-4.606204	-0.068600
2.455695	-4.602704	-0.071050
2.455715	-4.619624	-0.069590
2.455725	-4.590263	-0.074871
2.455905	-4.605504	-0.072101
2.455976	-4.616514	-0.069731
2.456006	-4.612904	-0.066280
2.456036	-4.614154	-0.067440
2.456056	-4.610154	-0.069431
2.456166	-4.607273	-0.070160
2.456326	-4.595723	-0.076941
2.456396	-4.601303	-0.071020
2.456396	-4.598984	-0.072981
2.456396	-4.592573	-0.073861
2.456425	-4.607644	-0.067580
2.456706	-4.604064	-0.070040
2.456776	-4.610234	-0.065620
2.456776	-4.594993	-0.072911
2.456846	-4.607994	-0.071611
2.456846	-4.598774	-0.074451
2.456886	-4.602773	-0.072000
2.456905	-4.613884	-0.064490
2.456965	-4.621004	-0.069601
2.457026	-4.611114	-0.070141
2.457186	-4.613014	-0.069960
2.457206	-4.611884	-0.068800
2.457236	-4.602594	-0.070001
2.457236	-4.599754	-0.070951
2.457266	-4.612094	-0.064600
2.457266	-4.608804	-0.067090
2.457266	-4.606624	-0.068560
2.457275	-4.606374	-0.071481
2.457305	-4.604314	-0.072030
2.457346	-4.615654	-0.064140
2.457616	-4.622304	-0.068950
2.457666	-4.613464	-0.068150
2.457756	-4.602354	-0.073471
2.457815	-4.615754	-0.068660
2.457855	-4.614054	-0.065710
2.457866	-4.609234	-0.068891
2.457866	-4.596563	-0.074871
2.458076	-4.600524	-0.074451
2.458145	-4.608974	-0.070560
2.458216	-4.605574	-0.070001
2.458346	-4.619644	-0.069140
2.458395	-4.604314	-0.070981
2.458466	-4.607224	-0.071020
2.458495	-4.605474	-0.068490
2.458566	-4.611494	-0.069580
2.458576	-4.615754	-0.066930
2.458636	-4.602564	-0.070951
2.458655	-4.617854	-0.068621
2.458696	-4.614184	-0.067000
2.458816	-4.613114	-0.064080
2.458826	-4.611114	-0.067270
2.458865	-4.615734	-0.064130
2.458886	-4.610234	-0.065550
2.458915	-4.598353	-0.074871
2.458996	-4.603604	-0.073731
2.459055	-4.609154	-0.067020
2.459136	-4.637624	-0.066010
2.459195	-4.620124	-0.065170
2.459265	-4.606834	-0.068490
2.459376	-4.627044	-0.067660
2.459556	-4.608834	-0.068850
2.459586	-4.624284	-0.067790
2.459796	-4.636335	-0.066690
2.459826	-4.606554	-0.070461
2.459856	-4.616964	-0.066940
2.459866	-4.617104	-0.065090
2.459876	-4.628714	-0.067610
2.459876	-4.621034	-0.067970
2.459936	-4.619244	-0.066150
2.459996	-4.630994	-0.068110
2.459996	-4.614224	-0.068260
2.460076	-4.601864	-0.072881
2.460296	-4.635314	-0.067960
2.460446	-4.615644	-0.064090
2.460496	-4.617284	-0.068600
2.460526	-4.633614	-0.067430
2.460566	-4.622014	-0.066670
2.460566	-4.613394	-0.064530
2.460666	-4.606204	-0.068950
2.460696	-4.644705	-0.067550
2.460706	-4.624624	-0.066640
2.460706	-4.611674	-0.069511
2.460736	-4.609904	-0.067280
2.460846	-4.609684	-0.068820
2.460946	-4.618154	-0.065590
2.460946	-4.608274	-0.069480
2.461016	-4.620264	-0.066640
2.461056	-4.630224	-0.067020
2.461076	-4.659615	-0.068100
2.461156	-4.646015	-0.068131
2.461266	-4.614754	-0.065020
2.461296	-4.619664	-0.068630
2.461406	-4.656305	-0.068240
2.461436	-4.625934	-0.067721
2.461616	-4.621524	-0.068140
2.461645	-4.618434	-0.067580
2.461656	-4.611854	-0.065690
2.461716	-4.648815	-0.068010
2.461716	-4.607293	-0.067930
2.461756	-4.627444	-0.067721
2.461796	-4.654415	-0.067790
2.461796	-4.616194	-0.065550
2.461796	-4.611464	-0.067240
2.461816	-4.661635	-0.068060
2.461826	-4.629054	-0.067760
2.461896	-4.615634	-0.068530
2.461946	-4.665185	-0.067900
2.462086	-4.650425	-0.067960
2.462176	-4.610974	-0.068950
2.462376	-4.663165	-0.068010
2.462426	-4.609154	-0.067930
2.462496	-4.672485	-0.067590
2.462526	-4.613494	-0.069480
2.462596	-4.631934	-0.067760
2.462636	-4.623804	-0.068140
2.462666	-4.610134	-0.066430
2.462706	-4.694436	-0.066060
2.462736	-4.615214	-0.066500
2.462776	-4.616754	-0.067510
2.462806	-4.667075	-0.067860
2.462806	-4.643145	-0.067930
2.462836	-4.678015	-0.067380
2.462846	-4.613324	-0.065480
2.462856	-4.727137	-0.064610
2.462916	-4.722227	-0.064840
2.462936	-4.729057	-0.064550
2.462956	-4.696276	-0.065410
2.463006	-4.670365	-0.067710
2.463055	-4.621384	-0.067090
2.463086	-4.612204	-0.068950
2.463156	-4.634454	-0.067790
2.463156	-4.619204	-0.067550
2.463296	-4.614404	-0.067970
2.463336	-4.679716	-0.067330
2.463576	-4.628674	-0.067690
2.463716	-4.611884	-0.067410
2.463826	-4.610204	-0.067900
2.463896	-4.644335	-0.067930
2.463926	-4.711557	-0.065940
2.463926	-4.611774	-0.065900
2.463996	-4.630674	-0.067690
2.464036	-4.613464	-0.066950
2.464356	-4.731247	-0.064530
2.464446	-4.694656	-0.066150
2.464486	-4.635544	-0.067270
2.464616	-4.701606	-0.065830
2.464696	-4.674405	-0.067340
2.464716	-4.723907	-0.064300
2.464766	-4.721577	-0.064400
2.464806	-4.728086	-0.064700
2.464886	-4.725657	-0.064240
2.465006	-4.708066	-0.064430
2.465106	-4.697226	-0.066080
2.465136	-4.722297	-0.061540
2.465226	-4.672375	-0.067831
2.465236	-4.718217	-0.064580
2.465266	-4.702866	-0.065260
2.465406	-4.699036	-0.065990
2.465506	-4.670345	-0.067760
2.465546	-4.720307	-0.062210
2.465596	-4.716467	-0.064690
2.465626	-4.730257	-0.064630
2.465646	-4.711907	-0.063730
2.465686	-4.676266	-0.067340
2.465696	-4.716337	-0.062970
2.465706	-4.714076	-0.065350
2.465866	-4.705396	-0.065180
2.465916	-4.713856	-0.063080
2.466046	-4.723707	-0.062100
2.466056	-4.722747	-0.060410
2.466086	-4.723536	-0.063810
2.466156	-4.707066	-0.065120
2.466316	-4.680406	-0.066880
2.466336	-4.710626	-0.064410
2.466396	-4.721987	-0.063330
2.466526	-4.719747	-0.064020
2.466616	-4.725027	-0.063800
2.466726	-4.712276	-0.064910
2.466796	-4.714337	-0.064260
2.466946	-4.673885	-0.067790
2.467006	-4.717687	-0.063540
2.467016	-4.677875	-0.066850
2.467156	-4.716186	-0.063610
2.467166	-4.728747	-0.064210
2.467196	-4.726307	-0.064350
2.467296	-4.673705	-0.066250
2.467396	-4.675356	-0.067790
2.467536	-4.722257	-0.061680
2.467646	-4.694916	-0.065550
2.467646	-4.679176	-0.066320
2.467656	-4.724537	-0.060990
2.467736	-4.721997	-0.059970
2.467926	-4.680786	-0.066850
2.467946	-4.723907	-0.063910
2.467976	-4.728267	-0.065430
2.468136	-4.723647	-0.062190
2.468236	-4.729187	-0.063130
2.468276	-4.697926	-0.065060
2.468296	-4.726897	-0.062670
2.468416	-4.705746	-0.065200
2.468416	-4.702376	-0.065130
2.468476	-4.731057	-0.063630
2.468516	-4.703956	-0.065170
2.468586	-4.671786	-0.066180
2.468696	-4.720366	-0.059500
2.468706	-4.724977	-0.062780
2.468766	-4.730427	-0.065390
2.468906	-4.707176	-0.064670
2.468936	-4.708796	-0.064710
2.468976	-4.700346	-0.064570
2.469076	-4.676266	-0.067270
2.469326	-4.723997	-0.061110
2.469336	-4.721667	-0.060090
2.469466	-4.710896	-0.063690
2.469576	-4.713386	-0.064780
2.469786	-4.727567	-0.062710
2.469816	-4.712016	-0.062680
2.469886	-4.729847	-0.063770
2.470166	-4.716047	-0.062220
2.470286	-4.727787	-0.066160
2.470346	-4.713557	-0.063200
2.470416	-4.708616	-0.063620
2.470586	-4.718746	-0.061200
2.470656	-4.715136	-0.063730
2.470676	-4.730737	-0.064920
2.470706	-4.722817	-0.060660
2.470726	-4.717487	-0.060190
2.470766	-4.714466	-0.061660
2.470866	-4.701046	-0.065550
2.471216	-4.716117	-0.060640
2.471346	-4.723827	-0.061800
2.471396	-4.720776	-0.063270
2.471746	-4.726687	-0.062870
2.471956	-4.717976	-0.063240
2.471986	-4.721517	-0.060790
2.472126	-4.728257	-0.063940
2.472126	-4.716717	-0.064220
2.472196	-4.719056	-0.061170
2.472266	-4.716647	-0.062190
2.472276	-4.729097	-0.065660
2.472306	-4.720257	-0.059660
2.472376	-4.713597	-0.061100
2.472376	-4.711276	-0.061590
2.472406	-4.714816	-0.064180
2.472686	-4.730637	-0.064450
2.472806	-4.724887	-0.062410
2.473046	-4.719197	-0.063200
2.473046	-4.713207	-0.064670
2.473776	-4.716367	-0.064180
2.473916	-4.719867	-0.061660
2.473986	-4.717517	-0.062150
2.474276	-4.725807	-0.063050
2.474656	-4.720607	-0.063200
2.474796	-4.719907	-0.060080
2.474796	-4.718256	-0.064180
2.475036	-4.719237	-0.062640
2.488356	-4.777828	-0.045930
2.488606	-4.776238	-0.046560
